stage,tree_node,var_name,var_idx,var_value
Stage1,Root,DG_site,0,0.0
Stage1,Root,DG_site,1,0.0
Stage1,Root,DG_site,10,0.0
Stage1,Root,DG_site,11,0.0
Stage1,Root,DG_site,12,0.0
Stage1,Root,DG_site,13,0.0
Stage1,Root,DG_site,14,0.0
Stage1,Root,DG_site,15,0.0
Stage1,Root,DG_site,16,0.0
Stage1,Root,DG_site,17,0.0
Stage1,Root,DG_site,18,0.0
Stage1,Root,DG_site,19,0.0
Stage1,Root,DG_site,2,0.0
Stage1,Root,DG_site,20,0.0
Stage1,Root,DG_site,21,0.0
Stage1,Root,DG_site,22,0.0
Stage1,Root,DG_site,23,0.0
Stage1,Root,DG_site,24,0.0
Stage1,Root,DG_site,25,0.0
Stage1,Root,DG_site,26,0.0
Stage1,Root,DG_site,27,0.0
Stage1,Root,DG_site,28,0.0
Stage1,Root,DG_site,29,0.0
Stage1,Root,DG_site,3,0.0
Stage1,Root,DG_site,30,0.0
Stage1,Root,DG_site,31,0.0
Stage1,Root,DG_site,32,0.0
Stage1,Root,DG_site,33,0.0
Stage1,Root,DG_site,34,0.0
Stage1,Root,DG_site,35,0.0
Stage1,Root,DG_site,36,0.0
Stage1,Root,DG_site,37,0.0
Stage1,Root,DG_site,38,0.0
Stage1,Root,DG_site,39,0.0
Stage1,Root,DG_site,4,0.0
Stage1,Root,DG_site,40,0.0
Stage1,Root,DG_site,41,0.0
Stage1,Root,DG_site,42,0.0
Stage1,Root,DG_site,43,0.0
Stage1,Root,DG_site,44,0.0
Stage1,Root,DG_site,45,0.0
Stage1,Root,DG_site,46,0.0
Stage1,Root,DG_site,47,0.0
Stage1,Root,DG_site,48,0.0
Stage1,Root,DG_site,49,0.0
Stage1,Root,DG_site,5,0.0
Stage1,Root,DG_site,50,0.0
Stage1,Root,DG_site,51,0.0
Stage1,Root,DG_site,52,0.0
Stage1,Root,DG_site,53,0.0
Stage1,Root,DG_site,54,0.0
Stage1,Root,DG_site,55,0.0
Stage1,Root,DG_site,56,0.0
Stage1,Root,DG_site,57,0.0
Stage1,Root,DG_site,58,0.0
Stage1,Root,DG_site,59,0.0
Stage1,Root,DG_site,6,0.0
Stage1,Root,DG_site,60,0.0
Stage1,Root,DG_site,61,0.0
Stage1,Root,DG_site,62,0.0
Stage1,Root,DG_site,63,0.0
Stage1,Root,DG_site,64,0.0
Stage1,Root,DG_site,65,0.0
Stage1,Root,DG_site,66,0.0
Stage1,Root,DG_site,67,0.0
Stage1,Root,DG_site,68,0.0
Stage1,Root,DG_site,69,0.0
Stage1,Root,DG_site,7,0.0
Stage1,Root,DG_site,70,0.0
Stage1,Root,DG_site,71,0.0
Stage1,Root,DG_site,72,0.0
Stage1,Root,DG_site,8,0.0
Stage1,Root,DG_site,9,0.0
Stage1,Root,DG_size,0,0.0
Stage1,Root,DG_size,1,0.0
Stage1,Root,DG_size,10,0.0
Stage1,Root,DG_size,11,0.0
Stage1,Root,DG_size,12,0.0
Stage1,Root,DG_size,13,0.0
Stage1,Root,DG_size,14,0.0
Stage1,Root,DG_size,15,0.0
Stage1,Root,DG_size,16,0.0
Stage1,Root,DG_size,17,0.0
Stage1,Root,DG_size,18,0.0
Stage1,Root,DG_size,19,0.0
Stage1,Root,DG_size,2,0.0
Stage1,Root,DG_size,20,0.0
Stage1,Root,DG_size,21,0.0
Stage1,Root,DG_size,22,0.0
Stage1,Root,DG_size,23,0.0
Stage1,Root,DG_size,24,0.0
Stage1,Root,DG_size,25,0.0
Stage1,Root,DG_size,26,0.0
Stage1,Root,DG_size,27,0.0
Stage1,Root,DG_size,28,0.0
Stage1,Root,DG_size,29,0.0
Stage1,Root,DG_size,3,0.0
Stage1,Root,DG_size,30,0.0
Stage1,Root,DG_size,31,0.0
Stage1,Root,DG_size,32,0.0
Stage1,Root,DG_size,33,0.0
Stage1,Root,DG_size,34,0.0
Stage1,Root,DG_size,35,0.0
Stage1,Root,DG_size,36,0.0
Stage1,Root,DG_size,37,0.0
Stage1,Root,DG_size,38,0.0
Stage1,Root,DG_size,39,0.0
Stage1,Root,DG_size,4,0.0
Stage1,Root,DG_size,40,0.0
Stage1,Root,DG_size,41,0.0
Stage1,Root,DG_size,42,0.0
Stage1,Root,DG_size,43,0.0
Stage1,Root,DG_size,44,0.0
Stage1,Root,DG_size,45,0.0
Stage1,Root,DG_size,46,0.0
Stage1,Root,DG_size,47,0.0
Stage1,Root,DG_size,48,0.0
Stage1,Root,DG_size,49,0.0
Stage1,Root,DG_size,5,0.0
Stage1,Root,DG_size,50,0.0
Stage1,Root,DG_size,51,0.0
Stage1,Root,DG_size,52,0.0
Stage1,Root,DG_size,53,0.0
Stage1,Root,DG_size,54,0.0
Stage1,Root,DG_size,55,0.0
Stage1,Root,DG_size,56,0.0
Stage1,Root,DG_size,57,0.0
Stage1,Root,DG_size,58,0.0
Stage1,Root,DG_size,59,0.0
Stage1,Root,DG_size,6,0.0
Stage1,Root,DG_size,60,0.0
Stage1,Root,DG_size,61,0.0
Stage1,Root,DG_size,62,0.0
Stage1,Root,DG_size,63,0.0
Stage1,Root,DG_size,64,0.0
Stage1,Root,DG_size,65,0.0
Stage1,Root,DG_size,66,0.0
Stage1,Root,DG_size,67,0.0
Stage1,Root,DG_size,68,0.0
Stage1,Root,DG_size,69,0.0
Stage1,Root,DG_size,7,0.0
Stage1,Root,DG_size,70,0.0
Stage1,Root,DG_size,71,0.0
Stage1,Root,DG_size,72,0.0
Stage1,Root,DG_size,8,0.0
Stage1,Root,DG_size,9,0.0
Stage1,Root,Pij_ss,0,0.3622830019080624
Stage1,Root,Pij_ss,1,0.059871230318332073
Stage1,Root,Pij_ss,10,0.7390338652510227
Stage1,Root,Pij_ss,100,-0.43758863736256276
Stage1,Root,Pij_ss,101,-1.4397886680054466
Stage1,Root,Pij_ss,102,-2.154028055550827
Stage1,Root,Pij_ss,103,-0.6027133748630449
Stage1,Root,Pij_ss,104,-0.6027133748630449
Stage1,Root,Pij_ss,105,1.634454805276919
Stage1,Root,Pij_ss,106,0.416775459863682
Stage1,Root,Pij_ss,107,-3.610592183419955
Stage1,Root,Pij_ss,108,0.6114034389410272
Stage1,Root,Pij_ss,109,-0.19462797907734536
Stage1,Root,Pij_ss,11,1.3539661347489775
Stage1,Root,Pij_ss,110,-0.4734726355982805
Stage1,Root,Pij_ss,111,-0.4734726355982805
Stage1,Root,Pij_ss,112,-1.7692960917099771
Stage1,Root,Pij_ss,113,-1.7692960917099771
Stage1,Root,Pij_ss,114,-1.4152960917099766
Stage1,Root,Pij_ss,115,-1.4152960917099766
Stage1,Root,Pij_ss,116,-0.24537202092265228
Stage1,Root,Pij_ss,117,-1.8533263574053038
Stage1,Root,Pij_ss,118,1.3513487101375883
Stage1,Root,Pij_ss,119,-1.8533263574053038
Stage1,Root,Pij_ss,12,-0.6047735899014703
Stage1,Root,Pij_ss,13,-0.3661925448475074
Stage1,Root,Pij_ss,14,-0.6612081964417941
Stage1,Root,Pij_ss,15,-0.5940447572524349
Stage1,Root,Pij_ss,16,-1.132695350575275
Stage1,Root,Pij_ss,17,-1.0645393482451861
Stage1,Root,Pij_ss,18,-0.07818641061202924
Stage1,Root,Pij_ss,19,-1.715717136405039
Stage1,Root,Pij_ss,2,1.2638457677736055
Stage1,Root,Pij_ss,20,-0.19924850975084885
Stage1,Root,Pij_ss,21,-1.4593355957467737
Stage1,Root,Pij_ss,22,-1.5171451071194977
Stage1,Root,Pij_ss,23,1.1457101867566155
Stage1,Root,Pij_ss,24,-3.6557171364050385
Stage1,Root,Pij_ss,25,1.9880663724816179
Stage1,Root,Pij_ss,26,-2.779272427357954
Stage1,Root,Pij_ss,27,-2.779272427357954
Stage1,Root,Pij_ss,28,2.000478482234289
Stage1,Root,Pij_ss,29,-5.000000000000002
Stage1,Root,Pij_ss,3,0.69617092365462
Stage1,Root,Pij_ss,30,3.7323492360765815
Stage1,Root,Pij_ss,31,-1.3811287878787883
Stage1,Root,Pij_ss,32,-3.6188712121212125
Stage1,Root,Pij_ss,33,-0.7940643939393935
Stage1,Root,Pij_ss,34,-0.7940643939393935
Stage1,Root,Pij_ss,35,1.29417461803829
Stage1,Root,Pij_ss,36,1.29417461803829
Stage1,Root,Pij_ss,37,0.6541746180382901
Stage1,Root,Pij_ss,38,0.6541746180382901
Stage1,Root,Pij_ss,39,-5.000000000000002
Stage1,Root,Pij_ss,4,0.9251120782534428
Stage1,Root,Pij_ss,40,1.9168685332103022
Stage1,Root,Pij_ss,41,-0.02526315845258143
Stage1,Root,Pij_ss,42,-0.6334276099723848
Stage1,Root,Pij_ss,43,0.39869076842496265
Stage1,Root,Pij_ss,44,0.12976772235431394
Stage1,Root,Pij_ss,45,0.35496911919310176
Stage1,Root,Pij_ss,46,0.725343574367088
Stage1,Root,Pij_ss,47,-1.804805049590492
Stage1,Root,Pij_ss,48,-0.6102322776456862
Stage1,Root,Pij_ss,49,-0.3113092315750375
Stage1,Root,Pij_ss,5,0.8753497125526211
Stage1,Root,Pij_ss,50,-1.0050308808068988
Stage1,Root,Pij_ss,51,-0.4400000000000022
Stage1,Root,Pij_ss,52,-1.238123767551541
Stage1,Root,Pij_ss,53,-0.9118762324484614
Stage1,Root,Pij_ss,54,-1.1924298612470778
Stage1,Root,Pij_ss,55,-1.6805826095830598
Stage1,Root,Pij_ss,56,-1.841424758234875
Stage1,Root,Pij_ss,57,-2.336791586595526
Stage1,Root,Pij_ss,58,-1.9673417345719846
Stage1,Root,Pij_ss,59,-1.066512884909968
Stage1,Root,Pij_ss,6,-2.000478482234289
Stage1,Root,Pij_ss,60,-1.087446405696378
Stage1,Root,Pij_ss,61,-1.9299277904822068
Stage1,Root,Pij_ss,62,-1.5517881402683655
Stage1,Root,Pij_ss,63,-3.0065128849099674
Stage1,Root,Pij_ss,64,0.5115643226747999
Stage1,Root,Pij_ss,65,-1.678276375181068
Stage1,Root,Pij_ss,66,-1.678276375181068
Stage1,Root,Pij_ss,67,1.804805049590492
Stage1,Root,Pij_ss,68,-3.260315782848166
Stage1,Root,Pij_ss,69,1.165367220612999
Stage1,Root,Pij_ss,7,0.22417092365461994
Stage1,Root,Pij_ss,70,-0.12862687093675218
Stage1,Root,Pij_ss,71,-1.2148203787011118
Stage1,Root,Pij_ss,72,-0.16781343546837607
Stage1,Root,Pij_ss,73,-0.16781343546837607
Stage1,Root,Pij_ss,74,-0.32231638969350057
Stage1,Root,Pij_ss,75,-0.32231638969350057
Stage1,Root,Pij_ss,76,-0.9623163896935011
Stage1,Root,Pij_ss,77,-0.9623163896935011
Stage1,Root,Pij_ss,78,-1.7851796212988895
Stage1,Root,Pij_ss,79,0.0953022817812234
Stage1,Root,Pij_ss,8,0.553845767773606
Stage1,Root,Pij_ss,80,-0.21763770120062328
Stage1,Root,Pij_ss,81,0.01233541941939419
Stage1,Root,Pij_ss,82,-0.06880758230817968
Stage1,Root,Pij_ss,83,0.08410986408939959
Stage1,Root,Pij_ss,84,-0.38318289592370497
Stage1,Root,Pij_ss,85,-1.634454805276919
Stage1,Root,Pij_ss,86,-0.8088075823081798
Stage1,Root,Pij_ss,87,-0.697664580580606
Stage1,Root,Pij_ss,88,-1.2758901359106014
Stage1,Root,Pij_ss,89,-0.5200000000000002
Stage1,Root,Pij_ss,9,-0.43488792174655744
Stage1,Root,Pij_ss,90,-1.2094677185691143
Stage1,Root,Pij_ss,91,-1.0205322814308868
Stage1,Root,Pij_ss,92,-1.7501886665881081
Stage1,Root,Pij_ss,93,-2.401269530212891
Stage1,Root,Pij_ss,94,-2.1416921248066
Stage1,Root,Pij_ss,95,-2.8023948731154933
Stage1,Root,Pij_ss,96,-4.392092123389263
Stage1,Root,Pij_ss,97,0.5002113319945551
Stage1,Root,Pij_ss,98,-3.2185188667055895
Stage1,Root,Pij_ss,99,-1.9851455366227952
Stage1,Root,bus_gen_ss,0:0,0.20000000000000007
Stage1,Root,bus_gen_ss,0:1,0.20000000000000007
Stage1,Root,bus_gen_ss,0:113,0.2590000000000002
Stage1,Root,bus_gen_ss,0:117,0.267
Stage1,Root,bus_gen_ss,0:118,0.26200000000000007
Stage1,Root,bus_gen_ss,0:119,0.25799999999999995
Stage1,Root,bus_gen_ss,0:2,0.6600000000000001
Stage1,Root,bus_gen_ss,0:3,0.6600000000000001
Stage1,Root,bus_gen_ss,1:112,0.25600000000000017
Stage1,Root,bus_gen_ss,1:114,0.25300000000000006
Stage1,Root,bus_gen_ss,1:4,0.2000000000000001
Stage1,Root,bus_gen_ss,1:5,0.20000000000000007
Stage1,Root,bus_gen_ss,1:6,0.6600000000000001
Stage1,Root,bus_gen_ss,1:7,0.6600000000000001
Stage1,Root,bus_gen_ss,12:10,0.40499999999999897
Stage1,Root,bus_gen_ss,12:109,0.9360000000000003
Stage1,Root,bus_gen_ss,12:11,0.40499999999999897
Stage1,Root,bus_gen_ss,12:12,0.40499999999999897
Stage1,Root,bus_gen_ss,12:9,0.40499999999999897
Stage1,Root,bus_gen_ss,13:72,0.0
Stage1,Root,bus_gen_ss,14:13,0.09999999999999896
Stage1,Root,bus_gen_ss,14:14,0.09999999999999896
Stage1,Root,bus_gen_ss,14:15,1.4000000000000006
Stage1,Root,bus_gen_ss,15:16,1.4000000000000006
Stage1,Root,bus_gen_ss,17:141,0.09300000000000005
Stage1,Root,bus_gen_ss,17:142,0.09700000000000004
Stage1,Root,bus_gen_ss,17:143,0.09400000000000001
Stage1,Root,bus_gen_ss,17:144,0.09100000000000003
Stage1,Root,bus_gen_ss,17:145,0.09100000000000004
Stage1,Root,bus_gen_ss,17:146,0.09700000000000004
Stage1,Root,bus_gen_ss,17:148,0.11800000000000004
Stage1,Root,bus_gen_ss,17:149,0.112
Stage1,Root,bus_gen_ss,17:150,0.10300000000000004
Stage1,Root,bus_gen_ss,17:151,0.045000000000000005
Stage1,Root,bus_gen_ss,17:17,2.1820000000000004
Stage1,Root,bus_gen_ss,18:121,0.6660000000000003
Stage1,Root,bus_gen_ss,2:120,0.6150000000000003
Stage1,Root,bus_gen_ss,20:73,4.0
Stage1,Root,bus_gen_ss,21:156,7.135
Stage1,Root,bus_gen_ss,21:74,0.0
Stage1,Root,bus_gen_ss,21:75,0.0
Stage1,Root,bus_gen_ss,21:76,0.0
Stage1,Root,bus_gen_ss,21:77,0.5
Stage1,Root,bus_gen_ss,21:78,0.4838712121212137
Stage1,Root,bus_gen_ss,21:79,0.5
Stage1,Root,bus_gen_ss,22:18,0.7699999999999984
Stage1,Root,bus_gen_ss,22:19,1.5999999999999988
Stage1,Root,bus_gen_ss,22:20,0.40499999999999897
Stage1,Root,bus_gen_ss,22:21,0.40499999999999897
Stage1,Root,bus_gen_ss,22:22,0.40499999999999897
Stage1,Root,bus_gen_ss,24:23,0.07999999999999831
Stage1,Root,bus_gen_ss,24:24,0.07999999999999831
Stage1,Root,bus_gen_ss,24:25,0.6600000000000001
Stage1,Root,bus_gen_ss,24:80,0.0
Stage1,Root,bus_gen_ss,25:26,0.07999999999999831
Stage1,Root,bus_gen_ss,25:27,0.07999999999999831
Stage1,Root,bus_gen_ss,25:28,0.6600000000000001
Stage1,Root,bus_gen_ss,25:29,0.6600000000000001
Stage1,Root,bus_gen_ss,3:115,0.26800000000000007
Stage1,Root,bus_gen_ss,30:30,0.40499999999999897
Stage1,Root,bus_gen_ss,30:31,0.40499999999999897
Stage1,Root,bus_gen_ss,35:116,1.0
Stage1,Root,bus_gen_ss,36:152,0.0
Stage1,Root,bus_gen_ss,36:32,3.3429999999999995
Stage1,Root,bus_gen_ss,36:33,0.40499999999999897
Stage1,Root,bus_gen_ss,36:34,0.40499999999999897
Stage1,Root,bus_gen_ss,37:81,0.0
Stage1,Root,bus_gen_ss,38:111,0.0
Stage1,Root,bus_gen_ss,38:35,0.40499999999999897
Stage1,Root,bus_gen_ss,38:36,0.40499999999999897
Stage1,Root,bus_gen_ss,38:82,0.17410643514654367
Stage1,Root,bus_gen_ss,38:83,0.0
Stage1,Root,bus_gen_ss,38:84,0.0
Stage1,Root,bus_gen_ss,39:37,1.4000000000000006
Stage1,Root,bus_gen_ss,41:38,3.123
Stage1,Root,bus_gen_ss,44:39,1.906999999999999
Stage1,Root,bus_gen_ss,45:85,0.5
Stage1,Root,bus_gen_ss,45:86,0.5
Stage1,Root,bus_gen_ss,45:87,0.5
Stage1,Root,bus_gen_ss,45:88,0.5
Stage1,Root,bus_gen_ss,45:89,0.5
Stage1,Root,bus_gen_ss,45:90,0.5
Stage1,Root,bus_gen_ss,46:40,0.6199999999999986
Stage1,Root,bus_gen_ss,46:41,0.6199999999999986
Stage1,Root,bus_gen_ss,46:42,1.5999999999999988
Stage1,Root,bus_gen_ss,46:43,0.40499999999999897
Stage1,Root,bus_gen_ss,46:44,0.40499999999999897
Stage1,Root,bus_gen_ss,46:45,0.40499999999999897
Stage1,Root,bus_gen_ss,48:46,0.07999999999999831
Stage1,Root,bus_gen_ss,48:47,0.07999999999999831
Stage1,Root,bus_gen_ss,48:48,0.40499999999999897
Stage1,Root,bus_gen_ss,48:49,0.40499999999999897
Stage1,Root,bus_gen_ss,49:50,0.07999999999999831
Stage1,Root,bus_gen_ss,49:51,0.07999999999999831
Stage1,Root,bus_gen_ss,49:52,0.36500000000000016
Stage1,Root,bus_gen_ss,49:53,0.36500000000000016
Stage1,Root,bus_gen_ss,50:155,0.0
Stage1,Root,bus_gen_ss,54:54,0.36500000000000016
Stage1,Root,bus_gen_ss,54:55,0.36500000000000016
Stage1,Root,bus_gen_ss,55:122,0.0
Stage1,Root,bus_gen_ss,56:153,0.0
Stage1,Root,bus_gen_ss,57:103,0.0
Stage1,Root,bus_gen_ss,57:106,0.0
Stage1,Root,bus_gen_ss,59:105,0.0
Stage1,Root,bus_gen_ss,6:8,3.3429999999999995
Stage1,Root,bus_gen_ss,60:102,0.9330000000000002
Stage1,Root,bus_gen_ss,60:123,1.0170000000000003
Stage1,Root,bus_gen_ss,60:124,0.6309999999999999
Stage1,Root,bus_gen_ss,60:125,0.6540000000000005
Stage1,Root,bus_gen_ss,60:126,0.6700000000000002
Stage1,Root,bus_gen_ss,60:127,0.0
Stage1,Root,bus_gen_ss,60:128,0.53602235273229
Stage1,Root,bus_gen_ss,60:129,0.641
Stage1,Root,bus_gen_ss,60:130,0.6660000000000003
Stage1,Root,bus_gen_ss,60:131,0.0
Stage1,Root,bus_gen_ss,60:132,0.0
Stage1,Root,bus_gen_ss,60:133,0.6520000000000004
Stage1,Root,bus_gen_ss,60:134,0.0
Stage1,Root,bus_gen_ss,60:138,0.272
Stage1,Root,bus_gen_ss,60:157,0.5
Stage1,Root,bus_gen_ss,60:56,1.6999999999999986
Stage1,Root,bus_gen_ss,60:99,0.951
Stage1,Root,bus_gen_ss,61:100,0.0
Stage1,Root,bus_gen_ss,61:101,0.0
Stage1,Root,bus_gen_ss,61:91,0.0
Stage1,Root,bus_gen_ss,61:97,0.0
Stage1,Root,bus_gen_ss,61:98,0.0
Stage1,Root,bus_gen_ss,62:57,0.07
Stage1,Root,bus_gen_ss,62:58,0.07
Stage1,Root,bus_gen_ss,62:59,0.07
Stage1,Root,bus_gen_ss,62:60,0.07
Stage1,Root,bus_gen_ss,62:61,0.07
Stage1,Root,bus_gen_ss,62:62,0.36500000000000055
Stage1,Root,bus_gen_ss,62:63,0.36500000000000055
Stage1,Root,bus_gen_ss,62:64,0.36500000000000055
Stage1,Root,bus_gen_ss,63:65,1.4000000000000006
Stage1,Root,bus_gen_ss,64:154,0.0
Stage1,Root,bus_gen_ss,65:66,3.123
Stage1,Root,bus_gen_ss,66:110,1.882
Stage1,Root,bus_gen_ss,67:135,0.273
Stage1,Root,bus_gen_ss,67:136,0.2700000000000001
Stage1,Root,bus_gen_ss,67:137,0.2830000000000003
Stage1,Root,bus_gen_ss,67:139,0.2700000000000001
Stage1,Root,bus_gen_ss,67:140,0.28200000000000003
Stage1,Root,bus_gen_ss,67:147,0.09400000000000001
Stage1,Root,bus_gen_ss,67:96,0.5159999999999996
Stage1,Root,bus_gen_ss,68:67,1.906999999999999
Stage1,Root,bus_gen_ss,69:68,0.2199999999999989
Stage1,Root,bus_gen_ss,69:69,0.2199999999999989
Stage1,Root,bus_gen_ss,69:92,0.0
Stage1,Root,bus_gen_ss,69:93,0.0
Stage1,Root,bus_gen_ss,69:94,0.0
Stage1,Root,bus_gen_ss,69:95,0.0
Stage1,Root,bus_gen_ss,70:70,1.6999999999999986
Stage1,Root,bus_gen_ss,70:71,1.6999999999999986
Stage1,Root,bus_gen_ss,71:104,0.0
Stage1,Root,bus_gen_ss,71:107,0.0
Stage1,Root,bus_gen_ss,71:108,0.0
Stage1,Root,eta,None,27.453684210526312
Stage1,Root,harden,0,0.0
Stage1,Root,harden,1,0.0
Stage1,Root,harden,10,1.0
Stage1,Root,harden,100,0.0
Stage1,Root,harden,101,0.0
Stage1,Root,harden,102,0.0
Stage1,Root,harden,103,0.0
Stage1,Root,harden,104,0.0
Stage1,Root,harden,105,0.0
Stage1,Root,harden,106,0.0
Stage1,Root,harden,107,0.0
Stage1,Root,harden,108,0.0
Stage1,Root,harden,109,0.0
Stage1,Root,harden,11,0.0
Stage1,Root,harden,110,0.0
Stage1,Root,harden,111,0.0
Stage1,Root,harden,112,0.0
Stage1,Root,harden,113,0.0
Stage1,Root,harden,114,0.0
Stage1,Root,harden,115,0.0
Stage1,Root,harden,116,0.0
Stage1,Root,harden,117,0.0
Stage1,Root,harden,118,0.0
Stage1,Root,harden,119,0.0
Stage1,Root,harden,12,0.0
Stage1,Root,harden,13,0.0
Stage1,Root,harden,14,0.0
Stage1,Root,harden,15,0.0
Stage1,Root,harden,16,0.0
Stage1,Root,harden,17,0.0
Stage1,Root,harden,18,0.0
Stage1,Root,harden,19,0.0
Stage1,Root,harden,2,0.0
Stage1,Root,harden,20,0.0
Stage1,Root,harden,21,0.0
Stage1,Root,harden,22,0.0
Stage1,Root,harden,23,0.0
Stage1,Root,harden,24,0.0
Stage1,Root,harden,25,0.0
Stage1,Root,harden,26,0.0
Stage1,Root,harden,27,0.0
Stage1,Root,harden,28,0.0
Stage1,Root,harden,29,0.0
Stage1,Root,harden,3,0.0
Stage1,Root,harden,30,0.0
Stage1,Root,harden,31,0.0
Stage1,Root,harden,32,0.0
Stage1,Root,harden,33,0.0
Stage1,Root,harden,34,0.0
Stage1,Root,harden,35,0.0
Stage1,Root,harden,36,0.0
Stage1,Root,harden,37,0.0
Stage1,Root,harden,38,1.0
Stage1,Root,harden,39,0.0
Stage1,Root,harden,4,0.0
Stage1,Root,harden,40,0.0
Stage1,Root,harden,41,0.0
Stage1,Root,harden,42,0.0
Stage1,Root,harden,43,0.0
Stage1,Root,harden,44,0.0
Stage1,Root,harden,45,0.0
Stage1,Root,harden,46,0.0
Stage1,Root,harden,47,0.0
Stage1,Root,harden,48,0.0
Stage1,Root,harden,49,0.0
Stage1,Root,harden,5,0.0
Stage1,Root,harden,50,0.0
Stage1,Root,harden,51,0.0
Stage1,Root,harden,52,0.0
Stage1,Root,harden,53,0.0
Stage1,Root,harden,54,0.0
Stage1,Root,harden,55,0.0
Stage1,Root,harden,56,0.0
Stage1,Root,harden,57,1.0
Stage1,Root,harden,58,0.0
Stage1,Root,harden,59,0.0
Stage1,Root,harden,6,0.0
Stage1,Root,harden,60,0.0
Stage1,Root,harden,61,0.0
Stage1,Root,harden,62,0.0
Stage1,Root,harden,63,0.0
Stage1,Root,harden,64,0.0
Stage1,Root,harden,65,0.0
Stage1,Root,harden,66,0.0
Stage1,Root,harden,67,0.0
Stage1,Root,harden,68,0.0
Stage1,Root,harden,69,0.0
Stage1,Root,harden,7,0.0
Stage1,Root,harden,70,0.0
Stage1,Root,harden,71,0.0
Stage1,Root,harden,72,0.0
Stage1,Root,harden,73,0.0
Stage1,Root,harden,74,0.0
Stage1,Root,harden,75,0.0
Stage1,Root,harden,76,0.0
Stage1,Root,harden,77,0.0
Stage1,Root,harden,78,0.0
Stage1,Root,harden,79,0.0
Stage1,Root,harden,8,0.0
Stage1,Root,harden,80,0.0
Stage1,Root,harden,81,0.0
Stage1,Root,harden,82,0.0
Stage1,Root,harden,83,0.0
Stage1,Root,harden,84,0.0
Stage1,Root,harden,85,0.0
Stage1,Root,harden,86,0.0
Stage1,Root,harden,87,0.0
Stage1,Root,harden,88,0.0
Stage1,Root,harden,89,0.0
Stage1,Root,harden,9,0.0
Stage1,Root,harden,90,0.0
Stage1,Root,harden,91,0.0
Stage1,Root,harden,92,0.0
Stage1,Root,harden,93,0.0
Stage1,Root,harden,94,0.0
Stage1,Root,harden,95,0.0
Stage1,Root,harden,96,0.0
Stage1,Root,harden,97,0.0
Stage1,Root,harden,98,0.0
Stage1,Root,harden,99,0.0
Stage1,Root,linecap_upgrade,0,0.0
Stage1,Root,linecap_upgrade,1,0.0
Stage1,Root,linecap_upgrade,10,1.0
Stage1,Root,linecap_upgrade,100,0.0
Stage1,Root,linecap_upgrade,101,0.0
Stage1,Root,linecap_upgrade,102,0.0
Stage1,Root,linecap_upgrade,103,0.0
Stage1,Root,linecap_upgrade,104,0.0
Stage1,Root,linecap_upgrade,105,0.0
Stage1,Root,linecap_upgrade,106,0.0
Stage1,Root,linecap_upgrade,107,0.0
Stage1,Root,linecap_upgrade,108,0.0
Stage1,Root,linecap_upgrade,109,0.0
Stage1,Root,linecap_upgrade,11,0.0
Stage1,Root,linecap_upgrade,110,0.0
Stage1,Root,linecap_upgrade,111,0.0
Stage1,Root,linecap_upgrade,112,0.0
Stage1,Root,linecap_upgrade,113,0.0
Stage1,Root,linecap_upgrade,114,0.0
Stage1,Root,linecap_upgrade,115,0.0
Stage1,Root,linecap_upgrade,116,0.0
Stage1,Root,linecap_upgrade,117,0.0
Stage1,Root,linecap_upgrade,118,0.0
Stage1,Root,linecap_upgrade,119,0.0
Stage1,Root,linecap_upgrade,12,0.0
Stage1,Root,linecap_upgrade,13,0.0
Stage1,Root,linecap_upgrade,14,0.0
Stage1,Root,linecap_upgrade,15,0.0
Stage1,Root,linecap_upgrade,16,0.0
Stage1,Root,linecap_upgrade,17,0.0
Stage1,Root,linecap_upgrade,18,0.0
Stage1,Root,linecap_upgrade,19,0.0
Stage1,Root,linecap_upgrade,2,0.0
Stage1,Root,linecap_upgrade,20,0.0
Stage1,Root,linecap_upgrade,21,0.0
Stage1,Root,linecap_upgrade,22,0.0
Stage1,Root,linecap_upgrade,23,0.0
Stage1,Root,linecap_upgrade,24,0.0
Stage1,Root,linecap_upgrade,25,0.0
Stage1,Root,linecap_upgrade,26,0.0
Stage1,Root,linecap_upgrade,27,0.0
Stage1,Root,linecap_upgrade,28,0.0
Stage1,Root,linecap_upgrade,29,0.0
Stage1,Root,linecap_upgrade,3,0.0
Stage1,Root,linecap_upgrade,30,0.0
Stage1,Root,linecap_upgrade,31,0.0
Stage1,Root,linecap_upgrade,32,0.0
Stage1,Root,linecap_upgrade,33,0.0
Stage1,Root,linecap_upgrade,34,0.0
Stage1,Root,linecap_upgrade,35,0.0
Stage1,Root,linecap_upgrade,36,0.0
Stage1,Root,linecap_upgrade,37,0.0
Stage1,Root,linecap_upgrade,38,0.0
Stage1,Root,linecap_upgrade,39,0.0
Stage1,Root,linecap_upgrade,4,0.0
Stage1,Root,linecap_upgrade,40,0.0
Stage1,Root,linecap_upgrade,41,1.0
Stage1,Root,linecap_upgrade,42,0.0
Stage1,Root,linecap_upgrade,43,0.0
Stage1,Root,linecap_upgrade,44,0.0
Stage1,Root,linecap_upgrade,45,0.0
Stage1,Root,linecap_upgrade,46,0.0
Stage1,Root,linecap_upgrade,47,0.0
Stage1,Root,linecap_upgrade,48,0.0
Stage1,Root,linecap_upgrade,49,0.0
Stage1,Root,linecap_upgrade,5,0.0
Stage1,Root,linecap_upgrade,50,0.0
Stage1,Root,linecap_upgrade,51,0.0
Stage1,Root,linecap_upgrade,52,0.0
Stage1,Root,linecap_upgrade,53,0.0
Stage1,Root,linecap_upgrade,54,0.0
Stage1,Root,linecap_upgrade,55,0.0
Stage1,Root,linecap_upgrade,56,0.0
Stage1,Root,linecap_upgrade,57,0.0
Stage1,Root,linecap_upgrade,58,0.0
Stage1,Root,linecap_upgrade,59,0.0
Stage1,Root,linecap_upgrade,6,0.0
Stage1,Root,linecap_upgrade,60,0.0
Stage1,Root,linecap_upgrade,61,0.0
Stage1,Root,linecap_upgrade,62,0.0
Stage1,Root,linecap_upgrade,63,0.0
Stage1,Root,linecap_upgrade,64,0.0
Stage1,Root,linecap_upgrade,65,0.0
Stage1,Root,linecap_upgrade,66,0.0
Stage1,Root,linecap_upgrade,67,0.0
Stage1,Root,linecap_upgrade,68,0.0
Stage1,Root,linecap_upgrade,69,0.0
Stage1,Root,linecap_upgrade,7,0.0
Stage1,Root,linecap_upgrade,70,0.0
Stage1,Root,linecap_upgrade,71,0.0
Stage1,Root,linecap_upgrade,72,0.0
Stage1,Root,linecap_upgrade,73,0.0
Stage1,Root,linecap_upgrade,74,0.0
Stage1,Root,linecap_upgrade,75,0.0
Stage1,Root,linecap_upgrade,76,0.0
Stage1,Root,linecap_upgrade,77,0.0
Stage1,Root,linecap_upgrade,78,0.0
Stage1,Root,linecap_upgrade,79,1.0
Stage1,Root,linecap_upgrade,8,0.0
Stage1,Root,linecap_upgrade,80,0.0
Stage1,Root,linecap_upgrade,81,0.0
Stage1,Root,linecap_upgrade,82,0.0
Stage1,Root,linecap_upgrade,83,0.0
Stage1,Root,linecap_upgrade,84,0.0
Stage1,Root,linecap_upgrade,85,0.0
Stage1,Root,linecap_upgrade,86,0.0
Stage1,Root,linecap_upgrade,87,0.0
Stage1,Root,linecap_upgrade,88,0.0
Stage1,Root,linecap_upgrade,89,0.0
Stage1,Root,linecap_upgrade,9,0.0
Stage1,Root,linecap_upgrade,90,0.0
Stage1,Root,linecap_upgrade,91,0.0
Stage1,Root,linecap_upgrade,92,0.0
Stage1,Root,linecap_upgrade,93,0.0
Stage1,Root,linecap_upgrade,94,0.0
Stage1,Root,linecap_upgrade,95,0.0
Stage1,Root,linecap_upgrade,96,0.0
Stage1,Root,linecap_upgrade,97,0.0
Stage1,Root,linecap_upgrade,98,0.0
Stage1,Root,linecap_upgrade,99,0.0
Stage1,Root,theta_ss,0,0.05583876452540855
Stage1,Root,theta_ss,1,0.050766802498695716
Stage1,Root,theta_ss,10,-0.0037529477093774044
Stage1,Root,theta_ss,11,-0.009563928468040743
Stage1,Root,theta_ss,12,0.0
Stage1,Root,theta_ss,13,0.06830717201963422
Stage1,Root,theta_ss,14,0.317791611399719
Stage1,Root,theta_ss,15,0.2839944830675314
Stage1,Root,theta_ss,16,0.4139944830675316
Stage1,Root,theta_ss,17,0.4333302860978348
Stage1,Root,theta_ss,18,0.19815045063777023
Stage1,Root,theta_ss,19,0.1463834659162386
Stage1,Root,theta_ss,2,0.043205934928240486
Stage1,Root,theta_ss,20,0.45397596034025905
Stage1,Root,theta_ss,21,0.7939759603402587
Stage1,Root,theta_ss,22,0.13199162431939634
Stage1,Root,theta_ss,23,0.21376673032353602
Stage1,Root,theta_ss,24,-0.4673090308177102
Stage1,Root,theta_ss,25,-0.46695534659937393
Stage1,Root,theta_ss,26,-0.333655805113537
Stage1,Root,theta_ss,27,-0.48343584733837186
Stage1,Root,theta_ss,28,-0.5011977461338321
Stage1,Root,theta_ss,29,-0.5351094174844495
Stage1,Root,theta_ss,3,-0.037646904805440966
Stage1,Root,theta_ss,30,-0.6511021121092244
Stage1,Root,theta_ss,31,-0.6242621121092248
Stage1,Root,theta_ss,32,-0.4199716904632206
Stage1,Root,theta_ss,33,-0.4738025337552286
Stage1,Root,theta_ss,34,-0.3168026588681234
Stage1,Root,theta_ss,35,-0.2745676830820942
Stage1,Root,theta_ss,36,-0.22237025560866805
Stage1,Root,theta_ss,37,-0.2720091177019046
Stage1,Root,theta_ss,38,-0.0859282640067461
Stage1,Root,theta_ss,39,-0.0946248574922183
Stage1,Root,theta_ss,4,-0.05158812573534796
Stage1,Root,theta_ss,40,-0.009856647138166093
Stage1,Root,theta_ss,41,-0.008055870945051568
Stage1,Root,theta_ss,42,-0.12142830356631724
Stage1,Root,theta_ss,43,-0.1085356479785772
Stage1,Root,theta_ss,44,-0.003692721622873792
Stage1,Root,theta_ss,45,0.11769949262545058
Stage1,Root,theta_ss,46,-0.08736468740532019
Stage1,Root,theta_ss,47,-0.17977812658545167
Stage1,Root,theta_ss,48,-0.23431390991938628
Stage1,Root,theta_ss,49,-0.23564814186432348
Stage1,Root,theta_ss,5,-0.12685471652596528
Stage1,Root,theta_ss,50,-0.18839235496605478
Stage1,Root,theta_ss,51,-0.22690957891118452
Stage1,Root,theta_ss,52,-0.23536242057003473
Stage1,Root,theta_ss,53,-0.2517972357694882
Stage1,Root,theta_ss,54,-0.37407576391503766
Stage1,Root,theta_ss,55,-0.34235576391503775
Stage1,Root,theta_ss,56,-0.14279359035113393
Stage1,Root,theta_ss,57,-0.17396793747894151
Stage1,Root,theta_ss,58,0.008632733082069244
Stage1,Root,theta_ss,59,0.06496424940288545
Stage1,Root,theta_ss,6,-0.11566725741895165
Stage1,Root,theta_ss,60,0.21945315500475376
Stage1,Root,theta_ss,61,-0.012376142861702112
Stage1,Root,theta_ss,62,0.03595291160625506
Stage1,Root,theta_ss,63,0.07257138855061913
Stage1,Root,theta_ss,64,0.06173522659416338
Stage1,Root,theta_ss,65,0.05317557844898898
Stage1,Root,theta_ss,66,0.1556150087692781
Stage1,Root,theta_ss,67,0.22638685243767717
Stage1,Root,theta_ss,68,0.0654858669745443
Stage1,Root,theta_ss,69,0.08217116439728463
Stage1,Root,theta_ss,7,-0.16074832319926402
Stage1,Root,theta_ss,70,0.2575233664552966
Stage1,Root,theta_ss,71,-0.0490387382681447
Stage1,Root,theta_ss,72,0.27420330367194434
Stage1,Root,theta_ss,8,-0.06096068086552143
Stage1,Root,theta_ss,9,-0.10032655329942526
Stage2,Scenario1,Pij,0,0.4969835003550293
Stage2,Scenario1,Pij,1,-0.15523753510069388
Stage2,Scenario1,Pij,10,1.0522595685192395
Stage2,Scenario1,Pij,100,0.6216113236141753
Stage2,Scenario1,Pij,101,-0.5430349282325364
Stage2,Scenario1,Pij,102,-2.355980850646647
Stage2,Scenario1,Pij,103,-0.5373266714838109
Stage2,Scenario1,Pij,104,-0.5373266714838109
Stage2,Scenario1,Pij,105,1.1706341936142404
Stage2,Scenario1,Pij,106,0.39230435249268036
Stage2,Scenario1,Pij,107,-3.041320131371862
Stage2,Scenario1,Pij,108,0.8323043524926782
Stage2,Scenario1,Pij,109,-0.43999999999999767
Stage2,Scenario1,Pij,11,1.2477404314807603
Stage2,Scenario1,Pij,110,-0.31267332851618834
Stage2,Scenario1,Pij,111,-0.31267332851618834
Stage2,Scenario1,Pij,112,-2.425660065685931
Stage2,Scenario1,Pij,113,-2.425660065685931
Stage2,Scenario1,Pij,114,-2.071660065685931
Stage2,Scenario1,Pij,115,-2.071660065685931
Stage2,Scenario1,Pij,116,0.0
Stage2,Scenario1,Pij,117,-1.2325480973916374
Stage2,Scenario1,Pij,118,1.043651009525055
Stage2,Scenario1,Pij,119,-1.2325480973916374
Stage2,Scenario1,Pij,12,-0.45106475314209593
Stage2,Scenario1,Pij,13,-0.20667567833866457
Stage2,Scenario1,Pij,14,-0.8371502810011698
Stage2,Scenario1,Pij,15,-0.8427623414448986
Stage2,Scenario1,Pij,16,-1.3224775938867865
Stage2,Scenario1,Pij,17,-1.3281725911843634
Stage2,Scenario1,Pij,18,-0.6354031753542889
Stage2,Scenario1,Pij,19,-1.5242246995336668
Stage2,Scenario1,Pij,2,0.9042540347456612
Stage2,Scenario1,Pij,20,-0.6252874364044679
Stage2,Scenario1,Pij,21,-1.5456474962247935
Stage2,Scenario1,Pij,22,-1.3783219561654085
Stage2,Scenario1,Pij,23,0.6036313444066519
Stage2,Scenario1,Pij,24,-3.4642246995336667
Stage2,Scenario1,Pij,25,1.7149102514584984
Stage2,Scenario1,Pij,26,-2.7305439377110226
Stage2,Scenario1,Pij,27,-2.7305439377110226
Stage2,Scenario1,Pij,28,2.066177623963547
Stage2,Scenario1,Pij,29,-4.601857634177095
Stage2,Scenario1,Pij,3,0.5352120418331724
Stage2,Scenario1,Pij,30,3.1025431861019257
Stage2,Scenario1,Pij,31,-0.9513640271863177
Stage2,Scenario1,Pij,32,-3.6504936069907767
Stage2,Scenario1,Pij,33,-1.1531820135931588
Stage2,Scenario1,Pij,34,-1.1531820135931588
Stage2,Scenario1,Pij,35,0.9792715930509627
Stage2,Scenario1,Pij,36,0.9792715930509627
Stage2,Scenario1,Pij,37,0.3392715930509628
Stage2,Scenario1,Pij,38,0.3392715930509628
Stage2,Scenario1,Pij,39,-5.0
Stage2,Scenario1,Pij,4,0.6717714585218536
Stage2,Scenario1,Pij,40,1.424573733711719
Stage2,Scenario1,Pij,41,0.03285869466141303
Stage2,Scenario1,Pij,42,-0.7023223742968443
Stage2,Scenario1,Pij,43,0.30946367963542776
Stage2,Scenario1,Pij,44,0.05211879406192654
Stage2,Scenario1,Pij,45,0.2907399005994833
Stage2,Scenario1,Pij,46,0.7036091103378053
Stage2,Scenario1,Pij,47,-1.9581910531538893
Stage2,Scenario1,Pij,48,-0.6878812059380734
Stage2,Scenario1,Pij,49,-0.4005363203645722
Stage2,Scenario1,Pij,5,0.7259400888628533
Stage2,Scenario1,Pij,50,-1.0692600994005168
Stage2,Scenario1,Pij,51,-0.8100000000000023
Stage2,Scenario1,Pij,52,-1.4282356164344383
Stage2,Scenario1,Pij,53,-1.091764383565564
Stage2,Scenario1,Pij,54,-1.2472331803999472
Stage2,Scenario1,Pij,55,-1.915274531634761
Stage2,Scenario1,Pij,56,-1.9168234599057912
Stage2,Scenario1,Pij,57,-2.594737343424864
Stage2,Scenario1,Pij,58,-2.071519386019304
Stage2,Scenario1,Pij,59,-1.092537254286433
Stage2,Scenario1,Pij,6,-2.066177623963547
Stage2,Scenario1,Pij,60,-0.8673748504185526
Stage2,Scenario1,Pij,61,-1.6426370246410722
Stage2,Scenario1,Pij,62,-1.3528942364378562
Stage2,Scenario1,Pij,63,-3.032537254286433
Stage2,Scenario1,Pij,64,1.1643476844099079
Stage2,Scenario1,Pij,65,-1.5322519561406558
Stage2,Scenario1,Pij,66,-1.5322519561406558
Stage2,Scenario1,Pij,67,1.9581910531538893
Stage2,Scenario1,Pij,68,-3.0600698214304067
Stage2,Scenario1,Pij,69,1.4418802515538818
Stage2,Scenario1,Pij,7,-0.20478795816682763
Stage2,Scenario1,Pij,70,-0.3677941158766649
Stage2,Scenario1,Pij,71,-1.2677019718420228
Stage2,Scenario1,Pij,72,-0.3908970579383323
Stage2,Scenario1,Pij,73,-0.3908970579383323
Stage2,Scenario1,Pij,74,-0.18405987422305914
Stage2,Scenario1,Pij,75,-0.18405987422305914
Stage2,Scenario1,Pij,76,-0.8240598742230592
Stage2,Scenario1,Pij,77,-0.8240598742230592
Stage2,Scenario1,Pij,78,-1.7322980281579772
Stage2,Scenario1,Pij,79,-0.03417679524418961
Stage2,Scenario1,Pij,8,0.19425403474566122
Stage2,Scenario1,Pij,80,-0.2593768774443086
Stage2,Scenario1,Pij,81,-0.18644632731150756
Stage2,Scenario1,Pij,82,-0.3595256510091278
Stage2,Scenario1,Pij,83,-0.044651144235067664
Stage2,Scenario1,Pij,84,-0.8887426838300684
Stage2,Scenario1,Pij,85,-1.1706341936142404
Stage2,Scenario1,Pij,86,-1.0995256510091278
Stage2,Scenario1,Pij,87,-0.8964463273115075
Stage2,Scenario1,Pij,88,-1.4046511442350678
Stage2,Scenario1,Pij,89,-0.8100000000000023
Stage2,Scenario1,Pij,9,-0.6882285414781465
Stage2,Scenario1,Pij,90,-1.4592535936110207
Stage2,Scenario1,Pij,91,-1.0607464063889815
Stage2,Scenario1,Pij,92,-1.4055249277533448
Stage2,Scenario1,Pij,93,-2.308997000696871
Stage2,Scenario1,Pij,94,-2.1975100004791916
Stage2,Scenario1,Pij,95,-3.1143338774563656
Stage2,Scenario1,Pij,96,-5.0
Stage2,Scenario1,Pij,97,1.3969650717674635
Stage2,Scenario1,Pij,98,-3.3714915885192895
Stage2,Scenario1,Pij,99,-1.110839289633947
Stage2,Scenario1,bus_gen,0:0,0.0799999999999983
Stage2,Scenario1,bus_gen,0:1,0.0799999999999983
Stage2,Scenario1,bus_gen,0:113,0.259
Stage2,Scenario1,bus_gen,0:117,0.267
Stage2,Scenario1,bus_gen,0:118,0.262
Stage2,Scenario1,bus_gen,0:119,0.258
Stage2,Scenario1,bus_gen,0:2,0.56
Stage2,Scenario1,bus_gen,0:3,0.56
Stage2,Scenario1,bus_gen,1:112,0.0
Stage2,Scenario1,bus_gen,1:114,0.0
Stage2,Scenario1,bus_gen,1:4,0.0799999999999983
Stage2,Scenario1,bus_gen,1:5,0.0799999999999983
Stage2,Scenario1,bus_gen,1:6,0.76
Stage2,Scenario1,bus_gen,1:7,0.76
Stage2,Scenario1,bus_gen,12:10,0.55
Stage2,Scenario1,bus_gen,12:109,0.9359999999999999
Stage2,Scenario1,bus_gen,12:11,0.55
Stage2,Scenario1,bus_gen,12:12,0.55
Stage2,Scenario1,bus_gen,12:9,0.55
Stage2,Scenario1,bus_gen,13:72,0.0
Stage2,Scenario1,bus_gen,14:13,0.12
Stage2,Scenario1,bus_gen,14:14,0.12
Stage2,Scenario1,bus_gen,14:15,1.2500000000000002
Stage2,Scenario1,bus_gen,15:16,1.2500000000000002
Stage2,Scenario1,bus_gen,17:141,0.0
Stage2,Scenario1,bus_gen,17:142,0.0
Stage2,Scenario1,bus_gen,17:143,0.0
Stage2,Scenario1,bus_gen,17:144,0.0
Stage2,Scenario1,bus_gen,17:145,0.0
Stage2,Scenario1,bus_gen,17:146,0.0
Stage2,Scenario1,bus_gen,17:148,0.0
Stage2,Scenario1,bus_gen,17:149,0.0
Stage2,Scenario1,bus_gen,17:150,0.0
Stage2,Scenario1,bus_gen,17:151,0.0
Stage2,Scenario1,bus_gen,17:17,1.9750000000000005
Stage2,Scenario1,bus_gen,18:121,0.6659999999999999
Stage2,Scenario1,bus_gen,2:120,0.615
Stage2,Scenario1,bus_gen,20:73,4.0
Stage2,Scenario1,bus_gen,21:156,7.135
Stage2,Scenario1,bus_gen,21:74,0.015493606990776954
Stage2,Scenario1,bus_gen,21:75,0.5
Stage2,Scenario1,bus_gen,21:76,0.5
Stage2,Scenario1,bus_gen,21:77,0.5
Stage2,Scenario1,bus_gen,21:78,0.0
Stage2,Scenario1,bus_gen,21:79,0.0
Stage2,Scenario1,bus_gen,22:18,0.6199999999999983
Stage2,Scenario1,bus_gen,22:19,1.3999999999999986
Stage2,Scenario1,bus_gen,22:20,0.55
Stage2,Scenario1,bus_gen,22:21,0.55
Stage2,Scenario1,bus_gen,22:22,0.55
Stage2,Scenario1,bus_gen,24:23,0.0799999999999983
Stage2,Scenario1,bus_gen,24:24,0.0799999999999983
Stage2,Scenario1,bus_gen,24:25,0.56
Stage2,Scenario1,bus_gen,24:80,0.0
Stage2,Scenario1,bus_gen,25:26,0.0799999999999983
Stage2,Scenario1,bus_gen,25:27,0.0799999999999983
Stage2,Scenario1,bus_gen,25:28,0.56
Stage2,Scenario1,bus_gen,25:29,0.56
Stage2,Scenario1,bus_gen,3:115,0.0
Stage2,Scenario1,bus_gen,30:30,0.21999999999999884
Stage2,Scenario1,bus_gen,30:31,0.21999999999999884
Stage2,Scenario1,bus_gen,35:116,2.0
Stage2,Scenario1,bus_gen,36:152,0.0
Stage2,Scenario1,bus_gen,36:32,3.136
Stage2,Scenario1,bus_gen,36:33,0.55
Stage2,Scenario1,bus_gen,36:34,0.55
Stage2,Scenario1,bus_gen,37:81,0.0
Stage2,Scenario1,bus_gen,38:111,1.251
Stage2,Scenario1,bus_gen,38:35,0.2199999999999989
Stage2,Scenario1,bus_gen,38:36,0.2199999999999989
Stage2,Scenario1,bus_gen,38:82,0.5
Stage2,Scenario1,bus_gen,38:83,0.0
Stage2,Scenario1,bus_gen,38:84,0.43340348087583624
Stage2,Scenario1,bus_gen,39:37,1.2500000000000002
Stage2,Scenario1,bus_gen,41:38,2.9160000000000004
Stage2,Scenario1,bus_gen,44:39,2.1139999999999985
Stage2,Scenario1,bus_gen,45:85,0.5
Stage2,Scenario1,bus_gen,45:86,0.5
Stage2,Scenario1,bus_gen,45:87,0.5
Stage2,Scenario1,bus_gen,45:88,0.5
Stage2,Scenario1,bus_gen,45:89,0.5
Stage2,Scenario1,bus_gen,45:90,0.5
Stage2,Scenario1,bus_gen,46:40,0.7699999999999984
Stage2,Scenario1,bus_gen,46:41,0.7699999999999984
Stage2,Scenario1,bus_gen,46:42,1.3999999999999986
Stage2,Scenario1,bus_gen,46:43,0.21999999999999884
Stage2,Scenario1,bus_gen,46:44,0.21999999999999884
Stage2,Scenario1,bus_gen,46:45,0.21999999999999884
Stage2,Scenario1,bus_gen,48:46,0.0799999999999983
Stage2,Scenario1,bus_gen,48:47,0.0799999999999983
Stage2,Scenario1,bus_gen,48:48,0.21999999999999884
Stage2,Scenario1,bus_gen,48:49,0.21999999999999884
Stage2,Scenario1,bus_gen,49:50,0.0799999999999983
Stage2,Scenario1,bus_gen,49:51,0.0799999999999983
Stage2,Scenario1,bus_gen,49:52,0.21999999999999884
Stage2,Scenario1,bus_gen,49:53,0.21999999999999884
Stage2,Scenario1,bus_gen,50:155,0.0
Stage2,Scenario1,bus_gen,54:54,0.21999999999999884
Stage2,Scenario1,bus_gen,54:55,0.21999999999999884
Stage2,Scenario1,bus_gen,55:122,0.0
Stage2,Scenario1,bus_gen,56:153,1.483
Stage2,Scenario1,bus_gen,57:103,0.0
Stage2,Scenario1,bus_gen,57:106,0.0
Stage2,Scenario1,bus_gen,59:105,0.9410000000000001
Stage2,Scenario1,bus_gen,6:8,3.55
Stage2,Scenario1,bus_gen,60:102,0.932102912133465
Stage2,Scenario1,bus_gen,60:123,1.0170000000000001
Stage2,Scenario1,bus_gen,60:124,0.631
Stage2,Scenario1,bus_gen,60:125,0.654
Stage2,Scenario1,bus_gen,60:126,0.67
Stage2,Scenario1,bus_gen,60:127,0.648
Stage2,Scenario1,bus_gen,60:128,0.638
Stage2,Scenario1,bus_gen,60:129,0.6409999999999999
Stage2,Scenario1,bus_gen,60:130,0.6659999999999999
Stage2,Scenario1,bus_gen,60:131,0.624
Stage2,Scenario1,bus_gen,60:132,0.669
Stage2,Scenario1,bus_gen,60:133,0.652
Stage2,Scenario1,bus_gen,60:134,0.278
Stage2,Scenario1,bus_gen,60:138,0.272
Stage2,Scenario1,bus_gen,60:157,0.0
Stage2,Scenario1,bus_gen,60:56,1.6999999999999984
Stage2,Scenario1,bus_gen,60:99,0.9510000000000001
Stage2,Scenario1,bus_gen,61:100,0.0
Stage2,Scenario1,bus_gen,61:101,0.0
Stage2,Scenario1,bus_gen,61:91,0.0
Stage2,Scenario1,bus_gen,61:97,0.0
Stage2,Scenario1,bus_gen,61:98,0.0
Stage2,Scenario1,bus_gen,62:57,0.04999999999999894
Stage2,Scenario1,bus_gen,62:58,0.04999999999999894
Stage2,Scenario1,bus_gen,62:59,0.04999999999999894
Stage2,Scenario1,bus_gen,62:60,0.04999999999999894
Stage2,Scenario1,bus_gen,62:61,0.04999999999999894
Stage2,Scenario1,bus_gen,62:62,0.21999999999999884
Stage2,Scenario1,bus_gen,62:63,0.21999999999999884
Stage2,Scenario1,bus_gen,62:64,0.21999999999999884
Stage2,Scenario1,bus_gen,63:65,1.2500000000000002
Stage2,Scenario1,bus_gen,64:154,0.0
Stage2,Scenario1,bus_gen,65:66,2.9160000000000004
Stage2,Scenario1,bus_gen,66:110,0.0
Stage2,Scenario1,bus_gen,67:135,0.273
Stage2,Scenario1,bus_gen,67:136,0.27
Stage2,Scenario1,bus_gen,67:137,0.28300000000000003
Stage2,Scenario1,bus_gen,67:139,0.27
Stage2,Scenario1,bus_gen,67:140,0.282
Stage2,Scenario1,bus_gen,67:147,0.09399999999999986
Stage2,Scenario1,bus_gen,67:96,0.516
Stage2,Scenario1,bus_gen,68:67,1.6999999999999984
Stage2,Scenario1,bus_gen,69:68,0.21999999999999884
Stage2,Scenario1,bus_gen,69:69,0.21999999999999884
Stage2,Scenario1,bus_gen,69:92,0.0
Stage2,Scenario1,bus_gen,69:93,0.0
Stage2,Scenario1,bus_gen,69:94,0.0
Stage2,Scenario1,bus_gen,69:95,0.0
Stage2,Scenario1,bus_gen,70:70,1.6999999999999984
Stage2,Scenario1,bus_gen,70:71,1.6999999999999984
Stage2,Scenario1,bus_gen,71:104,0.0
Stage2,Scenario1,bus_gen,71:107,0.0
Stage2,Scenario1,bus_gen,71:108,0.0
Stage2,Scenario1,cvar,None,27.4536842105263
Stage2,Scenario1,gen_curtailment,0:0,0.0
Stage2,Scenario1,gen_curtailment,0:1,0.0
Stage2,Scenario1,gen_curtailment,0:113,0.0
Stage2,Scenario1,gen_curtailment,0:117,0.0
Stage2,Scenario1,gen_curtailment,0:118,0.0
Stage2,Scenario1,gen_curtailment,0:119,0.0
Stage2,Scenario1,gen_curtailment,0:2,0.0
Stage2,Scenario1,gen_curtailment,0:3,0.0
Stage2,Scenario1,gen_curtailment,1:112,0.0
Stage2,Scenario1,gen_curtailment,1:114,0.0
Stage2,Scenario1,gen_curtailment,1:4,0.0
Stage2,Scenario1,gen_curtailment,1:5,0.0
Stage2,Scenario1,gen_curtailment,1:6,0.0
Stage2,Scenario1,gen_curtailment,1:7,0.0
Stage2,Scenario1,gen_curtailment,12:10,0.0
Stage2,Scenario1,gen_curtailment,12:109,0.0
Stage2,Scenario1,gen_curtailment,12:11,0.0
Stage2,Scenario1,gen_curtailment,12:12,0.0
Stage2,Scenario1,gen_curtailment,12:9,0.0
Stage2,Scenario1,gen_curtailment,13:72,0.0
Stage2,Scenario1,gen_curtailment,14:13,0.0
Stage2,Scenario1,gen_curtailment,14:14,0.0
Stage2,Scenario1,gen_curtailment,14:15,0.0
Stage2,Scenario1,gen_curtailment,15:16,0.0
Stage2,Scenario1,gen_curtailment,17:141,0.0
Stage2,Scenario1,gen_curtailment,17:142,0.0
Stage2,Scenario1,gen_curtailment,17:143,0.0
Stage2,Scenario1,gen_curtailment,17:144,0.0
Stage2,Scenario1,gen_curtailment,17:145,0.0
Stage2,Scenario1,gen_curtailment,17:146,0.0
Stage2,Scenario1,gen_curtailment,17:148,0.0
Stage2,Scenario1,gen_curtailment,17:149,0.0
Stage2,Scenario1,gen_curtailment,17:150,0.0
Stage2,Scenario1,gen_curtailment,17:151,0.0
Stage2,Scenario1,gen_curtailment,17:17,0.0
Stage2,Scenario1,gen_curtailment,18:121,0.0
Stage2,Scenario1,gen_curtailment,2:120,0.0
Stage2,Scenario1,gen_curtailment,20:73,0.0
Stage2,Scenario1,gen_curtailment,21:156,0.0
Stage2,Scenario1,gen_curtailment,21:74,0.0
Stage2,Scenario1,gen_curtailment,21:75,0.0
Stage2,Scenario1,gen_curtailment,21:76,0.0
Stage2,Scenario1,gen_curtailment,21:77,0.0
Stage2,Scenario1,gen_curtailment,21:78,0.0
Stage2,Scenario1,gen_curtailment,21:79,0.0
Stage2,Scenario1,gen_curtailment,22:18,0.0
Stage2,Scenario1,gen_curtailment,22:19,0.0
Stage2,Scenario1,gen_curtailment,22:20,0.0
Stage2,Scenario1,gen_curtailment,22:21,0.0
Stage2,Scenario1,gen_curtailment,22:22,0.0
Stage2,Scenario1,gen_curtailment,24:23,0.0
Stage2,Scenario1,gen_curtailment,24:24,0.0
Stage2,Scenario1,gen_curtailment,24:25,0.0
Stage2,Scenario1,gen_curtailment,24:80,0.0
Stage2,Scenario1,gen_curtailment,25:26,0.0
Stage2,Scenario1,gen_curtailment,25:27,0.0
Stage2,Scenario1,gen_curtailment,25:28,0.0
Stage2,Scenario1,gen_curtailment,25:29,0.0
Stage2,Scenario1,gen_curtailment,3:115,0.0
Stage2,Scenario1,gen_curtailment,30:30,0.0
Stage2,Scenario1,gen_curtailment,30:31,0.0
Stage2,Scenario1,gen_curtailment,35:116,0.0
Stage2,Scenario1,gen_curtailment,36:152,0.0
Stage2,Scenario1,gen_curtailment,36:32,0.0
Stage2,Scenario1,gen_curtailment,36:33,0.0
Stage2,Scenario1,gen_curtailment,36:34,0.0
Stage2,Scenario1,gen_curtailment,37:81,0.0
Stage2,Scenario1,gen_curtailment,38:111,0.0
Stage2,Scenario1,gen_curtailment,38:35,0.0
Stage2,Scenario1,gen_curtailment,38:36,0.0
Stage2,Scenario1,gen_curtailment,38:82,0.0
Stage2,Scenario1,gen_curtailment,38:83,0.0
Stage2,Scenario1,gen_curtailment,38:84,0.0
Stage2,Scenario1,gen_curtailment,39:37,0.0
Stage2,Scenario1,gen_curtailment,41:38,0.0
Stage2,Scenario1,gen_curtailment,44:39,0.0
Stage2,Scenario1,gen_curtailment,45:85,0.0
Stage2,Scenario1,gen_curtailment,45:86,0.0
Stage2,Scenario1,gen_curtailment,45:87,0.0
Stage2,Scenario1,gen_curtailment,45:88,0.0
Stage2,Scenario1,gen_curtailment,45:89,0.0
Stage2,Scenario1,gen_curtailment,45:90,0.0
Stage2,Scenario1,gen_curtailment,46:40,0.0
Stage2,Scenario1,gen_curtailment,46:41,0.0
Stage2,Scenario1,gen_curtailment,46:42,0.0
Stage2,Scenario1,gen_curtailment,46:43,0.0
Stage2,Scenario1,gen_curtailment,46:44,0.0
Stage2,Scenario1,gen_curtailment,46:45,0.0
Stage2,Scenario1,gen_curtailment,48:46,0.0
Stage2,Scenario1,gen_curtailment,48:47,0.0
Stage2,Scenario1,gen_curtailment,48:48,0.0
Stage2,Scenario1,gen_curtailment,48:49,0.0
Stage2,Scenario1,gen_curtailment,49:50,0.0
Stage2,Scenario1,gen_curtailment,49:51,0.0
Stage2,Scenario1,gen_curtailment,49:52,0.0
Stage2,Scenario1,gen_curtailment,49:53,0.0
Stage2,Scenario1,gen_curtailment,50:155,0.0
Stage2,Scenario1,gen_curtailment,54:54,0.0
Stage2,Scenario1,gen_curtailment,54:55,0.0
Stage2,Scenario1,gen_curtailment,55:122,0.0
Stage2,Scenario1,gen_curtailment,56:153,0.0
Stage2,Scenario1,gen_curtailment,57:103,0.0
Stage2,Scenario1,gen_curtailment,57:106,0.0
Stage2,Scenario1,gen_curtailment,59:105,0.0
Stage2,Scenario1,gen_curtailment,6:8,0.0
Stage2,Scenario1,gen_curtailment,60:102,0.0
Stage2,Scenario1,gen_curtailment,60:123,0.0
Stage2,Scenario1,gen_curtailment,60:124,0.0
Stage2,Scenario1,gen_curtailment,60:125,0.0
Stage2,Scenario1,gen_curtailment,60:126,0.0
Stage2,Scenario1,gen_curtailment,60:127,0.0
Stage2,Scenario1,gen_curtailment,60:128,0.0
Stage2,Scenario1,gen_curtailment,60:129,0.0
Stage2,Scenario1,gen_curtailment,60:130,0.0
Stage2,Scenario1,gen_curtailment,60:131,0.0
Stage2,Scenario1,gen_curtailment,60:132,0.0
Stage2,Scenario1,gen_curtailment,60:133,0.0
Stage2,Scenario1,gen_curtailment,60:134,0.0
Stage2,Scenario1,gen_curtailment,60:138,0.0
Stage2,Scenario1,gen_curtailment,60:157,0.0
Stage2,Scenario1,gen_curtailment,60:56,0.0
Stage2,Scenario1,gen_curtailment,60:99,0.0
Stage2,Scenario1,gen_curtailment,61:100,0.0
Stage2,Scenario1,gen_curtailment,61:101,0.0
Stage2,Scenario1,gen_curtailment,61:91,0.0
Stage2,Scenario1,gen_curtailment,61:97,0.0
Stage2,Scenario1,gen_curtailment,61:98,0.0
Stage2,Scenario1,gen_curtailment,62:57,0.0
Stage2,Scenario1,gen_curtailment,62:58,0.0
Stage2,Scenario1,gen_curtailment,62:59,0.0
Stage2,Scenario1,gen_curtailment,62:60,0.0
Stage2,Scenario1,gen_curtailment,62:61,0.0
Stage2,Scenario1,gen_curtailment,62:62,0.0
Stage2,Scenario1,gen_curtailment,62:63,0.0
Stage2,Scenario1,gen_curtailment,62:64,0.0
Stage2,Scenario1,gen_curtailment,63:65,0.0
Stage2,Scenario1,gen_curtailment,64:154,0.0
Stage2,Scenario1,gen_curtailment,65:66,0.0
Stage2,Scenario1,gen_curtailment,66:110,0.0
Stage2,Scenario1,gen_curtailment,67:135,0.0
Stage2,Scenario1,gen_curtailment,67:136,0.0
Stage2,Scenario1,gen_curtailment,67:137,0.0
Stage2,Scenario1,gen_curtailment,67:139,0.0
Stage2,Scenario1,gen_curtailment,67:140,0.0
Stage2,Scenario1,gen_curtailment,67:147,0.0
Stage2,Scenario1,gen_curtailment,67:96,0.0
Stage2,Scenario1,gen_curtailment,68:67,0.0
Stage2,Scenario1,gen_curtailment,69:68,0.0
Stage2,Scenario1,gen_curtailment,69:69,0.0
Stage2,Scenario1,gen_curtailment,69:92,0.0
Stage2,Scenario1,gen_curtailment,69:93,0.0
Stage2,Scenario1,gen_curtailment,69:94,0.0
Stage2,Scenario1,gen_curtailment,69:95,0.0
Stage2,Scenario1,gen_curtailment,70:70,0.0
Stage2,Scenario1,gen_curtailment,70:71,0.0
Stage2,Scenario1,gen_curtailment,71:104,0.0
Stage2,Scenario1,gen_curtailment,71:107,0.0
Stage2,Scenario1,gen_curtailment,71:108,0.0
Stage2,Scenario1,load_shed,0,0.0
Stage2,Scenario1,load_shed,1,0.0
Stage2,Scenario1,load_shed,10,0.0
Stage2,Scenario1,load_shed,11,0.0
Stage2,Scenario1,load_shed,12,0.0
Stage2,Scenario1,load_shed,13,0.0
Stage2,Scenario1,load_shed,14,0.0
Stage2,Scenario1,load_shed,15,0.0
Stage2,Scenario1,load_shed,16,0.0
Stage2,Scenario1,load_shed,17,0.0
Stage2,Scenario1,load_shed,18,0.0
Stage2,Scenario1,load_shed,19,0.0
Stage2,Scenario1,load_shed,2,0.0
Stage2,Scenario1,load_shed,20,0.0
Stage2,Scenario1,load_shed,21,0.0
Stage2,Scenario1,load_shed,22,0.0
Stage2,Scenario1,load_shed,23,0.0
Stage2,Scenario1,load_shed,24,0.0
Stage2,Scenario1,load_shed,25,0.0
Stage2,Scenario1,load_shed,26,0.0
Stage2,Scenario1,load_shed,27,0.0
Stage2,Scenario1,load_shed,28,0.0
Stage2,Scenario1,load_shed,29,0.0
Stage2,Scenario1,load_shed,3,0.0
Stage2,Scenario1,load_shed,30,0.0
Stage2,Scenario1,load_shed,31,0.0
Stage2,Scenario1,load_shed,32,0.0
Stage2,Scenario1,load_shed,33,0.0
Stage2,Scenario1,load_shed,34,0.0
Stage2,Scenario1,load_shed,35,0.0
Stage2,Scenario1,load_shed,36,0.0
Stage2,Scenario1,load_shed,37,0.0
Stage2,Scenario1,load_shed,38,0.0
Stage2,Scenario1,load_shed,39,0.0
Stage2,Scenario1,load_shed,4,0.0
Stage2,Scenario1,load_shed,40,0.0
Stage2,Scenario1,load_shed,41,0.0
Stage2,Scenario1,load_shed,42,0.0
Stage2,Scenario1,load_shed,43,0.0
Stage2,Scenario1,load_shed,44,0.0
Stage2,Scenario1,load_shed,45,0.0
Stage2,Scenario1,load_shed,46,0.0
Stage2,Scenario1,load_shed,47,0.0
Stage2,Scenario1,load_shed,48,0.0
Stage2,Scenario1,load_shed,49,0.0
Stage2,Scenario1,load_shed,5,0.0
Stage2,Scenario1,load_shed,50,0.0
Stage2,Scenario1,load_shed,51,0.0
Stage2,Scenario1,load_shed,52,0.0
Stage2,Scenario1,load_shed,53,0.0
Stage2,Scenario1,load_shed,54,0.0
Stage2,Scenario1,load_shed,55,0.0
Stage2,Scenario1,load_shed,56,0.0
Stage2,Scenario1,load_shed,57,0.0
Stage2,Scenario1,load_shed,58,0.0
Stage2,Scenario1,load_shed,59,0.0
Stage2,Scenario1,load_shed,6,0.0
Stage2,Scenario1,load_shed,60,0.0
Stage2,Scenario1,load_shed,61,0.0
Stage2,Scenario1,load_shed,62,0.0
Stage2,Scenario1,load_shed,63,0.0
Stage2,Scenario1,load_shed,64,0.0
Stage2,Scenario1,load_shed,65,0.0
Stage2,Scenario1,load_shed,66,0.0
Stage2,Scenario1,load_shed,67,0.0
Stage2,Scenario1,load_shed,68,0.0
Stage2,Scenario1,load_shed,69,0.0
Stage2,Scenario1,load_shed,7,0.0
Stage2,Scenario1,load_shed,70,0.0
Stage2,Scenario1,load_shed,71,0.0
Stage2,Scenario1,load_shed,72,0.0
Stage2,Scenario1,load_shed,8,0.0
Stage2,Scenario1,load_shed,9,0.0
Stage2,Scenario1,load_shed_value,None,0.0
Stage2,Scenario1,nu,None,0.0
Stage2,Scenario1,theta,0,-0.049297844060793905
Stage2,Scenario1,theta,1,-0.056255613065764314
Stage2,Scenario1,theta,10,-0.030499352417005868
Stage2,Scenario1,theta,11,-0.030013796947414458
Stage2,Scenario1,theta,12,0.0
Stage2,Scenario1,theta,13,0.03351808496340815
Stage2,Scenario1,theta,14,0.26706081651068897
Stage2,Scenario1,theta,15,0.23790734223589452
Stage2,Scenario1,theta,16,0.35755564072449897
Stage2,Scenario1,theta,17,0.37087473710510743
Stage2,Scenario1,theta,18,0.16654884895555022
Stage2,Scenario1,theta,19,0.1273779852335117
Stage2,Scenario1,theta,2,-0.016542724154547495
Stage2,Scenario1,theta,20,0.40085746945853007
Stage2,Scenario1,theta,21,0.7408574694585306
Stage2,Scenario1,theta,22,0.11991401018639053
Stage2,Scenario1,theta,23,0.15961958006458454
Stage2,Scenario1,theta,24,-0.4622436757630358
Stage2,Scenario1,theta,25,-0.4627036974882956
Stage2,Scenario1,theta,26,-0.31405365478640174
Stage2,Scenario1,theta,27,-0.4693227843341602
Stage2,Scenario1,theta,28,-0.4885480885320472
Stage2,Scenario1,theta,29,-0.5185257584033964
Stage2,Scenario1,theta,3,-0.12422754237857722
Stage2,Scenario1,theta,30,-0.6828520156282831
Stage2,Scenario1,theta,31,-0.633442015628283
Stage2,Scenario1,theta,32,-0.39778313891660055
Stage2,Scenario1,theta,33,-0.4533008923399648
Stage2,Scenario1,theta,34,-0.2898725241483971
Stage2,Scenario1,theta,35,-0.232073586439561
Stage2,Scenario1,theta,36,-0.1904395936194705
Stage2,Scenario1,theta,37,-0.2439859594683669
Stage2,Scenario1,theta,38,-0.04527235083049889
Stage2,Scenario1,theta,39,-0.06506626146546732
Stage2,Scenario1,theta,4,-0.1261594370141751
Stage2,Scenario1,theta,40,0.01449555389172333
Stage2,Scenario1,theta,41,0.019644671513996636
Stage2,Scenario1,theta,42,-0.0982295072512066
Stage2,Scenario1,theta,43,-0.09086711228228425
Stage2,Scenario1,theta,44,0.029807995020393253
Stage2,Scenario1,theta,45,0.14760426093513573
Stage2,Scenario1,theta,46,-0.07273779504937695
Stage2,Scenario1,theta,47,-0.14709828559450114
Stage2,Scenario1,theta,48,-0.19780736097629686
Stage2,Scenario1,theta,49,-0.19732888584287822
Stage2,Scenario1,theta,5,-0.1852357331019602
Stage2,Scenario1,theta,50,-0.14307883983554776
Stage2,Scenario1,theta,51,-0.151669128164719
Stage2,Scenario1,theta,52,-0.18195942315481872
Stage2,Scenario1,theta,53,-0.18875586614974524
Stage2,Scenario1,theta,54,-0.3275053034055882
Stage2,Scenario1,theta,55,-0.2780953034055881
Stage2,Scenario1,theta,56,-0.037318460459769644
Stage2,Scenario1,theta,57,-0.10307214635140609
Stage2,Scenario1,theta,58,0.08428755628944978
Stage2,Scenario1,theta,59,0.16245596004052368
Stage2,Scenario1,theta,6,-0.11316744531799933
Stage2,Scenario1,theta,60,0.3242875562894498
Stage2,Scenario1,theta,61,0.02561502327521631
Stage2,Scenario1,theta,62,0.01760240957994296
Stage2,Scenario1,theta,63,0.057654084040935964
Stage2,Scenario1,theta,64,0.04745417087612627
Stage2,Scenario1,theta,65,0.03580190994122879
Stage2,Scenario1,theta,66,0.1276044470624888
Stage2,Scenario1,theta,67,0.22463084968992605
Stage2,Scenario1,theta,68,0.043931416482649685
Stage2,Scenario1,theta,69,0.09365417087612604
Stage2,Scenario1,theta,7,-0.17735527899767295
Stage2,Scenario1,theta,70,0.2702073711350165
Stage2,Scenario1,theta,71,-0.043270568487997624
Stage2,Scenario1,theta,72,0.2813003040115412
Stage2,Scenario1,theta,8,-0.1029295947292271
Stage2,Scenario1,theta,9,-0.14325379207179328
Stage2,Scenario1,xij,0,1.0
Stage2,Scenario1,xij,1,1.0
Stage2,Scenario1,xij,10,1.0
Stage2,Scenario1,xij,100,1.0
Stage2,Scenario1,xij,101,1.0
Stage2,Scenario1,xij,102,1.0
Stage2,Scenario1,xij,103,1.0
Stage2,Scenario1,xij,104,1.0
Stage2,Scenario1,xij,105,1.0
Stage2,Scenario1,xij,106,1.0
Stage2,Scenario1,xij,107,1.0
Stage2,Scenario1,xij,108,1.0
Stage2,Scenario1,xij,109,1.0
Stage2,Scenario1,xij,11,1.0
Stage2,Scenario1,xij,110,1.0
Stage2,Scenario1,xij,111,1.0
Stage2,Scenario1,xij,112,1.0
Stage2,Scenario1,xij,113,1.0
Stage2,Scenario1,xij,114,1.0
Stage2,Scenario1,xij,115,1.0
Stage2,Scenario1,xij,116,0.0
Stage2,Scenario1,xij,117,1.0
Stage2,Scenario1,xij,118,1.0
Stage2,Scenario1,xij,119,1.0
Stage2,Scenario1,xij,12,1.0
Stage2,Scenario1,xij,13,1.0
Stage2,Scenario1,xij,14,1.0
Stage2,Scenario1,xij,15,1.0
Stage2,Scenario1,xij,16,1.0
Stage2,Scenario1,xij,17,1.0
Stage2,Scenario1,xij,18,1.0
Stage2,Scenario1,xij,19,1.0
Stage2,Scenario1,xij,2,1.0
Stage2,Scenario1,xij,20,1.0
Stage2,Scenario1,xij,21,1.0
Stage2,Scenario1,xij,22,1.0
Stage2,Scenario1,xij,23,1.0
Stage2,Scenario1,xij,24,1.0
Stage2,Scenario1,xij,25,1.0
Stage2,Scenario1,xij,26,1.0
Stage2,Scenario1,xij,27,1.0
Stage2,Scenario1,xij,28,1.0
Stage2,Scenario1,xij,29,1.0
Stage2,Scenario1,xij,3,1.0
Stage2,Scenario1,xij,30,1.0
Stage2,Scenario1,xij,31,1.0
Stage2,Scenario1,xij,32,1.0
Stage2,Scenario1,xij,33,1.0
Stage2,Scenario1,xij,34,1.0
Stage2,Scenario1,xij,35,1.0
Stage2,Scenario1,xij,36,1.0
Stage2,Scenario1,xij,37,1.0
Stage2,Scenario1,xij,38,1.0
Stage2,Scenario1,xij,39,1.0
Stage2,Scenario1,xij,4,1.0
Stage2,Scenario1,xij,40,1.0
Stage2,Scenario1,xij,41,1.0
Stage2,Scenario1,xij,42,1.0
Stage2,Scenario1,xij,43,1.0
Stage2,Scenario1,xij,44,1.0
Stage2,Scenario1,xij,45,1.0
Stage2,Scenario1,xij,46,1.0
Stage2,Scenario1,xij,47,1.0
Stage2,Scenario1,xij,48,1.0
Stage2,Scenario1,xij,49,1.0
Stage2,Scenario1,xij,5,1.0
Stage2,Scenario1,xij,50,1.0
Stage2,Scenario1,xij,51,1.0
Stage2,Scenario1,xij,52,1.0
Stage2,Scenario1,xij,53,1.0
Stage2,Scenario1,xij,54,1.0
Stage2,Scenario1,xij,55,1.0
Stage2,Scenario1,xij,56,1.0
Stage2,Scenario1,xij,57,1.0
Stage2,Scenario1,xij,58,1.0
Stage2,Scenario1,xij,59,1.0
Stage2,Scenario1,xij,6,1.0
Stage2,Scenario1,xij,60,1.0
Stage2,Scenario1,xij,61,1.0
Stage2,Scenario1,xij,62,1.0
Stage2,Scenario1,xij,63,1.0
Stage2,Scenario1,xij,64,1.0
Stage2,Scenario1,xij,65,1.0
Stage2,Scenario1,xij,66,1.0
Stage2,Scenario1,xij,67,1.0
Stage2,Scenario1,xij,68,1.0
Stage2,Scenario1,xij,69,1.0
Stage2,Scenario1,xij,7,1.0
Stage2,Scenario1,xij,70,1.0
Stage2,Scenario1,xij,71,1.0
Stage2,Scenario1,xij,72,1.0
Stage2,Scenario1,xij,73,1.0
Stage2,Scenario1,xij,74,1.0
Stage2,Scenario1,xij,75,1.0
Stage2,Scenario1,xij,76,1.0
Stage2,Scenario1,xij,77,1.0
Stage2,Scenario1,xij,78,1.0
Stage2,Scenario1,xij,79,1.0
Stage2,Scenario1,xij,8,1.0
Stage2,Scenario1,xij,80,1.0
Stage2,Scenario1,xij,81,1.0
Stage2,Scenario1,xij,82,1.0
Stage2,Scenario1,xij,83,1.0
Stage2,Scenario1,xij,84,1.0
Stage2,Scenario1,xij,85,1.0
Stage2,Scenario1,xij,86,1.0
Stage2,Scenario1,xij,87,1.0
Stage2,Scenario1,xij,88,1.0
Stage2,Scenario1,xij,89,1.0
Stage2,Scenario1,xij,9,1.0
Stage2,Scenario1,xij,90,1.0
Stage2,Scenario1,xij,91,1.0
Stage2,Scenario1,xij,92,1.0
Stage2,Scenario1,xij,93,1.0
Stage2,Scenario1,xij,94,1.0
Stage2,Scenario1,xij,95,1.0
Stage2,Scenario1,xij,96,1.0
Stage2,Scenario1,xij,97,1.0
Stage2,Scenario1,xij,98,1.0
Stage2,Scenario1,xij,99,1.0
Stage2,Scenario10,Pij,0,-0.46439748213978077
Stage2,Scenario10,Pij,1,-0.09636916263495185
Stage2,Scenario10,Pij,10,1.886
Stage2,Scenario10,Pij,100,1.1881571976378669
Stage2,Scenario10,Pij,101,0.35169217228061855
Stage2,Scenario10,Pij,102,-2.2059879542026164
Stage2,Scenario10,Pij,103,-0.6379002280247046
Stage2,Scenario10,Pij,104,-0.6379002280247046
Stage2,Scenario10,Pij,105,1.2217884102520182
Stage2,Scenario10,Pij,106,0.4412872715811658
Stage2,Scenario10,Pij,107,-2.0455830535031634
Stage2,Scenario10,Pij,108,1.5760201329272714
Stage2,Scenario10,Pij,109,-1.1347328613461056
Stage2,Scenario10,Pij,11,0.0
Stage2,Scenario10,Pij,110,-1.0497333413022405
Stage2,Scenario10,Pij,111,-1.0497333413022405
Stage2,Scenario10,Pij,112,-1.9277915267515817
Stage2,Scenario10,Pij,113,-1.9277915267515817
Stage2,Scenario10,Pij,114,-1.5737915267515818
Stage2,Scenario10,Pij,115,-1.5737915267515818
Stage2,Scenario10,Pij,116,-1.6752671386538922
Stage2,Scenario10,Pij,117,0.6982111199605524
Stage2,Scenario10,Pij,118,3.2614868155317525
Stage2,Scenario10,Pij,119,0.6982111199605524
Stage2,Scenario10,Pij,12,-0.032522446855335785
Stage2,Scenario10,Pij,13,0.20852244685533594
Stage2,Scenario10,Pij,14,-0.7585793300414776
Stage2,Scenario10,Pij,15,-0.7105975134614699
Stage2,Scenario10,Pij,16,-1.2362736464631654
Stage2,Scenario10,Pij,17,-1.1875827389977391
Stage2,Scenario10,Pij,18,-0.4984804841419641
Stage2,Scenario10,Pij,19,-1.4963724923626787
Stage2,Scenario10,Pij,2,0.7607666447747291
Stage2,Scenario10,Pij,20,-0.5849677085274277
Stage2,Scenario10,Pij,21,-1.3132125439317806
Stage2,Scenario10,Pij,22,-1.1414157097938646
Stage2,Scenario10,Pij,23,0.543967517124473
Stage2,Scenario10,Pij,24,-3.4363724923626786
Stage2,Scenario10,Pij,25,2.1225464134321257
Stage2,Scenario10,Pij,26,-3.1282565922341408
Stage2,Scenario10,Pij,27,-3.1282565922341408
Stage2,Scenario10,Pij,28,2.3139667710361542
Stage2,Scenario10,Pij,29,-5.0
Stage2,Scenario10,Pij,3,0.36774799495118743
Stage2,Scenario10,Pij,30,3.9361739210694475
Stage2,Scenario10,Pij,31,-1.5464022980673744
Stage2,Scenario10,Pij,32,-3.453597701932625
Stage2,Scenario10,Pij,33,-1.4507011490336872
Stage2,Scenario10,Pij,34,-1.4507011490336872
Stage2,Scenario10,Pij,35,1.0630869605347235
Stage2,Scenario10,Pij,36,1.0630869605347235
Stage2,Scenario10,Pij,37,0.42308696053472356
Stage2,Scenario10,Pij,38,0.42308696053472356
Stage2,Scenario10,Pij,39,-4.459704362575104
Stage2,Scenario10,Pij,4,0.626854522909032
Stage2,Scenario10,Pij,40,1.0715456673437953
Stage2,Scenario10,Pij,41,-0.03670952182558027
Stage2,Scenario10,Pij,42,-0.5570354439499468
Stage2,Scenario10,Pij,43,0.23374496577552362
Stage2,Scenario10,Pij,44,0.030476990487761202
Stage2,Scenario10,Pij,45,0.2428134876866552
Stage2,Scenario10,Pij,46,0.3958044552147397
Stage2,Scenario10,Pij,47,-2.7528398991646865
Stage2,Scenario10,Pij,48,-0.7095230095122388
Stage2,Scenario10,Pij,49,-0.47625503422447635
Stage2,Scenario10,Pij,5,0.4175976084012023
Stage2,Scenario10,Pij,50,-1.1171865123133449
Stage2,Scenario10,Pij,51,-0.8100000000000023
Stage2,Scenario10,Pij,52,-1.4066412957031855
Stage2,Scenario10,Pij,53,-1.1133587042968167
Stage2,Scenario10,Pij,54,-1.5367379985669232
Stage2,Scenario10,Pij,55,-1.9336218514337653
Stage2,Scenario10,Pij,56,-2.1270255596770005
Stage2,Scenario10,Pij,57,-2.5297746911576384
Stage2,Scenario10,Pij,58,-2.074809887847112
Stage2,Scenario10,Pij,59,-1.5889536703968141
Stage2,Scenario10,Pij,6,-2.3139667710361542
Stage2,Scenario10,Pij,60,-1.3594267430546285
Stage2,Scenario10,Pij,61,-2.80396979953677
Stage2,Scenario10,Pij,62,-2.3762366309017424
Stage2,Scenario10,Pij,63,-3.528953670396814
Stage2,Scenario10,Pij,64,1.0030966108123769
Stage2,Scenario10,Pij,65,-1.5954844964262969
Stage2,Scenario10,Pij,66,-1.5954844964262969
Stage2,Scenario10,Pij,67,2.7528398991646865
Stage2,Scenario10,Pij,68,-2.9945766744912015
Stage2,Scenario10,Pij,69,0.7187196149067641
Stage2,Scenario10,Pij,7,-0.1042520050488126
Stage2,Scenario10,Pij,70,-0.6434218211825062
Stage2,Scenario10,Pij,71,-1.2796091859648995
Stage2,Scenario10,Pij,72,-0.3217109105912531
Stage2,Scenario10,Pij,73,-0.3217109105912531
Stage2,Scenario10,Pij,74,-0.545640192546618
Stage2,Scenario10,Pij,75,-0.545640192546618
Stage2,Scenario10,Pij,76,-1.185640192546618
Stage2,Scenario10,Pij,77,-1.185640192546618
Stage2,Scenario10,Pij,78,-1.7203908140351007
Stage2,Scenario10,Pij,79,-0.4334771182241002
Stage2,Scenario10,Pij,8,0.0507666447747292
Stage2,Scenario10,Pij,80,-0.05124414539262049
Stage2,Scenario10,Pij,81,0.004721263616714877
Stage2,Scenario10,Pij,82,-0.011640984867693271
Stage2,Scenario10,Pij,83,0.10816386664359334
Stage2,Scenario10,Pij,84,-0.6294557351406023
Stage2,Scenario10,Pij,85,-1.2217884102520182
Stage2,Scenario10,Pij,86,-0.7516409848676932
Stage2,Scenario10,Pij,87,-0.7052787363832851
Stage2,Scenario10,Pij,88,-1.2518361333564068
Stage2,Scenario10,Pij,89,-0.8100000000000023
Stage2,Scenario10,Pij,9,-0.7331454770909682
Stage2,Scenario10,Pij,90,-1.33289250231899
Stage2,Scenario10,Pij,91,-1.1871074976810123
Stage2,Scenario10,Pij,92,-1.9550489602469967
Stage2,Scenario10,Pij,93,-2.5089402620802885
Stage2,Scenario10,Pij,94,-2.2660727399230174
Stage2,Scenario10,Pij,95,-2.8281496274976883
Stage2,Scenario10,Pij,96,-4.652115936958321
Stage2,Scenario10,Pij,97,0.43099423678830684
Stage2,Scenario10,Pij,98,-3.653726865403814
Stage2,Scenario10,Pij,99,-0.7423630241741481
Stage2,Scenario10,bus_gen,0:0,0.0799999999999983
Stage2,Scenario10,bus_gen,0:1,0.0799999999999983
Stage2,Scenario10,bus_gen,0:113,0.0
Stage2,Scenario10,bus_gen,0:117,0.0
Stage2,Scenario10,bus_gen,0:118,0.0
Stage2,Scenario10,bus_gen,0:119,0.0
Stage2,Scenario10,bus_gen,0:2,0.56
Stage2,Scenario10,bus_gen,0:3,0.56
Stage2,Scenario10,bus_gen,1:112,0.256
Stage2,Scenario10,bus_gen,1:114,0.253
Stage2,Scenario10,bus_gen,1:4,0.2
Stage2,Scenario10,bus_gen,1:5,0.2
Stage2,Scenario10,bus_gen,1:6,0.7599999999999999
Stage2,Scenario10,bus_gen,1:7,0.7599999999999999
Stage2,Scenario10,bus_gen,12:10,0.55
Stage2,Scenario10,bus_gen,12:109,0.9359999999999999
Stage2,Scenario10,bus_gen,12:11,0.55
Stage2,Scenario10,bus_gen,12:12,0.55
Stage2,Scenario10,bus_gen,12:9,0.55
Stage2,Scenario10,bus_gen,13:72,0.0
Stage2,Scenario10,bus_gen,14:13,0.049999999999998934
Stage2,Scenario10,bus_gen,14:14,0.049999999999998934
Stage2,Scenario10,bus_gen,14:15,1.2500000000000002
Stage2,Scenario10,bus_gen,15:16,1.2500000000000002
Stage2,Scenario10,bus_gen,17:141,0.0
Stage2,Scenario10,bus_gen,17:142,0.0
Stage2,Scenario10,bus_gen,17:143,0.0
Stage2,Scenario10,bus_gen,17:144,0.0
Stage2,Scenario10,bus_gen,17:145,0.0
Stage2,Scenario10,bus_gen,17:146,0.0
Stage2,Scenario10,bus_gen,17:148,0.0
Stage2,Scenario10,bus_gen,17:149,0.0
Stage2,Scenario10,bus_gen,17:150,0.0
Stage2,Scenario10,bus_gen,17:151,0.0
Stage2,Scenario10,bus_gen,17:17,1.9750000000000003
Stage2,Scenario10,bus_gen,18:121,0.0
Stage2,Scenario10,bus_gen,2:120,0.0
Stage2,Scenario10,bus_gen,20:73,4.0
Stage2,Scenario10,bus_gen,21:156,6.91330206450773
Stage2,Scenario10,bus_gen,21:74,0.0
Stage2,Scenario10,bus_gen,21:75,0.0
Stage2,Scenario10,bus_gen,21:76,0.5
Stage2,Scenario10,bus_gen,21:77,0.5
Stage2,Scenario10,bus_gen,21:78,0.0
Stage2,Scenario10,bus_gen,21:79,0.0
Stage2,Scenario10,bus_gen,22:18,0.6199999999999983
Stage2,Scenario10,bus_gen,22:19,1.3999999999999986
Stage2,Scenario10,bus_gen,22:20,0.21999999999999884
Stage2,Scenario10,bus_gen,22:21,0.21999999999999884
Stage2,Scenario10,bus_gen,22:22,0.21999999999999884
Stage2,Scenario10,bus_gen,24:23,0.0799999999999983
Stage2,Scenario10,bus_gen,24:24,0.0799999999999983
Stage2,Scenario10,bus_gen,24:25,0.56
Stage2,Scenario10,bus_gen,24:80,0.0
Stage2,Scenario10,bus_gen,25:26,0.0799999999999983
Stage2,Scenario10,bus_gen,25:27,0.0799999999999983
Stage2,Scenario10,bus_gen,25:28,0.56
Stage2,Scenario10,bus_gen,25:29,0.56
Stage2,Scenario10,bus_gen,3:115,0.268
Stage2,Scenario10,bus_gen,30:30,0.21999999999999884
Stage2,Scenario10,bus_gen,30:31,0.21999999999999884
Stage2,Scenario10,bus_gen,35:116,0.29999999999999893
Stage2,Scenario10,bus_gen,36:152,0.132
Stage2,Scenario10,bus_gen,36:32,3.1359999999999997
Stage2,Scenario10,bus_gen,36:33,0.21999999999999884
Stage2,Scenario10,bus_gen,36:34,0.21999999999999884
Stage2,Scenario10,bus_gen,37:81,0.0
Stage2,Scenario10,bus_gen,38:111,1.251
Stage2,Scenario10,bus_gen,38:35,0.2199999999999989
Stage2,Scenario10,bus_gen,38:36,0.2199999999999989
Stage2,Scenario10,bus_gen,38:82,0.5
Stage2,Scenario10,bus_gen,38:83,0.5
Stage2,Scenario10,bus_gen,38:84,0.5
Stage2,Scenario10,bus_gen,39:37,1.2500000000000002
Stage2,Scenario10,bus_gen,41:38,3.33
Stage2,Scenario10,bus_gen,44:39,2.1139999999999985
Stage2,Scenario10,bus_gen,45:85,0.5
Stage2,Scenario10,bus_gen,45:86,0.5
Stage2,Scenario10,bus_gen,45:87,0.5
Stage2,Scenario10,bus_gen,45:88,0.5
Stage2,Scenario10,bus_gen,45:89,0.5
Stage2,Scenario10,bus_gen,45:90,0.5
Stage2,Scenario10,bus_gen,46:40,0.6199999999999983
Stage2,Scenario10,bus_gen,46:41,0.6199999999999983
Stage2,Scenario10,bus_gen,46:42,1.3999999999999986
Stage2,Scenario10,bus_gen,46:43,0.55
Stage2,Scenario10,bus_gen,46:44,0.55
Stage2,Scenario10,bus_gen,46:45,0.55
Stage2,Scenario10,bus_gen,48:46,0.0799999999999983
Stage2,Scenario10,bus_gen,48:47,0.0799999999999983
Stage2,Scenario10,bus_gen,48:48,0.21999999999999884
Stage2,Scenario10,bus_gen,48:49,0.21999999999999884
Stage2,Scenario10,bus_gen,49:50,0.2
Stage2,Scenario10,bus_gen,49:51,0.2
Stage2,Scenario10,bus_gen,49:52,0.55
Stage2,Scenario10,bus_gen,49:53,0.55
Stage2,Scenario10,bus_gen,50:155,0.0
Stage2,Scenario10,bus_gen,54:54,0.21999999999999884
Stage2,Scenario10,bus_gen,54:55,0.21999999999999884
Stage2,Scenario10,bus_gen,55:122,0.0
Stage2,Scenario10,bus_gen,56:153,0.0
Stage2,Scenario10,bus_gen,57:103,0.0
Stage2,Scenario10,bus_gen,57:106,0.0
Stage2,Scenario10,bus_gen,59:105,0.941
Stage2,Scenario10,bus_gen,6:8,3.1359999999999997
Stage2,Scenario10,bus_gen,60:102,0.9330000000000006
Stage2,Scenario10,bus_gen,60:123,1.0170000000000001
Stage2,Scenario10,bus_gen,60:124,0.631
Stage2,Scenario10,bus_gen,60:125,0.654
Stage2,Scenario10,bus_gen,60:126,0.67
Stage2,Scenario10,bus_gen,60:127,0.648
Stage2,Scenario10,bus_gen,60:128,0.638
Stage2,Scenario10,bus_gen,60:129,0.6409999999999999
Stage2,Scenario10,bus_gen,60:130,0.6659999999999999
Stage2,Scenario10,bus_gen,60:131,0.624
Stage2,Scenario10,bus_gen,60:132,0.669
Stage2,Scenario10,bus_gen,60:133,0.652
Stage2,Scenario10,bus_gen,60:134,0.278
Stage2,Scenario10,bus_gen,60:138,0.272
Stage2,Scenario10,bus_gen,60:157,0.5
Stage2,Scenario10,bus_gen,60:56,1.6999999999999982
Stage2,Scenario10,bus_gen,60:99,0.951
Stage2,Scenario10,bus_gen,61:100,0.927
Stage2,Scenario10,bus_gen,61:101,0.41769793549231155
Stage2,Scenario10,bus_gen,61:91,0.0
Stage2,Scenario10,bus_gen,61:97,0.516
Stage2,Scenario10,bus_gen,61:98,0.0
Stage2,Scenario10,bus_gen,62:57,0.049999999999998934
Stage2,Scenario10,bus_gen,62:58,0.049999999999998934
Stage2,Scenario10,bus_gen,62:59,0.049999999999998934
Stage2,Scenario10,bus_gen,62:60,0.049999999999998934
Stage2,Scenario10,bus_gen,62:61,0.049999999999998934
Stage2,Scenario10,bus_gen,62:62,0.21999999999999884
Stage2,Scenario10,bus_gen,62:63,0.21999999999999884
Stage2,Scenario10,bus_gen,62:64,0.21999999999999884
Stage2,Scenario10,bus_gen,63:65,1.2500000000000002
Stage2,Scenario10,bus_gen,64:154,0.0
Stage2,Scenario10,bus_gen,65:66,2.9160000000000004
Stage2,Scenario10,bus_gen,66:110,0.0
Stage2,Scenario10,bus_gen,67:135,0.273
Stage2,Scenario10,bus_gen,67:136,0.27
Stage2,Scenario10,bus_gen,67:137,0.2829999999999999
Stage2,Scenario10,bus_gen,67:139,0.27
Stage2,Scenario10,bus_gen,67:140,0.282
Stage2,Scenario10,bus_gen,67:147,0.094
Stage2,Scenario10,bus_gen,67:96,0.516
Stage2,Scenario10,bus_gen,68:67,1.6999999999999982
Stage2,Scenario10,bus_gen,69:68,0.40499999999999886
Stage2,Scenario10,bus_gen,69:69,0.40499999999999886
Stage2,Scenario10,bus_gen,69:92,0.5
Stage2,Scenario10,bus_gen,69:93,0.5
Stage2,Scenario10,bus_gen,69:94,0.5
Stage2,Scenario10,bus_gen,69:95,0.5
Stage2,Scenario10,bus_gen,70:70,1.6999999999999982
Stage2,Scenario10,bus_gen,70:71,1.6999999999999982
Stage2,Scenario10,bus_gen,71:104,0.0
Stage2,Scenario10,bus_gen,71:107,0.0
Stage2,Scenario10,bus_gen,71:108,0.0
Stage2,Scenario10,cvar,None,27.453684210526305
Stage2,Scenario10,gen_curtailment,0:0,0.0
Stage2,Scenario10,gen_curtailment,0:1,0.0
Stage2,Scenario10,gen_curtailment,0:113,0.0
Stage2,Scenario10,gen_curtailment,0:117,0.0
Stage2,Scenario10,gen_curtailment,0:118,0.0
Stage2,Scenario10,gen_curtailment,0:119,0.0
Stage2,Scenario10,gen_curtailment,0:2,0.0
Stage2,Scenario10,gen_curtailment,0:3,0.0
Stage2,Scenario10,gen_curtailment,1:112,0.0
Stage2,Scenario10,gen_curtailment,1:114,0.0
Stage2,Scenario10,gen_curtailment,1:4,0.0
Stage2,Scenario10,gen_curtailment,1:5,0.0
Stage2,Scenario10,gen_curtailment,1:6,0.0
Stage2,Scenario10,gen_curtailment,1:7,0.0
Stage2,Scenario10,gen_curtailment,12:10,0.0
Stage2,Scenario10,gen_curtailment,12:109,0.0
Stage2,Scenario10,gen_curtailment,12:11,0.0
Stage2,Scenario10,gen_curtailment,12:12,0.0
Stage2,Scenario10,gen_curtailment,12:9,0.0
Stage2,Scenario10,gen_curtailment,13:72,0.0
Stage2,Scenario10,gen_curtailment,14:13,0.0
Stage2,Scenario10,gen_curtailment,14:14,0.0
Stage2,Scenario10,gen_curtailment,14:15,0.0
Stage2,Scenario10,gen_curtailment,15:16,0.0
Stage2,Scenario10,gen_curtailment,17:141,0.0
Stage2,Scenario10,gen_curtailment,17:142,0.0
Stage2,Scenario10,gen_curtailment,17:143,0.0
Stage2,Scenario10,gen_curtailment,17:144,0.0
Stage2,Scenario10,gen_curtailment,17:145,0.0
Stage2,Scenario10,gen_curtailment,17:146,0.0
Stage2,Scenario10,gen_curtailment,17:148,0.0
Stage2,Scenario10,gen_curtailment,17:149,0.0
Stage2,Scenario10,gen_curtailment,17:150,0.0
Stage2,Scenario10,gen_curtailment,17:151,0.0
Stage2,Scenario10,gen_curtailment,17:17,0.0
Stage2,Scenario10,gen_curtailment,18:121,0.0
Stage2,Scenario10,gen_curtailment,2:120,0.0
Stage2,Scenario10,gen_curtailment,20:73,0.0
Stage2,Scenario10,gen_curtailment,21:156,0.0
Stage2,Scenario10,gen_curtailment,21:74,0.0
Stage2,Scenario10,gen_curtailment,21:75,0.0
Stage2,Scenario10,gen_curtailment,21:76,0.0
Stage2,Scenario10,gen_curtailment,21:77,0.0
Stage2,Scenario10,gen_curtailment,21:78,0.0
Stage2,Scenario10,gen_curtailment,21:79,0.0
Stage2,Scenario10,gen_curtailment,22:18,0.0
Stage2,Scenario10,gen_curtailment,22:19,0.0
Stage2,Scenario10,gen_curtailment,22:20,0.0
Stage2,Scenario10,gen_curtailment,22:21,0.0
Stage2,Scenario10,gen_curtailment,22:22,0.0
Stage2,Scenario10,gen_curtailment,24:23,0.0
Stage2,Scenario10,gen_curtailment,24:24,0.0
Stage2,Scenario10,gen_curtailment,24:25,0.0
Stage2,Scenario10,gen_curtailment,24:80,0.0
Stage2,Scenario10,gen_curtailment,25:26,0.0
Stage2,Scenario10,gen_curtailment,25:27,0.0
Stage2,Scenario10,gen_curtailment,25:28,0.0
Stage2,Scenario10,gen_curtailment,25:29,0.0
Stage2,Scenario10,gen_curtailment,3:115,0.0
Stage2,Scenario10,gen_curtailment,30:30,0.0
Stage2,Scenario10,gen_curtailment,30:31,0.0
Stage2,Scenario10,gen_curtailment,35:116,0.0
Stage2,Scenario10,gen_curtailment,36:152,0.0
Stage2,Scenario10,gen_curtailment,36:32,0.0
Stage2,Scenario10,gen_curtailment,36:33,0.0
Stage2,Scenario10,gen_curtailment,36:34,0.0
Stage2,Scenario10,gen_curtailment,37:81,0.0
Stage2,Scenario10,gen_curtailment,38:111,0.0
Stage2,Scenario10,gen_curtailment,38:35,0.0
Stage2,Scenario10,gen_curtailment,38:36,0.0
Stage2,Scenario10,gen_curtailment,38:82,0.0
Stage2,Scenario10,gen_curtailment,38:83,0.0
Stage2,Scenario10,gen_curtailment,38:84,0.0
Stage2,Scenario10,gen_curtailment,39:37,0.0
Stage2,Scenario10,gen_curtailment,41:38,0.0
Stage2,Scenario10,gen_curtailment,44:39,0.0
Stage2,Scenario10,gen_curtailment,45:85,0.0
Stage2,Scenario10,gen_curtailment,45:86,0.0
Stage2,Scenario10,gen_curtailment,45:87,0.0
Stage2,Scenario10,gen_curtailment,45:88,0.0
Stage2,Scenario10,gen_curtailment,45:89,0.0
Stage2,Scenario10,gen_curtailment,45:90,0.0
Stage2,Scenario10,gen_curtailment,46:40,0.0
Stage2,Scenario10,gen_curtailment,46:41,0.0
Stage2,Scenario10,gen_curtailment,46:42,0.0
Stage2,Scenario10,gen_curtailment,46:43,0.0
Stage2,Scenario10,gen_curtailment,46:44,0.0
Stage2,Scenario10,gen_curtailment,46:45,0.0
Stage2,Scenario10,gen_curtailment,48:46,0.0
Stage2,Scenario10,gen_curtailment,48:47,0.0
Stage2,Scenario10,gen_curtailment,48:48,0.0
Stage2,Scenario10,gen_curtailment,48:49,0.0
Stage2,Scenario10,gen_curtailment,49:50,0.0
Stage2,Scenario10,gen_curtailment,49:51,0.0
Stage2,Scenario10,gen_curtailment,49:52,0.0
Stage2,Scenario10,gen_curtailment,49:53,0.0
Stage2,Scenario10,gen_curtailment,50:155,0.0
Stage2,Scenario10,gen_curtailment,54:54,0.0
Stage2,Scenario10,gen_curtailment,54:55,0.0
Stage2,Scenario10,gen_curtailment,55:122,0.0
Stage2,Scenario10,gen_curtailment,56:153,0.0
Stage2,Scenario10,gen_curtailment,57:103,0.0
Stage2,Scenario10,gen_curtailment,57:106,0.0
Stage2,Scenario10,gen_curtailment,59:105,0.0
Stage2,Scenario10,gen_curtailment,6:8,0.0
Stage2,Scenario10,gen_curtailment,60:102,0.0
Stage2,Scenario10,gen_curtailment,60:123,0.0
Stage2,Scenario10,gen_curtailment,60:124,0.0
Stage2,Scenario10,gen_curtailment,60:125,0.0
Stage2,Scenario10,gen_curtailment,60:126,0.0
Stage2,Scenario10,gen_curtailment,60:127,0.0
Stage2,Scenario10,gen_curtailment,60:128,0.0
Stage2,Scenario10,gen_curtailment,60:129,0.0
Stage2,Scenario10,gen_curtailment,60:130,0.0
Stage2,Scenario10,gen_curtailment,60:131,0.0
Stage2,Scenario10,gen_curtailment,60:132,0.0
Stage2,Scenario10,gen_curtailment,60:133,0.0
Stage2,Scenario10,gen_curtailment,60:134,0.0
Stage2,Scenario10,gen_curtailment,60:138,0.0
Stage2,Scenario10,gen_curtailment,60:157,0.0
Stage2,Scenario10,gen_curtailment,60:56,0.0
Stage2,Scenario10,gen_curtailment,60:99,0.0
Stage2,Scenario10,gen_curtailment,61:100,0.0
Stage2,Scenario10,gen_curtailment,61:101,0.0
Stage2,Scenario10,gen_curtailment,61:91,0.0
Stage2,Scenario10,gen_curtailment,61:97,0.0
Stage2,Scenario10,gen_curtailment,61:98,0.0
Stage2,Scenario10,gen_curtailment,62:57,0.0
Stage2,Scenario10,gen_curtailment,62:58,0.0
Stage2,Scenario10,gen_curtailment,62:59,0.0
Stage2,Scenario10,gen_curtailment,62:60,0.0
Stage2,Scenario10,gen_curtailment,62:61,0.0
Stage2,Scenario10,gen_curtailment,62:62,0.0
Stage2,Scenario10,gen_curtailment,62:63,0.0
Stage2,Scenario10,gen_curtailment,62:64,0.0
Stage2,Scenario10,gen_curtailment,63:65,0.0
Stage2,Scenario10,gen_curtailment,64:154,0.0
Stage2,Scenario10,gen_curtailment,65:66,0.0
Stage2,Scenario10,gen_curtailment,66:110,0.0
Stage2,Scenario10,gen_curtailment,67:135,0.0
Stage2,Scenario10,gen_curtailment,67:136,0.0
Stage2,Scenario10,gen_curtailment,67:137,0.0
Stage2,Scenario10,gen_curtailment,67:139,0.0
Stage2,Scenario10,gen_curtailment,67:140,0.0
Stage2,Scenario10,gen_curtailment,67:147,0.0
Stage2,Scenario10,gen_curtailment,67:96,0.0
Stage2,Scenario10,gen_curtailment,68:67,0.0
Stage2,Scenario10,gen_curtailment,69:68,0.0
Stage2,Scenario10,gen_curtailment,69:69,0.0
Stage2,Scenario10,gen_curtailment,69:92,0.0
Stage2,Scenario10,gen_curtailment,69:93,0.0
Stage2,Scenario10,gen_curtailment,69:94,0.0
Stage2,Scenario10,gen_curtailment,69:95,0.0
Stage2,Scenario10,gen_curtailment,70:70,0.0
Stage2,Scenario10,gen_curtailment,70:71,0.0
Stage2,Scenario10,gen_curtailment,71:104,0.0
Stage2,Scenario10,gen_curtailment,71:107,0.0
Stage2,Scenario10,gen_curtailment,71:108,0.0
Stage2,Scenario10,load_shed,0,0.0
Stage2,Scenario10,load_shed,1,0.0
Stage2,Scenario10,load_shed,10,0.0
Stage2,Scenario10,load_shed,11,0.0
Stage2,Scenario10,load_shed,12,0.0
Stage2,Scenario10,load_shed,13,0.0
Stage2,Scenario10,load_shed,14,0.0
Stage2,Scenario10,load_shed,15,0.0
Stage2,Scenario10,load_shed,16,0.0
Stage2,Scenario10,load_shed,17,0.0
Stage2,Scenario10,load_shed,18,0.0
Stage2,Scenario10,load_shed,19,0.0
Stage2,Scenario10,load_shed,2,0.0
Stage2,Scenario10,load_shed,20,0.0
Stage2,Scenario10,load_shed,21,0.0
Stage2,Scenario10,load_shed,22,0.0
Stage2,Scenario10,load_shed,23,0.0
Stage2,Scenario10,load_shed,24,0.0
Stage2,Scenario10,load_shed,25,0.0
Stage2,Scenario10,load_shed,26,0.0
Stage2,Scenario10,load_shed,27,0.0
Stage2,Scenario10,load_shed,28,0.0
Stage2,Scenario10,load_shed,29,0.0
Stage2,Scenario10,load_shed,3,0.0
Stage2,Scenario10,load_shed,30,0.0
Stage2,Scenario10,load_shed,31,0.0
Stage2,Scenario10,load_shed,32,0.0
Stage2,Scenario10,load_shed,33,0.0
Stage2,Scenario10,load_shed,34,0.0
Stage2,Scenario10,load_shed,35,0.0
Stage2,Scenario10,load_shed,36,0.0
Stage2,Scenario10,load_shed,37,0.0
Stage2,Scenario10,load_shed,38,0.0
Stage2,Scenario10,load_shed,39,0.0
Stage2,Scenario10,load_shed,4,0.0
Stage2,Scenario10,load_shed,40,0.0
Stage2,Scenario10,load_shed,41,0.0
Stage2,Scenario10,load_shed,42,0.0
Stage2,Scenario10,load_shed,43,0.0
Stage2,Scenario10,load_shed,44,0.0
Stage2,Scenario10,load_shed,45,0.0
Stage2,Scenario10,load_shed,46,0.0
Stage2,Scenario10,load_shed,47,0.0
Stage2,Scenario10,load_shed,48,0.0
Stage2,Scenario10,load_shed,49,0.0
Stage2,Scenario10,load_shed,5,0.0
Stage2,Scenario10,load_shed,50,0.0
Stage2,Scenario10,load_shed,51,0.0
Stage2,Scenario10,load_shed,52,0.0
Stage2,Scenario10,load_shed,53,0.0
Stage2,Scenario10,load_shed,54,0.0
Stage2,Scenario10,load_shed,55,0.0
Stage2,Scenario10,load_shed,56,0.0
Stage2,Scenario10,load_shed,57,0.0
Stage2,Scenario10,load_shed,58,0.0
Stage2,Scenario10,load_shed,59,0.0
Stage2,Scenario10,load_shed,6,0.0
Stage2,Scenario10,load_shed,60,0.0
Stage2,Scenario10,load_shed,61,0.0
Stage2,Scenario10,load_shed,62,0.0
Stage2,Scenario10,load_shed,63,0.0
Stage2,Scenario10,load_shed,64,0.0
Stage2,Scenario10,load_shed,65,0.0
Stage2,Scenario10,load_shed,66,0.0
Stage2,Scenario10,load_shed,67,0.0
Stage2,Scenario10,load_shed,68,0.0
Stage2,Scenario10,load_shed,69,0.0
Stage2,Scenario10,load_shed,7,0.0
Stage2,Scenario10,load_shed,70,0.0
Stage2,Scenario10,load_shed,71,0.0
Stage2,Scenario10,load_shed,72,0.0
Stage2,Scenario10,load_shed,8,0.0
Stage2,Scenario10,load_shed,9,0.0
Stage2,Scenario10,load_shed_value,None,0.0
Stage2,Scenario10,nu,None,0.0
Stage2,Scenario10,theta,0,-0.0601991247902356
Stage2,Scenario10,theta,1,-0.05369756004027867
Stage2,Scenario10,theta,10,-0.023927063238814276
Stage2,Scenario10,theta,11,-0.02807845000931653
Stage2,Scenario10,theta,12,0.0
Stage2,Scenario10,theta,13,0.03892058144041824
Stage2,Scenario10,theta,14,0.2777498475181625
Stage2,Scenario10,theta,15,0.24166655848981636
Stage2,Scenario10,theta,16,0.3716665584898164
Stage2,Scenario10,theta,17,0.3933161906627596
Stage2,Scenario10,theta,18,0.15113455830521907
Stage2,Scenario10,theta,19,0.10861107988383015
Stage2,Scenario10,theta,2,-0.03986523147426002
Stage2,Scenario10,theta,20,0.43103442053763547
Stage2,Scenario10,theta,21,0.7342943171927419
Stage2,Scenario10,theta,22,0.09930316675206621
Stage2,Scenario10,theta,23,0.15742357542428248
Stage2,Scenario10,theta,24,-0.5361868470171196
Stage2,Scenario10,theta,25,-0.5356729137115614
Stage2,Scenario10,theta,26,-0.41865236834368036
Stage2,Scenario10,theta,27,-0.5395434915035071
Stage2,Scenario10,theta,28,-0.5560551691080391
Stage2,Scenario10,theta,29,-0.5822931033473993
Stage2,Scenario10,theta,3,-0.10040155539907947
Stage2,Scenario10,theta,30,-0.7472589123052601
Stage2,Scenario10,theta,31,-0.6978489123052599
Stage2,Scenario10,theta,32,-0.4657530985142343
Stage2,Scenario10,theta,33,-0.5141447260962851
Stage2,Scenario10,theta,34,-0.3327945268782241
Stage2,Scenario10,theta,35,-0.2984561359281849
Stage2,Scenario10,theta,36,-0.2332036522615627
Stage2,Scenario10,theta,37,-0.2660584727215579
Stage2,Scenario10,theta,38,-0.040797563784335474
Stage2,Scenario10,theta,39,-0.05785020616814588
Stage2,Scenario10,theta,4,-0.12486428959608759
Stage2,Scenario10,theta,40,0.020008787368625366
Stage2,Scenario10,theta,41,0.029016692865180455
Stage2,Scenario10,theta,42,-0.07438075731100145
Stage2,Scenario10,theta,43,-0.052555149609136736
Stage2,Scenario10,theta,44,0.03738117654055307
Stage2,Scenario10,theta,45,0.1543677518949398
Stage2,Scenario10,theta,46,-0.026471065373111134
Stage2,Scenario10,theta,47,-0.18394523854089914
Stage2,Scenario10,theta,48,0.13024432727380425
Stage2,Scenario10,theta,49,0.13631300692894166
Stage2,Scenario10,theta,5,-0.1740536284388128
Stage2,Scenario10,theta,50,0.14105684195164717
Stage2,Scenario10,theta,51,0.1377914120071387
Stage2,Scenario10,theta,52,0.1298430198663835
Stage2,Scenario10,theta,53,0.11554554453337174
Stage2,Scenario10,theta,54,-0.053375188449254644
Stage2,Scenario10,theta,55,-0.003965188449254503
Stage2,Scenario10,theta,56,0.21596207443337886
Stage2,Scenario10,theta,57,0.19190754866811255
Stage2,Scenario10,theta,58,0.385112910473949
Stage2,Scenario10,theta,59,0.43303558590856545
Stage2,Scenario10,theta,6,0.020120449394866693
Stage2,Scenario10,theta,60,0.6084144754479485
Stage2,Scenario10,theta,61,0.3670111525288402
Stage2,Scenario10,theta,62,0.3087595191428388
Stage2,Scenario10,theta,63,0.34626131436428326
Stage2,Scenario10,theta,64,0.33478784530317296
Stage2,Scenario10,theta,65,0.31272356344219115
Stage2,Scenario10,theta,66,0.393309724594856
Stage2,Scenario10,theta,67,0.4704213856649192
Stage2,Scenario10,theta,68,0.3400166303160494
Stage2,Scenario10,theta,69,0.45393479574451406
Stage2,Scenario10,theta,7,-0.09492555060513333
Stage2,Scenario10,theta,70,0.505044799253454
Stage2,Scenario10,theta,71,0.24522652180973425
Stage2,Scenario10,theta,72,0.49876089917380906
Stage2,Scenario10,theta,8,-0.08955934687400292
Stage2,Scenario10,theta,9,-0.12933175433626376
Stage2,Scenario10,xij,0,1.0
Stage2,Scenario10,xij,1,1.0
Stage2,Scenario10,xij,10,1.0
Stage2,Scenario10,xij,100,1.0
Stage2,Scenario10,xij,101,1.0
Stage2,Scenario10,xij,102,1.0
Stage2,Scenario10,xij,103,1.0
Stage2,Scenario10,xij,104,1.0
Stage2,Scenario10,xij,105,1.0
Stage2,Scenario10,xij,106,1.0
Stage2,Scenario10,xij,107,1.0
Stage2,Scenario10,xij,108,1.0
Stage2,Scenario10,xij,109,1.0
Stage2,Scenario10,xij,11,0.0
Stage2,Scenario10,xij,110,1.0
Stage2,Scenario10,xij,111,1.0
Stage2,Scenario10,xij,112,1.0
Stage2,Scenario10,xij,113,1.0
Stage2,Scenario10,xij,114,1.0
Stage2,Scenario10,xij,115,1.0
Stage2,Scenario10,xij,116,1.0
Stage2,Scenario10,xij,117,1.0
Stage2,Scenario10,xij,118,1.0
Stage2,Scenario10,xij,119,1.0
Stage2,Scenario10,xij,12,1.0
Stage2,Scenario10,xij,13,1.0
Stage2,Scenario10,xij,14,1.0
Stage2,Scenario10,xij,15,1.0
Stage2,Scenario10,xij,16,1.0
Stage2,Scenario10,xij,17,1.0
Stage2,Scenario10,xij,18,1.0
Stage2,Scenario10,xij,19,1.0
Stage2,Scenario10,xij,2,1.0
Stage2,Scenario10,xij,20,1.0
Stage2,Scenario10,xij,21,1.0
Stage2,Scenario10,xij,22,1.0
Stage2,Scenario10,xij,23,1.0
Stage2,Scenario10,xij,24,1.0
Stage2,Scenario10,xij,25,1.0
Stage2,Scenario10,xij,26,1.0
Stage2,Scenario10,xij,27,1.0
Stage2,Scenario10,xij,28,1.0
Stage2,Scenario10,xij,29,1.0
Stage2,Scenario10,xij,3,1.0
Stage2,Scenario10,xij,30,1.0
Stage2,Scenario10,xij,31,1.0
Stage2,Scenario10,xij,32,1.0
Stage2,Scenario10,xij,33,1.0
Stage2,Scenario10,xij,34,1.0
Stage2,Scenario10,xij,35,1.0
Stage2,Scenario10,xij,36,1.0
Stage2,Scenario10,xij,37,1.0
Stage2,Scenario10,xij,38,1.0
Stage2,Scenario10,xij,39,1.0
Stage2,Scenario10,xij,4,1.0
Stage2,Scenario10,xij,40,1.0
Stage2,Scenario10,xij,41,1.0
Stage2,Scenario10,xij,42,1.0
Stage2,Scenario10,xij,43,1.0
Stage2,Scenario10,xij,44,1.0
Stage2,Scenario10,xij,45,1.0
Stage2,Scenario10,xij,46,1.0
Stage2,Scenario10,xij,47,1.0
Stage2,Scenario10,xij,48,1.0
Stage2,Scenario10,xij,49,1.0
Stage2,Scenario10,xij,5,1.0
Stage2,Scenario10,xij,50,1.0
Stage2,Scenario10,xij,51,1.0
Stage2,Scenario10,xij,52,1.0
Stage2,Scenario10,xij,53,1.0
Stage2,Scenario10,xij,54,1.0
Stage2,Scenario10,xij,55,1.0
Stage2,Scenario10,xij,56,1.0
Stage2,Scenario10,xij,57,1.0
Stage2,Scenario10,xij,58,1.0
Stage2,Scenario10,xij,59,1.0
Stage2,Scenario10,xij,6,1.0
Stage2,Scenario10,xij,60,1.0
Stage2,Scenario10,xij,61,1.0
Stage2,Scenario10,xij,62,1.0
Stage2,Scenario10,xij,63,1.0
Stage2,Scenario10,xij,64,1.0
Stage2,Scenario10,xij,65,1.0
Stage2,Scenario10,xij,66,1.0
Stage2,Scenario10,xij,67,1.0
Stage2,Scenario10,xij,68,1.0
Stage2,Scenario10,xij,69,1.0
Stage2,Scenario10,xij,7,1.0
Stage2,Scenario10,xij,70,1.0
Stage2,Scenario10,xij,71,1.0
Stage2,Scenario10,xij,72,1.0
Stage2,Scenario10,xij,73,1.0
Stage2,Scenario10,xij,74,1.0
Stage2,Scenario10,xij,75,1.0
Stage2,Scenario10,xij,76,1.0
Stage2,Scenario10,xij,77,1.0
Stage2,Scenario10,xij,78,1.0
Stage2,Scenario10,xij,79,1.0
Stage2,Scenario10,xij,8,1.0
Stage2,Scenario10,xij,80,1.0
Stage2,Scenario10,xij,81,1.0
Stage2,Scenario10,xij,82,1.0
Stage2,Scenario10,xij,83,1.0
Stage2,Scenario10,xij,84,1.0
Stage2,Scenario10,xij,85,1.0
Stage2,Scenario10,xij,86,1.0
Stage2,Scenario10,xij,87,1.0
Stage2,Scenario10,xij,88,1.0
Stage2,Scenario10,xij,89,1.0
Stage2,Scenario10,xij,9,1.0
Stage2,Scenario10,xij,90,1.0
Stage2,Scenario10,xij,91,1.0
Stage2,Scenario10,xij,92,1.0
Stage2,Scenario10,xij,93,1.0
Stage2,Scenario10,xij,94,1.0
Stage2,Scenario10,xij,95,1.0
Stage2,Scenario10,xij,96,1.0
Stage2,Scenario10,xij,97,1.0
Stage2,Scenario10,xij,98,1.0
Stage2,Scenario10,xij,99,1.0
Stage2,Scenario11,Pij,0,-0.21186280391829823
Stage2,Scenario11,Pij,1,0.5794889737005873
Stage2,Scenario11,Pij,10,1.6360326761803872
Stage2,Scenario11,Pij,100,1.5793833143177123
Stage2,Scenario11,Pij,101,-0.2689089777820567
Stage2,Scenario11,Pij,102,-0.1713487902025258
Stage2,Scenario11,Pij,103,-1.8629999999999982
Stage2,Scenario11,Pij,104,-1.8629999999999982
Stage2,Scenario11,Pij,105,1.6373487902025134
Stage2,Scenario11,Pij,106,0.0
Stage2,Scenario11,Pij,107,-0.19025776798458227
Stage2,Scenario11,Pij,108,0.8565099999999988
Stage2,Scenario11,Pij,109,-0.8565099999999988
Stage2,Scenario11,Pij,11,0.663967323819613
Stage2,Scenario11,Pij,110,0.2212549999999996
Stage2,Scenario11,Pij,111,0.2212549999999996
Stage2,Scenario11,Pij,112,-0.05912888399229122
Stage2,Scenario11,Pij,113,-0.05912888399229122
Stage2,Scenario11,Pij,114,0.2948711160077089
Stage2,Scenario11,Pij,115,0.2948711160077089
Stage2,Scenario11,Pij,116,-1.5834899999999992
Stage2,Scenario11,Pij,117,5.0
Stage2,Scenario11,Pij,118,0.0
Stage2,Scenario11,Pij,119,5.0
Stage2,Scenario11,Pij,12,-0.03907248405062343
Stage2,Scenario11,Pij,13,-0.03489483976898967
Stage2,Scenario11,Pij,14,-1.7838101140691023
Stage2,Scenario11,Pij,15,-1.7192043894582074
Stage2,Scenario11,Pij,16,-1.8182566546531587
Stage2,Scenario11,Pij,17,-1.7526961656391475
Stage2,Scenario11,Pij,18,-1.1381984311400353
Stage2,Scenario11,Pij,19,-2.4638683375822263
Stage2,Scenario11,Pij,2,0.23237383021770752
Stage2,Scenario11,Pij,20,-1.2546502497511727
Stage2,Scenario11,Pij,21,-2.2172503053461825
Stage2,Scenario11,Pij,22,-1.779885834833603
Stage2,Scenario11,Pij,23,-0.12696284605760155
Stage2,Scenario11,Pij,24,-4.403868337582226
Stage2,Scenario11,Pij,25,3.767267624236423
Stage2,Scenario11,Pij,26,-2.5736338121182114
Stage2,Scenario11,Pij,27,-2.5736338121182114
Stage2,Scenario11,Pij,28,0.0
Stage2,Scenario11,Pij,29,-3.8527323757635767
Stage2,Scenario11,Pij,3,0.246569006822727
Stage2,Scenario11,Pij,30,3.766131662417773
Stage2,Scenario11,Pij,31,-3.3326135050354937
Stage2,Scenario11,Pij,32,-0.520118870728083
Stage2,Scenario11,Pij,33,-1.6663067525177468
Stage2,Scenario11,Pij,34,-1.6663067525177468
Stage2,Scenario11,Pij,35,1.3110658312088865
Stage2,Scenario11,Pij,36,1.3110658312088865
Stage2,Scenario11,Pij,37,0.6710658312088865
Stage2,Scenario11,Pij,38,0.6710658312088865
Stage2,Scenario11,Pij,39,0.520118870728083
Stage2,Scenario11,Pij,4,0.2515681892589712
Stage2,Scenario11,Pij,40,1.0149955222379856
Stage2,Scenario11,Pij,41,-0.0673714246273041
Stage2,Scenario11,Pij,42,-0.1756749778485179
Stage2,Scenario11,Pij,43,0.623046402475822
Stage2,Scenario11,Pij,44,0.3719162134236862
Stage2,Scenario11,Pij,45,0.5107123619490099
Stage2,Scenario11,Pij,46,0.37879719060612266
Stage2,Scenario11,Pij,47,-1.690504844635054
Stage2,Scenario11,Pij,48,-0.3680837865763138
Stage2,Scenario11,Pij,49,-0.08695359752417794
Stage2,Scenario11,Pij,5,-1.2205110262994128
Stage2,Scenario11,Pij,50,-0.8492876380509902
Stage2,Scenario11,Pij,51,-0.8100000000000023
Stage2,Scenario11,Pij,52,-1.3730229765825102
Stage2,Scenario11,Pij,53,-1.146977023417492
Stage2,Scenario11,Pij,54,-1.1882894636030243
Stage2,Scenario11,Pij,55,-1.9240201089496531
Stage2,Scenario11,Pij,56,-1.643307373483013
Stage2,Scenario11,Pij,57,-2.389910885509641
Stage2,Scenario11,Pij,58,-2.249539648067727
Stage2,Scenario11,Pij,59,-0.5820571890183328
Stage2,Scenario11,Pij,6,0.0
Stage2,Scenario11,Pij,60,-0.9233851598304277
Stage2,Scenario11,Pij,61,-1.3905458346288662
Stage2,Scenario11,Pij,62,-1.0409248078981548
Stage2,Scenario11,Pij,63,-2.5220571890183328
Stage2,Scenario11,Pij,64,0.06217530440886706
Stage2,Scenario11,Pij,65,-1.6938214975508554
Stage2,Scenario11,Pij,66,-1.6938214975508554
Stage2,Scenario11,Pij,67,1.690504844635054
Stage2,Scenario11,Pij,68,-2.7413525271362738
Stage2,Scenario11,Pij,69,0.8314706425270246
Stage2,Scenario11,Pij,7,-0.49343099317727296
Stage2,Scenario11,Pij,70,-0.47329880923701895
Stage2,Scenario11,Pij,71,-1.2530581956612692
Stage2,Scenario11,Pij,72,-0.23664940461850947
Stage2,Scenario11,Pij,73,-0.23664940461850947
Stage2,Scenario11,Pij,74,-0.48926467873648744
Stage2,Scenario11,Pij,75,-0.48926467873648744
Stage2,Scenario11,Pij,76,-1.1292646787364875
Stage2,Scenario11,Pij,77,-1.1292646787364875
Stage2,Scenario11,Pij,78,-1.7469418043387308
Stage2,Scenario11,Pij,79,0.1819360682381689
Stage2,Scenario11,Pij,8,-0.47762616978229244
Stage2,Scenario11,Pij,80,-0.5821875042433694
Stage2,Scenario11,Pij,81,-0.07974856399480523
Stage2,Scenario11,Pij,82,-0.20441331308027477
Stage2,Scenario11,Pij,83,0.01634938131843766
Stage2,Scenario11,Pij,84,0.010161285959174768
Stage2,Scenario11,Pij,85,-1.6373487902025134
Stage2,Scenario11,Pij,86,-0.9444133130802748
Stage2,Scenario11,Pij,87,-0.7897485639948052
Stage2,Scenario11,Pij,88,-1.3436506186815624
Stage2,Scenario11,Pij,89,-0.8100000000000023
Stage2,Scenario11,Pij,9,-1.108431810741029
Stage2,Scenario11,Pij,90,-1.3974420266518441
Stage2,Scenario11,Pij,91,-1.122557973348158
Stage2,Scenario11,Pij,92,-2.0715997532338952
Stage2,Scenario11,Pij,93,-2.010094300539046
Stage2,Scenario11,Pij,94,-2.634185778148075
Stage2,Scenario11,Pij,95,-2.571771377876455
Stage2,Scenario11,Pij,96,-3.901876553599913
Stage2,Scenario11,Pij,97,-0.8039089777820567
Stage2,Scenario11,Pij,98,-4.012740132082374
Stage2,Scenario11,Pij,99,-0.569125546333127
Stage2,Scenario11,bus_gen,0:0,0.0799999999999983
Stage2,Scenario11,bus_gen,0:1,0.0799999999999983
Stage2,Scenario11,bus_gen,0:113,0.0
Stage2,Scenario11,bus_gen,0:117,0.0
Stage2,Scenario11,bus_gen,0:118,0.0
Stage2,Scenario11,bus_gen,0:119,0.0
Stage2,Scenario11,bus_gen,0:2,0.7600000000000001
Stage2,Scenario11,bus_gen,0:3,0.7600000000000001
Stage2,Scenario11,bus_gen,1:112,0.0
Stage2,Scenario11,bus_gen,1:114,0.0
Stage2,Scenario11,bus_gen,1:4,0.0799999999999983
Stage2,Scenario11,bus_gen,1:5,0.0799999999999983
Stage2,Scenario11,bus_gen,1:6,0.7600000000000001
Stage2,Scenario11,bus_gen,1:7,0.7600000000000001
Stage2,Scenario11,bus_gen,12:10,0.55
Stage2,Scenario11,bus_gen,12:109,0.936
Stage2,Scenario11,bus_gen,12:11,0.55
Stage2,Scenario11,bus_gen,12:12,0.55
Stage2,Scenario11,bus_gen,12:9,0.55
Stage2,Scenario11,bus_gen,13:72,0.0
Stage2,Scenario11,bus_gen,14:13,0.12
Stage2,Scenario11,bus_gen,14:14,0.12
Stage2,Scenario11,bus_gen,14:15,1.55
Stage2,Scenario11,bus_gen,15:16,1.55
Stage2,Scenario11,bus_gen,17:141,0.093
Stage2,Scenario11,bus_gen,17:142,0.09700000000000003
Stage2,Scenario11,bus_gen,17:143,0.094
Stage2,Scenario11,bus_gen,17:144,0.091
Stage2,Scenario11,bus_gen,17:145,0.091
Stage2,Scenario11,bus_gen,17:146,0.09699999999999999
Stage2,Scenario11,bus_gen,17:148,0.11800000000000001
Stage2,Scenario11,bus_gen,17:149,0.11199999999999997
Stage2,Scenario11,bus_gen,17:150,0.10300000000000001
Stage2,Scenario11,bus_gen,17:151,0.04500000000000001
Stage2,Scenario11,bus_gen,17:17,2.3890000000000002
Stage2,Scenario11,bus_gen,18:121,0.6659999999999999
Stage2,Scenario11,bus_gen,2:120,0.0
Stage2,Scenario11,bus_gen,20:73,4.0
Stage2,Scenario11,bus_gen,21:156,0.0
Stage2,Scenario11,bus_gen,21:74,0.0
Stage2,Scenario11,bus_gen,21:75,0.0
Stage2,Scenario11,bus_gen,21:76,0.0
Stage2,Scenario11,bus_gen,21:77,0.0
Stage2,Scenario11,bus_gen,21:78,0.0
Stage2,Scenario11,bus_gen,21:79,0.0
Stage2,Scenario11,bus_gen,22:18,0.6199999999999983
Stage2,Scenario11,bus_gen,22:19,1.3999999999999986
Stage2,Scenario11,bus_gen,22:20,0.55
Stage2,Scenario11,bus_gen,22:21,0.55
Stage2,Scenario11,bus_gen,22:22,0.55
Stage2,Scenario11,bus_gen,24:23,0.2
Stage2,Scenario11,bus_gen,24:24,0.2
Stage2,Scenario11,bus_gen,24:25,0.56
Stage2,Scenario11,bus_gen,24:80,0.5
Stage2,Scenario11,bus_gen,25:26,0.2
Stage2,Scenario11,bus_gen,25:27,0.2
Stage2,Scenario11,bus_gen,25:28,0.7600000000000001
Stage2,Scenario11,bus_gen,25:29,0.7600000000000001
Stage2,Scenario11,bus_gen,3:115,0.0
Stage2,Scenario11,bus_gen,30:30,0.21999999999999886
Stage2,Scenario11,bus_gen,30:31,0.21999999999999886
Stage2,Scenario11,bus_gen,35:116,2.0
Stage2,Scenario11,bus_gen,36:152,0.132
Stage2,Scenario11,bus_gen,36:32,3.55
Stage2,Scenario11,bus_gen,36:33,0.55
Stage2,Scenario11,bus_gen,36:34,0.55
Stage2,Scenario11,bus_gen,37:81,0.0
Stage2,Scenario11,bus_gen,38:111,1.221999999999814
Stage2,Scenario11,bus_gen,38:35,0.21999999999999886
Stage2,Scenario11,bus_gen,38:36,0.21999999999999886
Stage2,Scenario11,bus_gen,38:82,0.0
Stage2,Scenario11,bus_gen,38:83,0.0
Stage2,Scenario11,bus_gen,38:84,0.0
Stage2,Scenario11,bus_gen,39:37,1.55
Stage2,Scenario11,bus_gen,41:38,3.3300000000000005
Stage2,Scenario11,bus_gen,44:39,2.1139999999999985
Stage2,Scenario11,bus_gen,45:85,0.5
Stage2,Scenario11,bus_gen,45:86,0.5
Stage2,Scenario11,bus_gen,45:87,0.5
Stage2,Scenario11,bus_gen,45:88,0.5
Stage2,Scenario11,bus_gen,45:89,0.5
Stage2,Scenario11,bus_gen,45:90,0.5
Stage2,Scenario11,bus_gen,46:40,0.6199999999999983
Stage2,Scenario11,bus_gen,46:41,0.6199999999999983
Stage2,Scenario11,bus_gen,46:42,1.7999999999999985
Stage2,Scenario11,bus_gen,46:43,0.55
Stage2,Scenario11,bus_gen,46:44,0.55
Stage2,Scenario11,bus_gen,46:45,0.55
Stage2,Scenario11,bus_gen,48:46,0.0799999999999983
Stage2,Scenario11,bus_gen,48:47,0.0799999999999983
Stage2,Scenario11,bus_gen,48:48,0.21999999999999886
Stage2,Scenario11,bus_gen,48:49,0.21999999999999886
Stage2,Scenario11,bus_gen,49:50,0.0799999999999983
Stage2,Scenario11,bus_gen,49:51,0.0799999999999983
Stage2,Scenario11,bus_gen,49:52,0.21999999999999886
Stage2,Scenario11,bus_gen,49:53,0.21999999999999886
Stage2,Scenario11,bus_gen,50:155,0.7550000000000305
Stage2,Scenario11,bus_gen,54:54,0.21999999999999886
Stage2,Scenario11,bus_gen,54:55,0.21999999999999886
Stage2,Scenario11,bus_gen,55:122,0.0
Stage2,Scenario11,bus_gen,56:153,0.0
Stage2,Scenario11,bus_gen,57:103,0.0
Stage2,Scenario11,bus_gen,57:106,0.0
Stage2,Scenario11,bus_gen,59:105,0.0
Stage2,Scenario11,bus_gen,6:8,3.55
Stage2,Scenario11,bus_gen,60:102,0.9329999999999998
Stage2,Scenario11,bus_gen,60:123,1.0170000000000001
Stage2,Scenario11,bus_gen,60:124,0.631
Stage2,Scenario11,bus_gen,60:125,0.654
Stage2,Scenario11,bus_gen,60:126,0.6699999999999999
Stage2,Scenario11,bus_gen,60:127,0.648
Stage2,Scenario11,bus_gen,60:128,0.638
Stage2,Scenario11,bus_gen,60:129,0.6409999999999999
Stage2,Scenario11,bus_gen,60:130,0.6659999999999999
Stage2,Scenario11,bus_gen,60:131,0.624
Stage2,Scenario11,bus_gen,60:132,0.669
Stage2,Scenario11,bus_gen,60:133,0.652
Stage2,Scenario11,bus_gen,60:134,0.2779999999999998
Stage2,Scenario11,bus_gen,60:138,0.272
Stage2,Scenario11,bus_gen,60:157,0.5
Stage2,Scenario11,bus_gen,60:56,1.6999999999999982
Stage2,Scenario11,bus_gen,60:99,0.951
Stage2,Scenario11,bus_gen,61:100,0.927
Stage2,Scenario11,bus_gen,61:101,0.516
Stage2,Scenario11,bus_gen,61:91,0.0
Stage2,Scenario11,bus_gen,61:97,0.516
Stage2,Scenario11,bus_gen,61:98,0.516
Stage2,Scenario11,bus_gen,62:57,0.049999999999998934
Stage2,Scenario11,bus_gen,62:58,0.049999999999998934
Stage2,Scenario11,bus_gen,62:59,0.049999999999998934
Stage2,Scenario11,bus_gen,62:60,0.049999999999998934
Stage2,Scenario11,bus_gen,62:61,0.049999999999998934
Stage2,Scenario11,bus_gen,62:62,0.21999999999999886
Stage2,Scenario11,bus_gen,62:63,0.21999999999999886
Stage2,Scenario11,bus_gen,62:64,0.21999999999999886
Stage2,Scenario11,bus_gen,63:65,1.2500000000000002
Stage2,Scenario11,bus_gen,64:154,0.0
Stage2,Scenario11,bus_gen,65:66,2.916000000000001
Stage2,Scenario11,bus_gen,66:110,1.882
Stage2,Scenario11,bus_gen,67:135,0.273
Stage2,Scenario11,bus_gen,67:136,0.27
Stage2,Scenario11,bus_gen,67:137,0.28300000000000003
Stage2,Scenario11,bus_gen,67:139,0.27
Stage2,Scenario11,bus_gen,67:140,0.2819999999999999
Stage2,Scenario11,bus_gen,67:147,0.094
Stage2,Scenario11,bus_gen,67:96,0.516
Stage2,Scenario11,bus_gen,68:67,1.6999999999999982
Stage2,Scenario11,bus_gen,69:68,0.21999999999999886
Stage2,Scenario11,bus_gen,69:69,0.21999999999999886
Stage2,Scenario11,bus_gen,69:92,0.5
Stage2,Scenario11,bus_gen,69:93,0.5
Stage2,Scenario11,bus_gen,69:94,0.5
Stage2,Scenario11,bus_gen,69:95,0.5
Stage2,Scenario11,bus_gen,70:70,1.6999999999999982
Stage2,Scenario11,bus_gen,70:71,1.6999999999999982
Stage2,Scenario11,bus_gen,71:104,0.0
Stage2,Scenario11,bus_gen,71:107,0.0
Stage2,Scenario11,bus_gen,71:108,0.0
Stage2,Scenario11,cvar,None,27.4536842105263
Stage2,Scenario11,gen_curtailment,0:0,0.0
Stage2,Scenario11,gen_curtailment,0:1,0.0
Stage2,Scenario11,gen_curtailment,0:113,0.0
Stage2,Scenario11,gen_curtailment,0:117,0.0
Stage2,Scenario11,gen_curtailment,0:118,0.0
Stage2,Scenario11,gen_curtailment,0:119,0.0
Stage2,Scenario11,gen_curtailment,0:2,0.0
Stage2,Scenario11,gen_curtailment,0:3,0.0
Stage2,Scenario11,gen_curtailment,1:112,0.0
Stage2,Scenario11,gen_curtailment,1:114,0.0
Stage2,Scenario11,gen_curtailment,1:4,0.0
Stage2,Scenario11,gen_curtailment,1:5,0.0
Stage2,Scenario11,gen_curtailment,1:6,0.0
Stage2,Scenario11,gen_curtailment,1:7,0.0
Stage2,Scenario11,gen_curtailment,12:10,0.0
Stage2,Scenario11,gen_curtailment,12:109,0.0
Stage2,Scenario11,gen_curtailment,12:11,0.0
Stage2,Scenario11,gen_curtailment,12:12,0.0
Stage2,Scenario11,gen_curtailment,12:9,0.0
Stage2,Scenario11,gen_curtailment,13:72,0.0
Stage2,Scenario11,gen_curtailment,14:13,0.0
Stage2,Scenario11,gen_curtailment,14:14,0.0
Stage2,Scenario11,gen_curtailment,14:15,0.0
Stage2,Scenario11,gen_curtailment,15:16,0.0
Stage2,Scenario11,gen_curtailment,17:141,0.0
Stage2,Scenario11,gen_curtailment,17:142,0.0
Stage2,Scenario11,gen_curtailment,17:143,0.0
Stage2,Scenario11,gen_curtailment,17:144,0.0
Stage2,Scenario11,gen_curtailment,17:145,0.0
Stage2,Scenario11,gen_curtailment,17:146,0.0
Stage2,Scenario11,gen_curtailment,17:148,0.0
Stage2,Scenario11,gen_curtailment,17:149,0.0
Stage2,Scenario11,gen_curtailment,17:150,0.0
Stage2,Scenario11,gen_curtailment,17:151,0.0
Stage2,Scenario11,gen_curtailment,17:17,0.0
Stage2,Scenario11,gen_curtailment,18:121,0.0
Stage2,Scenario11,gen_curtailment,2:120,0.0
Stage2,Scenario11,gen_curtailment,20:73,0.0
Stage2,Scenario11,gen_curtailment,21:156,0.0
Stage2,Scenario11,gen_curtailment,21:74,0.0
Stage2,Scenario11,gen_curtailment,21:75,0.0
Stage2,Scenario11,gen_curtailment,21:76,0.0
Stage2,Scenario11,gen_curtailment,21:77,0.0
Stage2,Scenario11,gen_curtailment,21:78,0.0
Stage2,Scenario11,gen_curtailment,21:79,0.0
Stage2,Scenario11,gen_curtailment,22:18,0.0
Stage2,Scenario11,gen_curtailment,22:19,0.0
Stage2,Scenario11,gen_curtailment,22:20,0.0
Stage2,Scenario11,gen_curtailment,22:21,0.0
Stage2,Scenario11,gen_curtailment,22:22,0.0
Stage2,Scenario11,gen_curtailment,24:23,0.0
Stage2,Scenario11,gen_curtailment,24:24,0.0
Stage2,Scenario11,gen_curtailment,24:25,0.0
Stage2,Scenario11,gen_curtailment,24:80,0.0
Stage2,Scenario11,gen_curtailment,25:26,0.0
Stage2,Scenario11,gen_curtailment,25:27,0.0
Stage2,Scenario11,gen_curtailment,25:28,0.0
Stage2,Scenario11,gen_curtailment,25:29,0.0
Stage2,Scenario11,gen_curtailment,3:115,0.0
Stage2,Scenario11,gen_curtailment,30:30,0.0
Stage2,Scenario11,gen_curtailment,30:31,0.0
Stage2,Scenario11,gen_curtailment,35:116,0.0
Stage2,Scenario11,gen_curtailment,36:152,0.0
Stage2,Scenario11,gen_curtailment,36:32,0.0
Stage2,Scenario11,gen_curtailment,36:33,0.0
Stage2,Scenario11,gen_curtailment,36:34,0.0
Stage2,Scenario11,gen_curtailment,37:81,0.0
Stage2,Scenario11,gen_curtailment,38:111,0.0
Stage2,Scenario11,gen_curtailment,38:35,0.0
Stage2,Scenario11,gen_curtailment,38:36,0.0
Stage2,Scenario11,gen_curtailment,38:82,0.0
Stage2,Scenario11,gen_curtailment,38:83,0.0
Stage2,Scenario11,gen_curtailment,38:84,0.0
Stage2,Scenario11,gen_curtailment,39:37,0.0
Stage2,Scenario11,gen_curtailment,41:38,0.0
Stage2,Scenario11,gen_curtailment,44:39,0.0
Stage2,Scenario11,gen_curtailment,45:85,0.0
Stage2,Scenario11,gen_curtailment,45:86,0.0
Stage2,Scenario11,gen_curtailment,45:87,0.0
Stage2,Scenario11,gen_curtailment,45:88,0.0
Stage2,Scenario11,gen_curtailment,45:89,0.0
Stage2,Scenario11,gen_curtailment,45:90,0.0
Stage2,Scenario11,gen_curtailment,46:40,0.0
Stage2,Scenario11,gen_curtailment,46:41,0.0
Stage2,Scenario11,gen_curtailment,46:42,0.0
Stage2,Scenario11,gen_curtailment,46:43,0.0
Stage2,Scenario11,gen_curtailment,46:44,0.0
Stage2,Scenario11,gen_curtailment,46:45,0.0
Stage2,Scenario11,gen_curtailment,48:46,0.0
Stage2,Scenario11,gen_curtailment,48:47,0.0
Stage2,Scenario11,gen_curtailment,48:48,0.0
Stage2,Scenario11,gen_curtailment,48:49,0.0
Stage2,Scenario11,gen_curtailment,49:50,0.0
Stage2,Scenario11,gen_curtailment,49:51,0.0
Stage2,Scenario11,gen_curtailment,49:52,0.0
Stage2,Scenario11,gen_curtailment,49:53,0.0
Stage2,Scenario11,gen_curtailment,50:155,0.0
Stage2,Scenario11,gen_curtailment,54:54,0.0
Stage2,Scenario11,gen_curtailment,54:55,0.0
Stage2,Scenario11,gen_curtailment,55:122,0.0
Stage2,Scenario11,gen_curtailment,56:153,0.0
Stage2,Scenario11,gen_curtailment,57:103,0.0
Stage2,Scenario11,gen_curtailment,57:106,0.0
Stage2,Scenario11,gen_curtailment,59:105,0.0
Stage2,Scenario11,gen_curtailment,6:8,0.0
Stage2,Scenario11,gen_curtailment,60:102,0.0
Stage2,Scenario11,gen_curtailment,60:123,0.0
Stage2,Scenario11,gen_curtailment,60:124,0.0
Stage2,Scenario11,gen_curtailment,60:125,0.0
Stage2,Scenario11,gen_curtailment,60:126,0.0
Stage2,Scenario11,gen_curtailment,60:127,0.0
Stage2,Scenario11,gen_curtailment,60:128,0.0
Stage2,Scenario11,gen_curtailment,60:129,0.0
Stage2,Scenario11,gen_curtailment,60:130,0.0
Stage2,Scenario11,gen_curtailment,60:131,0.0
Stage2,Scenario11,gen_curtailment,60:132,0.0
Stage2,Scenario11,gen_curtailment,60:133,0.0
Stage2,Scenario11,gen_curtailment,60:134,0.0
Stage2,Scenario11,gen_curtailment,60:138,0.0
Stage2,Scenario11,gen_curtailment,60:157,0.0
Stage2,Scenario11,gen_curtailment,60:56,0.0
Stage2,Scenario11,gen_curtailment,60:99,0.0
Stage2,Scenario11,gen_curtailment,61:100,0.0
Stage2,Scenario11,gen_curtailment,61:101,0.0
Stage2,Scenario11,gen_curtailment,61:91,0.0
Stage2,Scenario11,gen_curtailment,61:97,0.0
Stage2,Scenario11,gen_curtailment,61:98,0.0
Stage2,Scenario11,gen_curtailment,62:57,0.0
Stage2,Scenario11,gen_curtailment,62:58,0.0
Stage2,Scenario11,gen_curtailment,62:59,0.0
Stage2,Scenario11,gen_curtailment,62:60,0.0
Stage2,Scenario11,gen_curtailment,62:61,0.0
Stage2,Scenario11,gen_curtailment,62:62,0.0
Stage2,Scenario11,gen_curtailment,62:63,0.0
Stage2,Scenario11,gen_curtailment,62:64,0.0
Stage2,Scenario11,gen_curtailment,63:65,0.0
Stage2,Scenario11,gen_curtailment,64:154,0.0
Stage2,Scenario11,gen_curtailment,65:66,0.0
Stage2,Scenario11,gen_curtailment,66:110,0.0
Stage2,Scenario11,gen_curtailment,67:135,0.0
Stage2,Scenario11,gen_curtailment,67:136,0.0
Stage2,Scenario11,gen_curtailment,67:137,0.0
Stage2,Scenario11,gen_curtailment,67:139,0.0
Stage2,Scenario11,gen_curtailment,67:140,0.0
Stage2,Scenario11,gen_curtailment,67:147,0.0
Stage2,Scenario11,gen_curtailment,67:96,0.0
Stage2,Scenario11,gen_curtailment,68:67,0.0
Stage2,Scenario11,gen_curtailment,69:68,0.0
Stage2,Scenario11,gen_curtailment,69:69,0.0
Stage2,Scenario11,gen_curtailment,69:92,0.0
Stage2,Scenario11,gen_curtailment,69:93,0.0
Stage2,Scenario11,gen_curtailment,69:94,0.0
Stage2,Scenario11,gen_curtailment,69:95,0.0
Stage2,Scenario11,gen_curtailment,70:70,0.0
Stage2,Scenario11,gen_curtailment,70:71,0.0
Stage2,Scenario11,gen_curtailment,71:104,0.0
Stage2,Scenario11,gen_curtailment,71:107,0.0
Stage2,Scenario11,gen_curtailment,71:108,0.0
Stage2,Scenario11,load_shed,0,0.0
Stage2,Scenario11,load_shed,1,0.0
Stage2,Scenario11,load_shed,10,0.0
Stage2,Scenario11,load_shed,11,0.0
Stage2,Scenario11,load_shed,12,0.0
Stage2,Scenario11,load_shed,13,0.0
Stage2,Scenario11,load_shed,14,0.0
Stage2,Scenario11,load_shed,15,0.0
Stage2,Scenario11,load_shed,16,0.0
Stage2,Scenario11,load_shed,17,0.0
Stage2,Scenario11,load_shed,18,0.0
Stage2,Scenario11,load_shed,19,0.0
Stage2,Scenario11,load_shed,2,0.0
Stage2,Scenario11,load_shed,20,0.0
Stage2,Scenario11,load_shed,21,0.0
Stage2,Scenario11,load_shed,22,0.0
Stage2,Scenario11,load_shed,23,0.0
Stage2,Scenario11,load_shed,24,0.0
Stage2,Scenario11,load_shed,25,0.0
Stage2,Scenario11,load_shed,26,0.0
Stage2,Scenario11,load_shed,27,0.0
Stage2,Scenario11,load_shed,28,0.0
Stage2,Scenario11,load_shed,29,0.0
Stage2,Scenario11,load_shed,3,0.0
Stage2,Scenario11,load_shed,30,0.0
Stage2,Scenario11,load_shed,31,0.0
Stage2,Scenario11,load_shed,32,0.0
Stage2,Scenario11,load_shed,33,0.0
Stage2,Scenario11,load_shed,34,0.0
Stage2,Scenario11,load_shed,35,0.0
Stage2,Scenario11,load_shed,36,0.0
Stage2,Scenario11,load_shed,37,0.0
Stage2,Scenario11,load_shed,38,0.0
Stage2,Scenario11,load_shed,39,0.0
Stage2,Scenario11,load_shed,4,0.0
Stage2,Scenario11,load_shed,40,0.0
Stage2,Scenario11,load_shed,41,0.0
Stage2,Scenario11,load_shed,42,0.0
Stage2,Scenario11,load_shed,43,0.0
Stage2,Scenario11,load_shed,44,0.0
Stage2,Scenario11,load_shed,45,0.0
Stage2,Scenario11,load_shed,46,0.0
Stage2,Scenario11,load_shed,47,0.0
Stage2,Scenario11,load_shed,48,0.0
Stage2,Scenario11,load_shed,49,0.0
Stage2,Scenario11,load_shed,5,0.0
Stage2,Scenario11,load_shed,50,0.0
Stage2,Scenario11,load_shed,51,0.0
Stage2,Scenario11,load_shed,52,0.0
Stage2,Scenario11,load_shed,53,0.0
Stage2,Scenario11,load_shed,54,0.0
Stage2,Scenario11,load_shed,55,0.0
Stage2,Scenario11,load_shed,56,0.0
Stage2,Scenario11,load_shed,57,0.0
Stage2,Scenario11,load_shed,58,0.0
Stage2,Scenario11,load_shed,59,0.0
Stage2,Scenario11,load_shed,6,0.0
Stage2,Scenario11,load_shed,60,0.0
Stage2,Scenario11,load_shed,61,0.0
Stage2,Scenario11,load_shed,62,0.0
Stage2,Scenario11,load_shed,63,0.0
Stage2,Scenario11,load_shed,64,0.0
Stage2,Scenario11,load_shed,65,0.0
Stage2,Scenario11,load_shed,66,0.0
Stage2,Scenario11,load_shed,67,0.0
Stage2,Scenario11,load_shed,68,0.0
Stage2,Scenario11,load_shed,69,0.0
Stage2,Scenario11,load_shed,7,0.0
Stage2,Scenario11,load_shed,70,0.0
Stage2,Scenario11,load_shed,71,0.0
Stage2,Scenario11,load_shed,72,0.0
Stage2,Scenario11,load_shed,8,0.0
Stage2,Scenario11,load_shed,9,0.0
Stage2,Scenario11,load_shed_value,None,0.0
Stage2,Scenario11,nu,None,0.0
Stage2,Scenario11,theta,0,-0.23193741444278665
Stage2,Scenario11,theta,1,-0.22897133518793047
Stage2,Scenario11,theta,10,-0.05463352469472169
Stage2,Scenario11,theta,11,-0.06022321198805629
Stage2,Scenario11,theta,12,0.0
Stage2,Scenario11,theta,13,0.048848945483731816
Stage2,Scenario11,theta,14,0.3727207270131024
Stage2,Scenario11,theta,15,0.3086771774010832
Stage2,Scenario11,theta,16,0.40884821917093617
Stage2,Scenario11,theta,17,0.4555048082414331
Stage2,Scenario11,theta,18,0.2220561491654744
Stage2,Scenario11,theta,19,0.16961351591711896
Stage2,Scenario11,theta,2,-0.35420958789361057
Stage2,Scenario11,theta,20,0.49882878380689455
Stage2,Scenario11,theta,21,0.46346070059738487
Stage2,Scenario11,theta,22,0.15485006763052345
Stage2,Scenario11,theta,23,0.3727207270131024
Stage2,Scenario11,theta,24,-0.2595839018463267
Stage2,Scenario11,theta,25,-0.2586407019015444
Stage2,Scenario11,theta,26,-0.22251648152028738
Stage2,Scenario11,theta,27,-0.30587406100635256
Stage2,Scenario11,theta,28,-0.3125428460567716
Stage2,Scenario11,theta,29,-0.35669747539575436
Stage2,Scenario11,theta,3,-0.26028559905441684
Stage2,Scenario11,theta,30,-0.5435521383385303
Stage2,Scenario11,theta,31,-0.4941421383385301
Stage2,Scenario11,theta,32,-0.26759334720241595
Stage2,Scenario11,theta,33,-0.30489092947464397
Stage2,Scenario11,theta,34,-0.16478254281148227
Stage2,Scenario11,theta,35,-0.10112712737609195
Stage2,Scenario11,theta,36,-0.05680463970423137
Stage2,Scenario11,theta,37,-0.1403361408727123
Stage2,Scenario11,theta,38,0.009522213454320116
Stage2,Scenario11,theta,39,0.008465233279369376
Stage2,Scenario11,theta,4,-0.2516891900112918
Stage2,Scenario11,theta,40,0.07974039898491252
Stage2,Scenario11,theta,41,0.08636658231423078
Stage2,Scenario11,theta,42,-0.010658591498752189
Stage2,Scenario11,theta,43,0.008911995650705353
Stage2,Scenario11,theta,44,0.09251946683431203
Stage2,Scenario11,theta,45,0.2113115095293458
Stage2,Scenario11,theta,46,0.033755818582908076
Stage2,Scenario11,theta,47,-0.0783840384667027
Stage2,Scenario11,theta,48,0.6780778765637339
Stage2,Scenario11,theta,49,0.6755307716083995
Stage2,Scenario11,theta,5,-0.27727242752565295
Stage2,Scenario11,theta,50,0.8009194399590848
Stage2,Scenario11,theta,51,0.7014912623695944
Stage2,Scenario11,theta,52,0.6848565045032923
Stage2,Scenario11,theta,53,0.6723916903952595
Stage2,Scenario11,theta,54,0.5197223125323884
Stage2,Scenario11,theta,55,0.5691323125323886
Stage2,Scenario11,theta,56,0.799710246929943
Stage2,Scenario11,theta,57,0.7543543781348347
Stage2,Scenario11,theta,58,0.9789450575797396
Stage2,Scenario11,theta,59,0.9736236058125812
Stage2,Scenario11,theta,6,-0.11561774238532968
Stage2,Scenario11,theta,60,1.1662351321525355
Stage2,Scenario11,theta,61,1.012709234646586
Stage2,Scenario11,theta,62,1.0256619349022844
Stage2,Scenario11,theta,63,1.0285748643357273
Stage2,Scenario11,theta,64,1.1346927049022844
Stage2,Scenario11,theta,65,1.1227015649022845
Stage2,Scenario11,theta,66,1.0329507929993726
Stage2,Scenario11,theta,67,1.0353159483590642
Stage2,Scenario11,theta,68,1.1169489349022843
Stage2,Scenario11,theta,69,1.2246262549022842
Stage2,Scenario11,theta,7,-0.21541573563233327
Stage2,Scenario11,theta,70,1.0288287838068946
Stage2,Scenario11,theta,71,0.9405197978117511
Stage2,Scenario11,theta,72,0.9838287838068946
Stage2,Scenario11,theta,8,-0.20896877576398046
Stage2,Scenario11,theta,9,-0.20965808707045
Stage2,Scenario11,xij,0,1.0
Stage2,Scenario11,xij,1,1.0
Stage2,Scenario11,xij,10,1.0
Stage2,Scenario11,xij,100,1.0
Stage2,Scenario11,xij,101,1.0
Stage2,Scenario11,xij,102,1.0
Stage2,Scenario11,xij,103,1.0
Stage2,Scenario11,xij,104,1.0
Stage2,Scenario11,xij,105,1.0
Stage2,Scenario11,xij,106,0.0
Stage2,Scenario11,xij,107,1.0
Stage2,Scenario11,xij,108,1.0
Stage2,Scenario11,xij,109,1.0
Stage2,Scenario11,xij,11,1.0
Stage2,Scenario11,xij,110,1.0
Stage2,Scenario11,xij,111,1.0
Stage2,Scenario11,xij,112,1.0
Stage2,Scenario11,xij,113,1.0
Stage2,Scenario11,xij,114,1.0
Stage2,Scenario11,xij,115,1.0
Stage2,Scenario11,xij,116,1.0
Stage2,Scenario11,xij,117,1.0
Stage2,Scenario11,xij,118,0.0
Stage2,Scenario11,xij,119,1.0
Stage2,Scenario11,xij,12,1.0
Stage2,Scenario11,xij,13,1.0
Stage2,Scenario11,xij,14,1.0
Stage2,Scenario11,xij,15,1.0
Stage2,Scenario11,xij,16,1.0
Stage2,Scenario11,xij,17,1.0
Stage2,Scenario11,xij,18,1.0
Stage2,Scenario11,xij,19,1.0
Stage2,Scenario11,xij,2,1.0
Stage2,Scenario11,xij,20,1.0
Stage2,Scenario11,xij,21,1.0
Stage2,Scenario11,xij,22,1.0
Stage2,Scenario11,xij,23,1.0
Stage2,Scenario11,xij,24,1.0
Stage2,Scenario11,xij,25,1.0
Stage2,Scenario11,xij,26,1.0
Stage2,Scenario11,xij,27,1.0
Stage2,Scenario11,xij,28,1.0
Stage2,Scenario11,xij,29,1.0
Stage2,Scenario11,xij,3,1.0
Stage2,Scenario11,xij,30,1.0
Stage2,Scenario11,xij,31,1.0
Stage2,Scenario11,xij,32,1.0
Stage2,Scenario11,xij,33,1.0
Stage2,Scenario11,xij,34,1.0
Stage2,Scenario11,xij,35,1.0
Stage2,Scenario11,xij,36,1.0
Stage2,Scenario11,xij,37,1.0
Stage2,Scenario11,xij,38,1.0
Stage2,Scenario11,xij,39,1.0
Stage2,Scenario11,xij,4,1.0
Stage2,Scenario11,xij,40,1.0
Stage2,Scenario11,xij,41,1.0
Stage2,Scenario11,xij,42,1.0
Stage2,Scenario11,xij,43,1.0
Stage2,Scenario11,xij,44,1.0
Stage2,Scenario11,xij,45,1.0
Stage2,Scenario11,xij,46,1.0
Stage2,Scenario11,xij,47,1.0
Stage2,Scenario11,xij,48,1.0
Stage2,Scenario11,xij,49,1.0
Stage2,Scenario11,xij,5,1.0
Stage2,Scenario11,xij,50,1.0
Stage2,Scenario11,xij,51,1.0
Stage2,Scenario11,xij,52,1.0
Stage2,Scenario11,xij,53,1.0
Stage2,Scenario11,xij,54,1.0
Stage2,Scenario11,xij,55,1.0
Stage2,Scenario11,xij,56,1.0
Stage2,Scenario11,xij,57,1.0
Stage2,Scenario11,xij,58,1.0
Stage2,Scenario11,xij,59,1.0
Stage2,Scenario11,xij,6,0.0
Stage2,Scenario11,xij,60,1.0
Stage2,Scenario11,xij,61,1.0
Stage2,Scenario11,xij,62,1.0
Stage2,Scenario11,xij,63,1.0
Stage2,Scenario11,xij,64,1.0
Stage2,Scenario11,xij,65,1.0
Stage2,Scenario11,xij,66,1.0
Stage2,Scenario11,xij,67,1.0
Stage2,Scenario11,xij,68,1.0
Stage2,Scenario11,xij,69,1.0
Stage2,Scenario11,xij,7,1.0
Stage2,Scenario11,xij,70,1.0
Stage2,Scenario11,xij,71,1.0
Stage2,Scenario11,xij,72,1.0
Stage2,Scenario11,xij,73,1.0
Stage2,Scenario11,xij,74,1.0
Stage2,Scenario11,xij,75,1.0
Stage2,Scenario11,xij,76,1.0
Stage2,Scenario11,xij,77,1.0
Stage2,Scenario11,xij,78,1.0
Stage2,Scenario11,xij,79,1.0
Stage2,Scenario11,xij,8,1.0
Stage2,Scenario11,xij,80,1.0
Stage2,Scenario11,xij,81,1.0
Stage2,Scenario11,xij,82,1.0
Stage2,Scenario11,xij,83,1.0
Stage2,Scenario11,xij,84,1.0
Stage2,Scenario11,xij,85,1.0
Stage2,Scenario11,xij,86,1.0
Stage2,Scenario11,xij,87,1.0
Stage2,Scenario11,xij,88,1.0
Stage2,Scenario11,xij,89,1.0
Stage2,Scenario11,xij,9,1.0
Stage2,Scenario11,xij,90,1.0
Stage2,Scenario11,xij,91,1.0
Stage2,Scenario11,xij,92,1.0
Stage2,Scenario11,xij,93,1.0
Stage2,Scenario11,xij,94,1.0
Stage2,Scenario11,xij,95,1.0
Stage2,Scenario11,xij,96,1.0
Stage2,Scenario11,xij,97,1.0
Stage2,Scenario11,xij,98,1.0
Stage2,Scenario11,xij,99,1.0
Stage2,Scenario12,Pij,0,0.6900645909611504
Stage2,Scenario12,Pij,1,-0.3914669907194383
Stage2,Scenario12,Pij,10,1.0175180197345635
Stage2,Scenario12,Pij,100,-0.3568571994741108
Stage2,Scenario12,Pij,101,-1.4285832505810752
Stage2,Scenario12,Pij,102,-1.509707282927669
Stage2,Scenario12,Pij,103,-1.3675566752284185
Stage2,Scenario12,Pij,104,-1.3675566752284185
Stage2,Scenario12,Pij,105,1.9848206333845184
Stage2,Scenario12,Pij,106,-1.258108184264215
Stage2,Scenario12,Pij,107,-1.4301823492445311
Stage2,Scenario12,Pij,108,-0.24912297914541506
Stage2,Scenario12,Pij,109,-1.0089852051188
Stage2,Scenario12,Pij,11,0.8684819802654367
Stage2,Scenario12,Pij,110,-0.19795072221217958
Stage2,Scenario12,Pij,111,-0.19795072221217958
Stage2,Scenario12,Pij,112,-1.6200911746222657
Stage2,Scenario12,Pij,113,-1.6200911746222657
Stage2,Scenario12,Pij,114,0.0
Stage2,Scenario12,Pij,115,-4.520182349244531
Stage2,Scenario12,Pij,116,-1.431014794881198
Stage2,Scenario12,Pij,117,-2.745432688501845
Stage2,Scenario12,Pij,118,-0.2672215347210556
Stage2,Scenario12,Pij,119,-2.745432688501845
Stage2,Scenario12,Pij,12,-0.40634641550454303
Stage2,Scenario12,Pij,13,-0.28613556476089347
Stage2,Scenario12,Pij,14,-1.0236000962596936
Stage2,Scenario12,Pij,15,-1.1241156793149496
Stage2,Scenario12,Pij,16,-1.27136606499051
Stage2,Scenario12,Pij,17,-1.3733671000121002
Stage2,Scenario12,Pij,18,-1.040530044672462
Stage2,Scenario12,Pij,19,-1.2544361165777418
Stage2,Scenario12,Pij,2,0.3014023997582844
Stage2,Scenario12,Pij,20,-0.8593507062153631
Stage2,Scenario12,Pij,21,-1.638132073111686
Stage2,Scenario12,Pij,22,-1.3522985884309904
Stage2,Scenario12,Pij,23,-0.061582162456834455
Stage2,Scenario12,Pij,24,-3.1944361165777417
Stage2,Scenario12,Pij,25,-0.025565485168046242
Stage2,Scenario12,Pij,26,-3.671467554520147
Stage2,Scenario12,Pij,27,0.0
Stage2,Scenario12,Pij,28,2.0170330396881937
Stage2,Scenario12,Pij,29,-4.949753980200926
Stage2,Scenario12,Pij,3,0.040064590961146895
Stage2,Scenario12,Pij,30,2.2797523784551417
Stage2,Scenario12,Pij,31,-1.2280997569780083
Stage2,Scenario12,Pij,32,-3.7216542232229175
Stage2,Scenario12,Pij,33,-1.2915498784890043
Stage2,Scenario12,Pij,34,-1.2915498784890043
Stage2,Scenario12,Pij,35,0.5678761892275708
Stage2,Scenario12,Pij,36,0.5678761892275708
Stage2,Scenario12,Pij,37,-0.07212381077242921
Stage2,Scenario12,Pij,38,-0.07212381077242921
Stage2,Scenario12,Pij,39,-5.0
Stage2,Scenario12,Pij,4,1.36
Stage2,Scenario12,Pij,40,0.83532171691246
Stage2,Scenario12,Pij,41,-0.3138650660576513
Stage2,Scenario12,Pij,42,-0.5150226605561146
Stage2,Scenario12,Pij,43,0.46888772661376243
Stage2,Scenario12,Pij,44,0.21719545714792954
Stage2,Scenario12,Pij,45,0.41893947679441906
Stage2,Scenario12,Pij,46,0.6511581601151653
Stage2,Scenario12,Pij,47,-2.0976988404058434
Stage2,Scenario12,Pij,48,-0.5228045428520705
Stage2,Scenario12,Pij,49,-0.24111227338623756
Stage2,Scenario12,Pij,5,0.4405660489687554
Stage2,Scenario12,Pij,50,-0.9410605232055811
Stage2,Scenario12,Pij,51,-0.1499999999999998
Stage2,Scenario12,Pij,52,-1.0809682940236858
Stage2,Scenario12,Pij,53,-0.779031705976314
Stage2,Scenario12,Pij,54,-1.2244590953846863
Stage2,Scenario12,Pij,55,-1.4781555813759033
Stage2,Scenario12,Pij,56,-1.8268794037121683
Stage2,Scenario12,Pij,57,-2.0843250988559645
Stage2,Scenario12,Pij,58,-1.8700671551545136
Stage2,Scenario12,Pij,59,-1.1812713439423392
Stage2,Scenario12,Pij,6,-2.0170330396881937
Stage2,Scenario12,Pij,60,-1.412779239155345
Stage2,Scenario12,Pij,61,-1.8497014410765238
Stage2,Scenario12,Pij,62,-1.2828463943098587
Stage2,Scenario12,Pij,63,-3.121271343942339
Stage2,Scenario12,Pij,64,1.5123151304089033
Stage2,Scenario12,Pij,65,-1.4952980666357905
Stage2,Scenario12,Pij,66,-1.4952980666357905
Stage2,Scenario12,Pij,67,2.0976988404058434
Stage2,Scenario12,Pij,68,-2.9587255836408786
Stage2,Scenario12,Pij,69,1.8997693701074432
Stage2,Scenario12,Pij,7,-0.4319354090388531
Stage2,Scenario12,Pij,70,-0.816744344720082
Stage2,Scenario12,Pij,71,-1.3066595220083363
Stage2,Scenario12,Pij,72,-0.408372172360041
Stage2,Scenario12,Pij,73,-0.408372172360041
Stage2,Scenario12,Pij,74,0.044884685053721514
Stage2,Scenario12,Pij,75,0.044884685053721514
Stage2,Scenario12,Pij,76,-0.5951153149462785
Stage2,Scenario12,Pij,77,-0.5951153149462785
Stage2,Scenario12,Pij,78,-1.6933404779916634
Stage2,Scenario12,Pij,79,0.21735688388626997
Stage2,Scenario12,Pij,8,-0.4085976002417155
Stage2,Scenario12,Pij,80,-0.21471254734721318
Stage2,Scenario12,Pij,81,-0.4826443365390627
Stage2,Scenario12,Pij,82,0.10846544750549579
Stage2,Scenario12,Pij,83,-0.2611085636192316
Stage2,Scenario12,Pij,84,-0.029891913962694847
Stage2,Scenario12,Pij,85,-1.9848206333845184
Stage2,Scenario12,Pij,86,-0.6315345524945042
Stage2,Scenario12,Pij,87,-1.1926443365390627
Stage2,Scenario12,Pij,88,-1.6211085636192317
Stage2,Scenario12,Pij,89,-0.8100000000000023
Stage2,Scenario12,Pij,9,0.0
Stage2,Scenario12,Pij,90,-1.75
Stage2,Scenario12,Pij,91,0.0
Stage2,Scenario12,Pij,92,-2.6784264664571995
Stage2,Scenario12,Pij,93,0.0
Stage2,Scenario12,Pij,94,-1.5789522977767045
Stage2,Scenario12,Pij,95,-3.184800602381593
Stage2,Scenario12,Pij,96,-4.768795513652829
Stage2,Scenario12,Pij,97,0.5114167494189248
Stage2,Scenario12,Pij,98,-1.9164074625983936
Stage2,Scenario12,Pij,99,-1.2683931397831996
Stage2,Scenario12,bus_gen,0:0,0.07999999999999831
Stage2,Scenario12,bus_gen,0:1,0.07999999999999831
Stage2,Scenario12,bus_gen,0:113,0.0
Stage2,Scenario12,bus_gen,0:117,0.0
Stage2,Scenario12,bus_gen,0:118,0.0
Stage2,Scenario12,bus_gen,0:119,0.0
Stage2,Scenario12,bus_gen,0:2,0.76
Stage2,Scenario12,bus_gen,0:3,0.76
Stage2,Scenario12,bus_gen,1:112,0.0
Stage2,Scenario12,bus_gen,1:114,0.0
Stage2,Scenario12,bus_gen,1:4,0.07999999999999831
Stage2,Scenario12,bus_gen,1:5,0.07999999999999831
Stage2,Scenario12,bus_gen,1:6,0.76
Stage2,Scenario12,bus_gen,1:7,0.76
Stage2,Scenario12,bus_gen,12:10,0.55
Stage2,Scenario12,bus_gen,12:109,0.9359999999999999
Stage2,Scenario12,bus_gen,12:11,0.55
Stage2,Scenario12,bus_gen,12:12,0.55
Stage2,Scenario12,bus_gen,12:9,0.55
Stage2,Scenario12,bus_gen,13:72,0.0
Stage2,Scenario12,bus_gen,14:13,0.11999999999999998
Stage2,Scenario12,bus_gen,14:14,0.11999999999999998
Stage2,Scenario12,bus_gen,14:15,1.2500000000000002
Stage2,Scenario12,bus_gen,15:16,1.55
Stage2,Scenario12,bus_gen,17:141,0.0
Stage2,Scenario12,bus_gen,17:142,0.0
Stage2,Scenario12,bus_gen,17:143,0.0
Stage2,Scenario12,bus_gen,17:144,0.0
Stage2,Scenario12,bus_gen,17:145,0.0
Stage2,Scenario12,bus_gen,17:146,0.0
Stage2,Scenario12,bus_gen,17:148,0.0
Stage2,Scenario12,bus_gen,17:149,0.0
Stage2,Scenario12,bus_gen,17:150,0.0
Stage2,Scenario12,bus_gen,17:151,0.0
Stage2,Scenario12,bus_gen,17:17,1.975
Stage2,Scenario12,bus_gen,18:121,0.6659999999999999
Stage2,Scenario12,bus_gen,2:120,0.615
Stage2,Scenario12,bus_gen,20:73,4.0
Stage2,Scenario12,bus_gen,21:156,7.135
Stage2,Scenario12,bus_gen,21:74,0.08665422322291683
Stage2,Scenario12,bus_gen,21:75,0.0
Stage2,Scenario12,bus_gen,21:76,0.5
Stage2,Scenario12,bus_gen,21:77,0.5
Stage2,Scenario12,bus_gen,21:78,0.0
Stage2,Scenario12,bus_gen,21:79,0.5
Stage2,Scenario12,bus_gen,22:18,0.9199999999999984
Stage2,Scenario12,bus_gen,22:19,1.3999999999999986
Stage2,Scenario12,bus_gen,22:20,0.55
Stage2,Scenario12,bus_gen,22:21,0.55
Stage2,Scenario12,bus_gen,22:22,0.55
Stage2,Scenario12,bus_gen,24:23,0.07999999999999831
Stage2,Scenario12,bus_gen,24:24,0.07999999999999831
Stage2,Scenario12,bus_gen,24:25,0.56
Stage2,Scenario12,bus_gen,24:80,0.0
Stage2,Scenario12,bus_gen,25:26,0.2
Stage2,Scenario12,bus_gen,25:27,0.2
Stage2,Scenario12,bus_gen,25:28,0.7599999999999999
Stage2,Scenario12,bus_gen,25:29,0.7599999999999999
Stage2,Scenario12,bus_gen,3:115,0.268
Stage2,Scenario12,bus_gen,30:30,0.55
Stage2,Scenario12,bus_gen,30:31,0.55
Stage2,Scenario12,bus_gen,35:116,0.29999999999999893
Stage2,Scenario12,bus_gen,36:152,0.0
Stage2,Scenario12,bus_gen,36:32,3.55
Stage2,Scenario12,bus_gen,36:33,0.55
Stage2,Scenario12,bus_gen,36:34,0.55
Stage2,Scenario12,bus_gen,37:81,0.0
Stage2,Scenario12,bus_gen,38:111,1.251
Stage2,Scenario12,bus_gen,38:35,0.55
Stage2,Scenario12,bus_gen,38:36,0.55
Stage2,Scenario12,bus_gen,38:82,0.5
Stage2,Scenario12,bus_gen,38:83,0.5
Stage2,Scenario12,bus_gen,38:84,0.5
Stage2,Scenario12,bus_gen,39:37,1.55
Stage2,Scenario12,bus_gen,41:38,3.33
Stage2,Scenario12,bus_gen,44:39,2.1139999999999985
Stage2,Scenario12,bus_gen,45:85,0.5
Stage2,Scenario12,bus_gen,45:86,0.5
Stage2,Scenario12,bus_gen,45:87,0.5
Stage2,Scenario12,bus_gen,45:88,0.5
Stage2,Scenario12,bus_gen,45:89,0.5
Stage2,Scenario12,bus_gen,45:90,0.5
Stage2,Scenario12,bus_gen,46:40,0.7699999999999984
Stage2,Scenario12,bus_gen,46:41,0.7699999999999984
Stage2,Scenario12,bus_gen,46:42,1.3999999999999986
Stage2,Scenario12,bus_gen,46:43,0.55
Stage2,Scenario12,bus_gen,46:44,0.55
Stage2,Scenario12,bus_gen,46:45,0.55
Stage2,Scenario12,bus_gen,48:46,0.07999999999999831
Stage2,Scenario12,bus_gen,48:47,0.07999999999999831
Stage2,Scenario12,bus_gen,48:48,0.2199999999999989
Stage2,Scenario12,bus_gen,48:49,0.2199999999999989
Stage2,Scenario12,bus_gen,49:50,0.07999999999999831
Stage2,Scenario12,bus_gen,49:51,0.07999999999999831
Stage2,Scenario12,bus_gen,49:52,0.2199999999999989
Stage2,Scenario12,bus_gen,49:53,0.2199999999999989
Stage2,Scenario12,bus_gen,50:155,0.0
Stage2,Scenario12,bus_gen,54:54,0.2199999999999989
Stage2,Scenario12,bus_gen,54:55,0.2199999999999989
Stage2,Scenario12,bus_gen,55:122,0.7700000000000021
Stage2,Scenario12,bus_gen,56:153,1.483
Stage2,Scenario12,bus_gen,57:103,0.0
Stage2,Scenario12,bus_gen,57:106,0.0
Stage2,Scenario12,bus_gen,59:105,0.0
Stage2,Scenario12,bus_gen,6:8,3.136
Stage2,Scenario12,bus_gen,60:102,0.9329999999999998
Stage2,Scenario12,bus_gen,60:123,1.0170000000000001
Stage2,Scenario12,bus_gen,60:124,0.0
Stage2,Scenario12,bus_gen,60:125,0.6540000000000001
Stage2,Scenario12,bus_gen,60:126,0.67
Stage2,Scenario12,bus_gen,60:127,0.0
Stage2,Scenario12,bus_gen,60:128,0.638
Stage2,Scenario12,bus_gen,60:129,0.6409999999999999
Stage2,Scenario12,bus_gen,60:130,0.6659999999999999
Stage2,Scenario12,bus_gen,60:131,0.624
Stage2,Scenario12,bus_gen,60:132,0.669
Stage2,Scenario12,bus_gen,60:133,0.652
Stage2,Scenario12,bus_gen,60:134,0.11434577677711344
Stage2,Scenario12,bus_gen,60:138,0.0
Stage2,Scenario12,bus_gen,60:157,0.0
Stage2,Scenario12,bus_gen,60:56,1.6999999999999984
Stage2,Scenario12,bus_gen,60:99,0.0
Stage2,Scenario12,bus_gen,61:100,0.0
Stage2,Scenario12,bus_gen,61:101,0.0
Stage2,Scenario12,bus_gen,61:91,0.0
Stage2,Scenario12,bus_gen,61:97,0.0
Stage2,Scenario12,bus_gen,61:98,0.0
Stage2,Scenario12,bus_gen,62:57,0.049999999999998934
Stage2,Scenario12,bus_gen,62:58,0.049999999999998934
Stage2,Scenario12,bus_gen,62:59,0.049999999999998934
Stage2,Scenario12,bus_gen,62:60,0.049999999999998934
Stage2,Scenario12,bus_gen,62:61,0.049999999999998934
Stage2,Scenario12,bus_gen,62:62,0.2199999999999989
Stage2,Scenario12,bus_gen,62:63,0.2199999999999989
Stage2,Scenario12,bus_gen,62:64,0.2199999999999989
Stage2,Scenario12,bus_gen,63:65,1.2500000000000002
Stage2,Scenario12,bus_gen,64:154,0.0
Stage2,Scenario12,bus_gen,65:66,2.9160000000000004
Stage2,Scenario12,bus_gen,66:110,0.0
Stage2,Scenario12,bus_gen,67:135,0.0
Stage2,Scenario12,bus_gen,67:136,0.0
Stage2,Scenario12,bus_gen,67:137,0.0
Stage2,Scenario12,bus_gen,67:139,0.0
Stage2,Scenario12,bus_gen,67:140,0.0
Stage2,Scenario12,bus_gen,67:147,0.0
Stage2,Scenario12,bus_gen,67:96,0.0
Stage2,Scenario12,bus_gen,68:67,1.6999999999999984
Stage2,Scenario12,bus_gen,69:68,0.2199999999999989
Stage2,Scenario12,bus_gen,69:69,0.2199999999999989
Stage2,Scenario12,bus_gen,69:92,0.5
Stage2,Scenario12,bus_gen,69:93,0.5
Stage2,Scenario12,bus_gen,69:94,0.5
Stage2,Scenario12,bus_gen,69:95,0.5
Stage2,Scenario12,bus_gen,70:70,1.6999999999999984
Stage2,Scenario12,bus_gen,70:71,1.6999999999999984
Stage2,Scenario12,bus_gen,71:104,0.0
Stage2,Scenario12,bus_gen,71:107,0.0
Stage2,Scenario12,bus_gen,71:108,0.0
Stage2,Scenario12,cvar,None,27.453684210526298
Stage2,Scenario12,gen_curtailment,0:0,0.0
Stage2,Scenario12,gen_curtailment,0:1,0.0
Stage2,Scenario12,gen_curtailment,0:113,0.0
Stage2,Scenario12,gen_curtailment,0:117,0.0
Stage2,Scenario12,gen_curtailment,0:118,0.0
Stage2,Scenario12,gen_curtailment,0:119,0.0
Stage2,Scenario12,gen_curtailment,0:2,0.0
Stage2,Scenario12,gen_curtailment,0:3,0.0
Stage2,Scenario12,gen_curtailment,1:112,0.0
Stage2,Scenario12,gen_curtailment,1:114,0.0
Stage2,Scenario12,gen_curtailment,1:4,0.0
Stage2,Scenario12,gen_curtailment,1:5,0.0
Stage2,Scenario12,gen_curtailment,1:6,0.0
Stage2,Scenario12,gen_curtailment,1:7,0.0
Stage2,Scenario12,gen_curtailment,12:10,0.0
Stage2,Scenario12,gen_curtailment,12:109,0.0
Stage2,Scenario12,gen_curtailment,12:11,0.0
Stage2,Scenario12,gen_curtailment,12:12,0.0
Stage2,Scenario12,gen_curtailment,12:9,0.0
Stage2,Scenario12,gen_curtailment,13:72,0.0
Stage2,Scenario12,gen_curtailment,14:13,0.0
Stage2,Scenario12,gen_curtailment,14:14,0.0
Stage2,Scenario12,gen_curtailment,14:15,0.0
Stage2,Scenario12,gen_curtailment,15:16,0.0
Stage2,Scenario12,gen_curtailment,17:141,0.0
Stage2,Scenario12,gen_curtailment,17:142,0.0
Stage2,Scenario12,gen_curtailment,17:143,0.0
Stage2,Scenario12,gen_curtailment,17:144,0.0
Stage2,Scenario12,gen_curtailment,17:145,0.0
Stage2,Scenario12,gen_curtailment,17:146,0.0
Stage2,Scenario12,gen_curtailment,17:148,0.0
Stage2,Scenario12,gen_curtailment,17:149,0.0
Stage2,Scenario12,gen_curtailment,17:150,0.0
Stage2,Scenario12,gen_curtailment,17:151,0.0
Stage2,Scenario12,gen_curtailment,17:17,0.0
Stage2,Scenario12,gen_curtailment,18:121,0.0
Stage2,Scenario12,gen_curtailment,2:120,0.0
Stage2,Scenario12,gen_curtailment,20:73,0.0
Stage2,Scenario12,gen_curtailment,21:156,0.0
Stage2,Scenario12,gen_curtailment,21:74,0.0
Stage2,Scenario12,gen_curtailment,21:75,0.0
Stage2,Scenario12,gen_curtailment,21:76,0.0
Stage2,Scenario12,gen_curtailment,21:77,0.0
Stage2,Scenario12,gen_curtailment,21:78,0.0
Stage2,Scenario12,gen_curtailment,21:79,0.0
Stage2,Scenario12,gen_curtailment,22:18,0.0
Stage2,Scenario12,gen_curtailment,22:19,0.0
Stage2,Scenario12,gen_curtailment,22:20,0.0
Stage2,Scenario12,gen_curtailment,22:21,0.0
Stage2,Scenario12,gen_curtailment,22:22,0.0
Stage2,Scenario12,gen_curtailment,24:23,0.0
Stage2,Scenario12,gen_curtailment,24:24,0.0
Stage2,Scenario12,gen_curtailment,24:25,0.0
Stage2,Scenario12,gen_curtailment,24:80,0.0
Stage2,Scenario12,gen_curtailment,25:26,0.0
Stage2,Scenario12,gen_curtailment,25:27,0.0
Stage2,Scenario12,gen_curtailment,25:28,0.0
Stage2,Scenario12,gen_curtailment,25:29,0.0
Stage2,Scenario12,gen_curtailment,3:115,0.0
Stage2,Scenario12,gen_curtailment,30:30,0.0
Stage2,Scenario12,gen_curtailment,30:31,0.0
Stage2,Scenario12,gen_curtailment,35:116,0.0
Stage2,Scenario12,gen_curtailment,36:152,0.0
Stage2,Scenario12,gen_curtailment,36:32,0.0
Stage2,Scenario12,gen_curtailment,36:33,0.0
Stage2,Scenario12,gen_curtailment,36:34,0.0
Stage2,Scenario12,gen_curtailment,37:81,0.0
Stage2,Scenario12,gen_curtailment,38:111,0.0
Stage2,Scenario12,gen_curtailment,38:35,0.0
Stage2,Scenario12,gen_curtailment,38:36,0.0
Stage2,Scenario12,gen_curtailment,38:82,0.0
Stage2,Scenario12,gen_curtailment,38:83,0.0
Stage2,Scenario12,gen_curtailment,38:84,0.0
Stage2,Scenario12,gen_curtailment,39:37,0.0
Stage2,Scenario12,gen_curtailment,41:38,0.0
Stage2,Scenario12,gen_curtailment,44:39,0.0
Stage2,Scenario12,gen_curtailment,45:85,0.0
Stage2,Scenario12,gen_curtailment,45:86,0.0
Stage2,Scenario12,gen_curtailment,45:87,0.0
Stage2,Scenario12,gen_curtailment,45:88,0.0
Stage2,Scenario12,gen_curtailment,45:89,0.0
Stage2,Scenario12,gen_curtailment,45:90,0.0
Stage2,Scenario12,gen_curtailment,46:40,0.0
Stage2,Scenario12,gen_curtailment,46:41,0.0
Stage2,Scenario12,gen_curtailment,46:42,0.0
Stage2,Scenario12,gen_curtailment,46:43,0.0
Stage2,Scenario12,gen_curtailment,46:44,0.0
Stage2,Scenario12,gen_curtailment,46:45,0.0
Stage2,Scenario12,gen_curtailment,48:46,0.0
Stage2,Scenario12,gen_curtailment,48:47,0.0
Stage2,Scenario12,gen_curtailment,48:48,0.0
Stage2,Scenario12,gen_curtailment,48:49,0.0
Stage2,Scenario12,gen_curtailment,49:50,0.0
Stage2,Scenario12,gen_curtailment,49:51,0.0
Stage2,Scenario12,gen_curtailment,49:52,0.0
Stage2,Scenario12,gen_curtailment,49:53,0.0
Stage2,Scenario12,gen_curtailment,50:155,0.0
Stage2,Scenario12,gen_curtailment,54:54,0.0
Stage2,Scenario12,gen_curtailment,54:55,0.0
Stage2,Scenario12,gen_curtailment,55:122,0.0
Stage2,Scenario12,gen_curtailment,56:153,0.0
Stage2,Scenario12,gen_curtailment,57:103,0.0
Stage2,Scenario12,gen_curtailment,57:106,0.0
Stage2,Scenario12,gen_curtailment,59:105,0.0
Stage2,Scenario12,gen_curtailment,6:8,0.0
Stage2,Scenario12,gen_curtailment,60:102,0.0
Stage2,Scenario12,gen_curtailment,60:123,0.0
Stage2,Scenario12,gen_curtailment,60:124,0.0
Stage2,Scenario12,gen_curtailment,60:125,0.0
Stage2,Scenario12,gen_curtailment,60:126,0.0
Stage2,Scenario12,gen_curtailment,60:127,0.0
Stage2,Scenario12,gen_curtailment,60:128,0.0
Stage2,Scenario12,gen_curtailment,60:129,0.0
Stage2,Scenario12,gen_curtailment,60:130,0.0
Stage2,Scenario12,gen_curtailment,60:131,0.0
Stage2,Scenario12,gen_curtailment,60:132,0.0
Stage2,Scenario12,gen_curtailment,60:133,0.0
Stage2,Scenario12,gen_curtailment,60:134,0.0
Stage2,Scenario12,gen_curtailment,60:138,0.0
Stage2,Scenario12,gen_curtailment,60:157,0.0
Stage2,Scenario12,gen_curtailment,60:56,0.0
Stage2,Scenario12,gen_curtailment,60:99,0.0
Stage2,Scenario12,gen_curtailment,61:100,0.0
Stage2,Scenario12,gen_curtailment,61:101,0.0
Stage2,Scenario12,gen_curtailment,61:91,0.0
Stage2,Scenario12,gen_curtailment,61:97,0.0
Stage2,Scenario12,gen_curtailment,61:98,0.0
Stage2,Scenario12,gen_curtailment,62:57,0.0
Stage2,Scenario12,gen_curtailment,62:58,0.0
Stage2,Scenario12,gen_curtailment,62:59,0.0
Stage2,Scenario12,gen_curtailment,62:60,0.0
Stage2,Scenario12,gen_curtailment,62:61,0.0
Stage2,Scenario12,gen_curtailment,62:62,0.0
Stage2,Scenario12,gen_curtailment,62:63,0.0
Stage2,Scenario12,gen_curtailment,62:64,0.0
Stage2,Scenario12,gen_curtailment,63:65,0.0
Stage2,Scenario12,gen_curtailment,64:154,0.0
Stage2,Scenario12,gen_curtailment,65:66,0.0
Stage2,Scenario12,gen_curtailment,66:110,0.0
Stage2,Scenario12,gen_curtailment,67:135,0.0
Stage2,Scenario12,gen_curtailment,67:136,0.0
Stage2,Scenario12,gen_curtailment,67:137,0.0
Stage2,Scenario12,gen_curtailment,67:139,0.0
Stage2,Scenario12,gen_curtailment,67:140,0.0
Stage2,Scenario12,gen_curtailment,67:147,0.0
Stage2,Scenario12,gen_curtailment,67:96,0.0
Stage2,Scenario12,gen_curtailment,68:67,0.0
Stage2,Scenario12,gen_curtailment,69:68,0.0
Stage2,Scenario12,gen_curtailment,69:69,0.0
Stage2,Scenario12,gen_curtailment,69:92,0.0
Stage2,Scenario12,gen_curtailment,69:93,0.0
Stage2,Scenario12,gen_curtailment,69:94,0.0
Stage2,Scenario12,gen_curtailment,69:95,0.0
Stage2,Scenario12,gen_curtailment,70:70,0.0
Stage2,Scenario12,gen_curtailment,70:71,0.0
Stage2,Scenario12,gen_curtailment,71:104,0.0
Stage2,Scenario12,gen_curtailment,71:107,0.0
Stage2,Scenario12,gen_curtailment,71:108,0.0
Stage2,Scenario12,load_shed,0,0.0
Stage2,Scenario12,load_shed,1,0.0
Stage2,Scenario12,load_shed,10,0.0
Stage2,Scenario12,load_shed,11,0.0
Stage2,Scenario12,load_shed,12,0.0
Stage2,Scenario12,load_shed,13,0.0
Stage2,Scenario12,load_shed,14,0.0
Stage2,Scenario12,load_shed,15,0.0
Stage2,Scenario12,load_shed,16,0.0
Stage2,Scenario12,load_shed,17,0.0
Stage2,Scenario12,load_shed,18,0.0
Stage2,Scenario12,load_shed,19,0.0
Stage2,Scenario12,load_shed,2,0.0
Stage2,Scenario12,load_shed,20,0.0
Stage2,Scenario12,load_shed,21,0.0
Stage2,Scenario12,load_shed,22,0.0
Stage2,Scenario12,load_shed,23,0.0
Stage2,Scenario12,load_shed,24,0.0
Stage2,Scenario12,load_shed,25,0.0
Stage2,Scenario12,load_shed,26,0.0
Stage2,Scenario12,load_shed,27,0.0
Stage2,Scenario12,load_shed,28,0.0
Stage2,Scenario12,load_shed,29,0.0
Stage2,Scenario12,load_shed,3,0.0
Stage2,Scenario12,load_shed,30,0.0
Stage2,Scenario12,load_shed,31,0.0
Stage2,Scenario12,load_shed,32,0.0
Stage2,Scenario12,load_shed,33,0.0
Stage2,Scenario12,load_shed,34,0.0
Stage2,Scenario12,load_shed,35,0.0
Stage2,Scenario12,load_shed,36,0.0
Stage2,Scenario12,load_shed,37,0.0
Stage2,Scenario12,load_shed,38,0.0
Stage2,Scenario12,load_shed,39,0.0
Stage2,Scenario12,load_shed,4,0.0
Stage2,Scenario12,load_shed,40,0.0
Stage2,Scenario12,load_shed,41,0.0
Stage2,Scenario12,load_shed,42,0.0
Stage2,Scenario12,load_shed,43,0.0
Stage2,Scenario12,load_shed,44,0.0
Stage2,Scenario12,load_shed,45,0.0
Stage2,Scenario12,load_shed,46,0.0
Stage2,Scenario12,load_shed,47,0.0
Stage2,Scenario12,load_shed,48,0.0
Stage2,Scenario12,load_shed,49,0.0
Stage2,Scenario12,load_shed,5,0.0
Stage2,Scenario12,load_shed,50,0.0
Stage2,Scenario12,load_shed,51,0.0
Stage2,Scenario12,load_shed,52,0.0
Stage2,Scenario12,load_shed,53,0.0
Stage2,Scenario12,load_shed,54,0.0
Stage2,Scenario12,load_shed,55,0.0
Stage2,Scenario12,load_shed,56,0.0
Stage2,Scenario12,load_shed,57,0.0
Stage2,Scenario12,load_shed,58,0.0
Stage2,Scenario12,load_shed,59,0.0
Stage2,Scenario12,load_shed,6,0.0
Stage2,Scenario12,load_shed,60,0.0
Stage2,Scenario12,load_shed,61,0.0
Stage2,Scenario12,load_shed,62,0.0
Stage2,Scenario12,load_shed,63,0.0
Stage2,Scenario12,load_shed,64,0.0
Stage2,Scenario12,load_shed,65,0.0
Stage2,Scenario12,load_shed,66,0.0
Stage2,Scenario12,load_shed,67,0.0
Stage2,Scenario12,load_shed,68,0.0
Stage2,Scenario12,load_shed,69,0.0
Stage2,Scenario12,load_shed,7,0.0
Stage2,Scenario12,load_shed,70,0.0
Stage2,Scenario12,load_shed,71,0.0
Stage2,Scenario12,load_shed,72,0.0
Stage2,Scenario12,load_shed,8,0.0
Stage2,Scenario12,load_shed,9,0.0
Stage2,Scenario12,load_shed_value,None,0.0
Stage2,Scenario12,nu,None,0.0
Stage2,Scenario12,theta,0,-0.16867949768718585
Stage2,Scenario12,theta,1,-0.178340401960642
Stage2,Scenario12,theta,10,-0.04994544214427817
Stage2,Scenario12,theta,11,-0.04124883389833743
Stage2,Scenario12,theta,12,0.0
Stage2,Scenario12,theta,13,0.0027408747519869843
Stage2,Scenario12,theta,14,0.19077799238221704
Stage2,Scenario12,theta,15,0.1912126056300738
Stage2,Scenario12,theta,16,0.3199062091152979
Stage2,Scenario12,theta,17,0.33709960571299
Stage2,Scenario12,theta,18,0.13877830092560556
Stage2,Scenario12,theta,19,0.11606325335650271
Stage2,Scenario12,theta,2,-0.08607996264538444
Stage2,Scenario12,theta,20,0.37067990255370425
Stage2,Scenario12,theta,21,0.7106799025537043
Stage2,Scenario12,theta,22,0.11764997719349615
Stage2,Scenario12,theta,23,0.08589227431843097
Stage2,Scenario12,theta,24,-0.39198126202718364
Stage2,Scenario12,theta,25,-0.3875871511023765
Stage2,Scenario12,theta,26,-0.28331148064984346
Stage2,Scenario12,theta,27,-0.4151709741601636
Stage2,Scenario12,theta,28,-0.4318367187893535
Stage2,Scenario12,theta,29,-0.46802353064690494
Stage2,Scenario12,theta,3,-0.18342860501270764
Stage2,Scenario12,theta,30,-0.5483090702174562
Stage2,Scenario12,theta,31,-0.5391590702174562
Stage2,Scenario12,theta,32,-0.3607993017035481
Stage2,Scenario12,theta,33,-0.4106188387313645
Stage2,Scenario12,theta,34,-0.25485910077086504
Stage2,Scenario12,theta,35,-0.232909280802905
Stage2,Scenario12,theta,36,-0.16509587732344838
Stage2,Scenario12,theta,37,-0.2052457043252868
Stage2,Scenario12,theta,38,0.004618662184262584
Stage2,Scenario12,theta,39,-0.02109069503268878
Stage2,Scenario12,theta,4,-0.19429870166664004
Stage2,Scenario12,theta,40,0.05583617014197411
Stage2,Scenario12,theta,41,0.06727059096805525
Stage2,Scenario12,theta,42,-0.06478539054515997
Stage2,Scenario12,theta,43,-0.06658077794730882
Stage2,Scenario12,theta,44,0.0778882674494163
Stage2,Scenario12,theta,45,0.19303541995284945
Stage2,Scenario12,theta,46,-0.0534882410184907
Stage2,Scenario12,theta,47,-0.10446167751684124
Stage2,Scenario12,theta,48,-0.46088366656677415
Stage2,Scenario12,theta,49,-0.463926662941182
Stage2,Scenario12,theta,5,-0.439460401960642
Stage2,Scenario12,theta,50,-0.41557931907651213
Stage2,Scenario12,theta,51,-0.47770177477437986
Stage2,Scenario12,theta,52,-0.4198588979609538
Stage2,Scenario12,theta,53,-0.4137938187262895
Stage2,Scenario12,theta,54,-0.7501821813149515
Stage2,Scenario12,theta,55,-0.7007721813149514
Stage2,Scenario12,theta,56,-0.4120221813149514
Stage2,Scenario12,theta,57,-0.31490619634551625
Stage2,Scenario12,theta,58,-0.1802847234370745
Stage2,Scenario12,theta,59,-0.0433700969864617
Stage2,Scenario12,theta,6,-0.14348588182710814
Stage2,Scenario12,theta,60,0.04861746121826127
Stage2,Scenario12,theta,61,-0.20176422691266938
Stage2,Scenario12,theta,62,-0.14314283893815627
Stage2,Scenario12,theta,63,-0.1174778151283859
Stage2,Scenario12,theta,64,-0.0847670023375163
Stage2,Scenario12,theta,65,-0.08127928062948046
Stage2,Scenario12,theta,66,-0.08458362109576167
Stage2,Scenario12,theta,67,-0.019779974110871013
Stage2,Scenario12,theta,68,-0.0761325618519638
Stage2,Scenario12,theta,69,0.021176444199957692
Stage2,Scenario12,theta,7,-0.2055544810309165
Stage2,Scenario12,theta,70,0.07966403757250867
Stage2,Scenario12,theta,71,-0.24635351187414808
Stage2,Scenario12,theta,72,0.10437293176902523
Stage2,Scenario12,theta,8,-0.1385073224726669
Stage2,Scenario12,theta,9,-0.1583421128453691
Stage2,Scenario12,xij,0,1.0
Stage2,Scenario12,xij,1,1.0
Stage2,Scenario12,xij,10,1.0
Stage2,Scenario12,xij,100,1.0
Stage2,Scenario12,xij,101,1.0
Stage2,Scenario12,xij,102,1.0
Stage2,Scenario12,xij,103,1.0
Stage2,Scenario12,xij,104,1.0
Stage2,Scenario12,xij,105,1.0
Stage2,Scenario12,xij,106,1.0
Stage2,Scenario12,xij,107,1.0
Stage2,Scenario12,xij,108,1.0
Stage2,Scenario12,xij,109,1.0
Stage2,Scenario12,xij,11,1.0
Stage2,Scenario12,xij,110,1.0
Stage2,Scenario12,xij,111,1.0
Stage2,Scenario12,xij,112,1.0
Stage2,Scenario12,xij,113,1.0
Stage2,Scenario12,xij,114,0.0
Stage2,Scenario12,xij,115,1.0
Stage2,Scenario12,xij,116,1.0
Stage2,Scenario12,xij,117,1.0
Stage2,Scenario12,xij,118,1.0
Stage2,Scenario12,xij,119,1.0
Stage2,Scenario12,xij,12,1.0
Stage2,Scenario12,xij,13,1.0
Stage2,Scenario12,xij,14,1.0
Stage2,Scenario12,xij,15,1.0
Stage2,Scenario12,xij,16,1.0
Stage2,Scenario12,xij,17,1.0
Stage2,Scenario12,xij,18,1.0
Stage2,Scenario12,xij,19,1.0
Stage2,Scenario12,xij,2,1.0
Stage2,Scenario12,xij,20,1.0
Stage2,Scenario12,xij,21,1.0
Stage2,Scenario12,xij,22,1.0
Stage2,Scenario12,xij,23,1.0
Stage2,Scenario12,xij,24,1.0
Stage2,Scenario12,xij,25,1.0
Stage2,Scenario12,xij,26,1.0
Stage2,Scenario12,xij,27,0.0
Stage2,Scenario12,xij,28,1.0
Stage2,Scenario12,xij,29,1.0
Stage2,Scenario12,xij,3,1.0
Stage2,Scenario12,xij,30,1.0
Stage2,Scenario12,xij,31,1.0
Stage2,Scenario12,xij,32,1.0
Stage2,Scenario12,xij,33,1.0
Stage2,Scenario12,xij,34,1.0
Stage2,Scenario12,xij,35,1.0
Stage2,Scenario12,xij,36,1.0
Stage2,Scenario12,xij,37,1.0
Stage2,Scenario12,xij,38,1.0
Stage2,Scenario12,xij,39,1.0
Stage2,Scenario12,xij,4,1.0
Stage2,Scenario12,xij,40,1.0
Stage2,Scenario12,xij,41,1.0
Stage2,Scenario12,xij,42,1.0
Stage2,Scenario12,xij,43,1.0
Stage2,Scenario12,xij,44,1.0
Stage2,Scenario12,xij,45,1.0
Stage2,Scenario12,xij,46,1.0
Stage2,Scenario12,xij,47,1.0
Stage2,Scenario12,xij,48,1.0
Stage2,Scenario12,xij,49,1.0
Stage2,Scenario12,xij,5,1.0
Stage2,Scenario12,xij,50,1.0
Stage2,Scenario12,xij,51,1.0
Stage2,Scenario12,xij,52,1.0
Stage2,Scenario12,xij,53,1.0
Stage2,Scenario12,xij,54,1.0
Stage2,Scenario12,xij,55,1.0
Stage2,Scenario12,xij,56,1.0
Stage2,Scenario12,xij,57,1.0
Stage2,Scenario12,xij,58,1.0
Stage2,Scenario12,xij,59,1.0
Stage2,Scenario12,xij,6,1.0
Stage2,Scenario12,xij,60,1.0
Stage2,Scenario12,xij,61,1.0
Stage2,Scenario12,xij,62,1.0
Stage2,Scenario12,xij,63,1.0
Stage2,Scenario12,xij,64,1.0
Stage2,Scenario12,xij,65,1.0
Stage2,Scenario12,xij,66,1.0
Stage2,Scenario12,xij,67,1.0
Stage2,Scenario12,xij,68,1.0
Stage2,Scenario12,xij,69,1.0
Stage2,Scenario12,xij,7,1.0
Stage2,Scenario12,xij,70,1.0
Stage2,Scenario12,xij,71,1.0
Stage2,Scenario12,xij,72,1.0
Stage2,Scenario12,xij,73,1.0
Stage2,Scenario12,xij,74,1.0
Stage2,Scenario12,xij,75,1.0
Stage2,Scenario12,xij,76,1.0
Stage2,Scenario12,xij,77,1.0
Stage2,Scenario12,xij,78,1.0
Stage2,Scenario12,xij,79,1.0
Stage2,Scenario12,xij,8,1.0
Stage2,Scenario12,xij,80,1.0
Stage2,Scenario12,xij,81,1.0
Stage2,Scenario12,xij,82,1.0
Stage2,Scenario12,xij,83,1.0
Stage2,Scenario12,xij,84,1.0
Stage2,Scenario12,xij,85,1.0
Stage2,Scenario12,xij,86,1.0
Stage2,Scenario12,xij,87,1.0
Stage2,Scenario12,xij,88,1.0
Stage2,Scenario12,xij,89,1.0
Stage2,Scenario12,xij,9,0.0
Stage2,Scenario12,xij,90,1.0
Stage2,Scenario12,xij,91,0.0
Stage2,Scenario12,xij,92,1.0
Stage2,Scenario12,xij,93,0.0
Stage2,Scenario12,xij,94,1.0
Stage2,Scenario12,xij,95,1.0
Stage2,Scenario12,xij,96,1.0
Stage2,Scenario12,xij,97,1.0
Stage2,Scenario12,xij,98,1.0
Stage2,Scenario12,xij,99,1.0
Stage2,Scenario13,Pij,0,0.182946529971264
Stage2,Scenario13,Pij,1,-0.42618499517394387
Stage2,Scenario13,Pij,10,1.7339383477740562
Stage2,Scenario13,Pij,100,2.3512026625805977
Stage2,Scenario13,Pij,101,-1.94
Stage2,Scenario13,Pij,102,1.0508639579462036
Stage2,Scenario13,Pij,103,-0.001421243756041246
Stage2,Scenario13,Pij,104,-0.001421243756041246
Stage2,Scenario13,Pij,105,-3.30802147043413
Stage2,Scenario13,Pij,106,0.16239328257137411
Stage2,Scenario13,Pij,107,-0.8015293246251702
Stage2,Scenario13,Pij,108,1.2495409911030917
Stage2,Scenario13,Pij,109,-1.0871477085317176
Stage2,Scenario13,Pij,11,0.5660616522259438
Stage2,Scenario13,Pij,110,-1.525004901978098
Stage2,Scenario13,Pij,111,-1.525004901978098
Stage2,Scenario13,Pij,112,-1.3057646623125851
Stage2,Scenario13,Pij,113,-1.3057646623125851
Stage2,Scenario13,Pij,114,-1.9457646623125853
Stage2,Scenario13,Pij,115,-1.9457646623125853
Stage2,Scenario13,Pij,116,-1.3528522914682801
Stage2,Scenario13,Pij,117,2.6737594019048534
Stage2,Scenario13,Pij,118,3.8855507950592876
Stage2,Scenario13,Pij,119,2.6737594019048534
Stage2,Scenario13,Pij,12,-0.2943458749829554
Stage2,Scenario13,Pij,13,0.31828422275701146
Stage2,Scenario13,Pij,14,-1.5283062057648988
Stage2,Scenario13,Pij,15,-1.0105200288138556
Stage2,Scenario13,Pij,16,0.0
Stage2,Scenario13,Pij,17,-2.211050422473253
Stage2,Scenario13,Pij,18,-0.31363362870121914
Stage2,Scenario13,Pij,19,-1.2146725770636797
Stage2,Scenario13,Pij,2,0.8432384652026762
Stage2,Scenario13,Pij,20,-1.2469432126554754
Stage2,Scenario13,Pij,21,-1.9746272386316333
Stage2,Scenario13,Pij,22,-1.5136272176989156
Stage2,Scenario13,Pij,23,-0.4969496236577789
Stage2,Scenario13,Pij,24,-3.1546725770636797
Stage2,Scenario13,Pij,25,0.4962642097667805
Stage2,Scenario13,Pij,26,0.0
Stage2,Scenario13,Pij,27,-4.402449204940724
Stage2,Scenario13,Pij,28,2.226184995173944
Stage2,Scenario13,Pij,29,-5.0
Stage2,Scenario13,Pij,3,0.24551964040420157
Stage2,Scenario13,Pij,30,2.591591632703101
Stage2,Scenario13,Pij,31,-2.8348704669678026
Stage2,Scenario13,Pij,32,-2.1651295330321974
Stage2,Scenario13,Pij,33,-2.094935233483901
Stage2,Scenario13,Pij,34,-2.094935233483901
Stage2,Scenario13,Pij,35,0.7237958163515503
Stage2,Scenario13,Pij,36,0.7237958163515503
Stage2,Scenario13,Pij,37,0.08379581635155031
Stage2,Scenario13,Pij,38,0.08379581635155031
Stage2,Scenario13,Pij,39,-1.9585602700036722
Stage2,Scenario13,Pij,4,0.6474268895670591
Stage2,Scenario13,Pij,40,0.3493371763725486
Stage2,Scenario13,Pij,41,0.2258754918929878
Stage2,Scenario13,Pij,42,-0.18320934354285695
Stage2,Scenario13,Pij,43,0.5373338516498691
Stage2,Scenario13,Pij,44,0.7400000000000011
Stage2,Scenario13,Pij,45,0.4358754918929867
Stage2,Scenario13,Pij,46,0.1746302850863976
Stage2,Scenario13,Pij,47,-1.5917779764033095
Stage2,Scenario13,Pij,48,0.0
Stage2,Scenario13,Pij,49,-0.17266614835013086
Stage2,Scenario13,Pij,5,0.0
Stage2,Scenario13,Pij,50,-0.9241245081070134
Stage2,Scenario13,Pij,51,-0.8100000000000023
Stage2,Scenario13,Pij,52,-1.4065300724172407
Stage2,Scenario13,Pij,53,-1.1134699275827618
Stage2,Scenario13,Pij,54,-1.1796373913853457
Stage2,Scenario13,Pij,55,-1.8022623959454969
Stage2,Scenario13,Pij,56,-1.7642171123662804
Stage2,Scenario13,Pij,57,-2.3960434716736256
Stage2,Scenario13,Pij,58,-2.5830375973856365
Stage2,Scenario13,Pij,59,-0.3608169063659896
Stage2,Scenario13,Pij,6,-2.226184995173944
Stage2,Scenario13,Pij,60,-1.4607560266659692
Stage2,Scenario13,Pij,61,-2.4375498409531535
Stage2,Scenario13,Pij,62,-1.9117936240516056
Stage2,Scenario13,Pij,63,-2.3008169063659896
Stage2,Scenario13,Pij,64,-0.8056638634838528
Stage2,Scenario13,Pij,65,-1.6765318682886177
Stage2,Scenario13,Pij,66,-1.6765318682886177
Stage2,Scenario13,Pij,67,1.5917779764033095
Stage2,Scenario13,Pij,68,-2.110273439795312
Stage2,Scenario13,Pij,69,-0.4462073300545297
Stage2,Scenario13,Pij,7,-0.4944803595957984
Stage2,Scenario13,Pij,70,-0.5032098678606904
Stage2,Scenario13,Pij,71,-1.2577263955620732
Stage2,Scenario13,Pij,72,-0.2516049339303452
Stage2,Scenario13,Pij,73,-0.2516049339303452
Stage2,Scenario13,Pij,74,0.0
Stage2,Scenario13,Pij,75,-2.25620733005453
Stage2,Scenario13,Pij,76,-1.7681036650272648
Stage2,Scenario13,Pij,77,-1.7681036650272648
Stage2,Scenario13,Pij,78,-1.742273604437927
Stage2,Scenario13,Pij,79,0.0
Stage2,Scenario13,Pij,8,0.1332384652026764
Stage2,Scenario13,Pij,80,-1.2273127858371942
Stage2,Scenario13,Pij,81,0.7473127858371885
Stage2,Scenario13,Pij,82,-0.4486117970278578
Stage2,Scenario13,Pij,83,0.07861179702785215
Stage2,Scenario13,Pij,84,1.75
Stage2,Scenario13,Pij,85,1.7850214704341298
Stage2,Scenario13,Pij,86,-1.1886117970278578
Stage2,Scenario13,Pij,87,0.037312785837188445
Stage2,Scenario13,Pij,88,-1.281388202972148
Stage2,Scenario13,Pij,89,-0.8100000000000023
Stage2,Scenario13,Pij,9,-0.712573110432941
Stage2,Scenario13,Pij,90,-1.6161154841257026
Stage2,Scenario13,Pij,91,-0.9038845158742994
Stage2,Scenario13,Pij,92,-0.6442400248431168
Stage2,Scenario13,Pij,93,-0.6774872563104433
Stage2,Scenario13,Pij,94,-2.0321106815729344
Stage2,Scenario13,Pij,95,-2.065849251436326
Stage2,Scenario13,Pij,96,-2.6763507064160508
Stage2,Scenario13,Pij,97,0.0
Stage2,Scenario13,Pij,98,-2.6164225716961993
Stage2,Scenario13,Pij,99,0.8140860639494295
Stage2,Scenario13,bus_gen,0:0,0.0799999999999983
Stage2,Scenario13,bus_gen,0:1,0.0799999999999983
Stage2,Scenario13,bus_gen,0:113,0.0
Stage2,Scenario13,bus_gen,0:117,0.0
Stage2,Scenario13,bus_gen,0:118,0.0
Stage2,Scenario13,bus_gen,0:119,0.0
Stage2,Scenario13,bus_gen,0:2,0.76
Stage2,Scenario13,bus_gen,0:3,0.76
Stage2,Scenario13,bus_gen,1:112,0.0
Stage2,Scenario13,bus_gen,1:114,0.0
Stage2,Scenario13,bus_gen,1:4,0.0799999999999983
Stage2,Scenario13,bus_gen,1:5,0.0799999999999983
Stage2,Scenario13,bus_gen,1:6,0.76
Stage2,Scenario13,bus_gen,1:7,0.76
Stage2,Scenario13,bus_gen,12:10,0.55
Stage2,Scenario13,bus_gen,12:109,0.0
Stage2,Scenario13,bus_gen,12:11,0.55
Stage2,Scenario13,bus_gen,12:12,0.55
Stage2,Scenario13,bus_gen,12:9,0.55
Stage2,Scenario13,bus_gen,13:72,0.0
Stage2,Scenario13,bus_gen,14:13,0.12
Stage2,Scenario13,bus_gen,14:14,0.12
Stage2,Scenario13,bus_gen,14:15,1.2500000000000002
Stage2,Scenario13,bus_gen,15:16,1.2500000000000002
Stage2,Scenario13,bus_gen,17:141,0.0
Stage2,Scenario13,bus_gen,17:142,0.0
Stage2,Scenario13,bus_gen,17:143,0.0
Stage2,Scenario13,bus_gen,17:144,0.0
Stage2,Scenario13,bus_gen,17:145,0.0
Stage2,Scenario13,bus_gen,17:146,0.0
Stage2,Scenario13,bus_gen,17:148,0.0
Stage2,Scenario13,bus_gen,17:149,0.0
Stage2,Scenario13,bus_gen,17:150,0.0
Stage2,Scenario13,bus_gen,17:151,0.0
Stage2,Scenario13,bus_gen,17:17,1.9750000000000003
Stage2,Scenario13,bus_gen,18:121,0.6659999999999998
Stage2,Scenario13,bus_gen,2:120,0.0
Stage2,Scenario13,bus_gen,20:73,3.96
Stage2,Scenario13,bus_gen,21:156,4.1236898030358695
Stage2,Scenario13,bus_gen,21:74,0.0
Stage2,Scenario13,bus_gen,21:75,0.0
Stage2,Scenario13,bus_gen,21:76,0.0
Stage2,Scenario13,bus_gen,21:77,0.0
Stage2,Scenario13,bus_gen,21:78,0.0
Stage2,Scenario13,bus_gen,21:79,0.0
Stage2,Scenario13,bus_gen,22:18,0.6199999999999983
Stage2,Scenario13,bus_gen,22:19,1.3999999999999986
Stage2,Scenario13,bus_gen,22:20,0.55
Stage2,Scenario13,bus_gen,22:21,0.55
Stage2,Scenario13,bus_gen,22:22,0.55
Stage2,Scenario13,bus_gen,24:23,0.2
Stage2,Scenario13,bus_gen,24:24,0.2
Stage2,Scenario13,bus_gen,24:25,0.76
Stage2,Scenario13,bus_gen,24:80,0.5
Stage2,Scenario13,bus_gen,25:26,0.2
Stage2,Scenario13,bus_gen,25:27,0.2
Stage2,Scenario13,bus_gen,25:28,0.76
Stage2,Scenario13,bus_gen,25:29,0.76
Stage2,Scenario13,bus_gen,3:115,0.0
Stage2,Scenario13,bus_gen,30:30,0.21999999999999886
Stage2,Scenario13,bus_gen,30:31,0.21999999999999886
Stage2,Scenario13,bus_gen,35:116,0.29999999999999893
Stage2,Scenario13,bus_gen,36:152,0.132
Stage2,Scenario13,bus_gen,36:32,3.55
Stage2,Scenario13,bus_gen,36:33,0.55
Stage2,Scenario13,bus_gen,36:34,0.55
Stage2,Scenario13,bus_gen,37:81,0.0
Stage2,Scenario13,bus_gen,38:111,0.0
Stage2,Scenario13,bus_gen,38:35,0.55
Stage2,Scenario13,bus_gen,38:36,0.55
Stage2,Scenario13,bus_gen,38:82,0.0
Stage2,Scenario13,bus_gen,38:83,0.0
Stage2,Scenario13,bus_gen,38:84,0.0
Stage2,Scenario13,bus_gen,39:37,1.55
Stage2,Scenario13,bus_gen,41:38,3.33
Stage2,Scenario13,bus_gen,44:39,2.1139999999999985
Stage2,Scenario13,bus_gen,45:85,0.5
Stage2,Scenario13,bus_gen,45:86,0.5
Stage2,Scenario13,bus_gen,45:87,0.5
Stage2,Scenario13,bus_gen,45:88,0.5
Stage2,Scenario13,bus_gen,45:89,0.5
Stage2,Scenario13,bus_gen,45:90,0.5
Stage2,Scenario13,bus_gen,46:40,0.7699999999999984
Stage2,Scenario13,bus_gen,46:41,0.7699999999999984
Stage2,Scenario13,bus_gen,46:42,1.7999999999999985
Stage2,Scenario13,bus_gen,46:43,0.21999999999999886
Stage2,Scenario13,bus_gen,46:44,0.21999999999999886
Stage2,Scenario13,bus_gen,46:45,0.21999999999999886
Stage2,Scenario13,bus_gen,48:46,0.0799999999999983
Stage2,Scenario13,bus_gen,48:47,0.0799999999999983
Stage2,Scenario13,bus_gen,48:48,0.21999999999999886
Stage2,Scenario13,bus_gen,48:49,0.21999999999999886
Stage2,Scenario13,bus_gen,49:50,0.0799999999999983
Stage2,Scenario13,bus_gen,49:51,0.0799999999999983
Stage2,Scenario13,bus_gen,49:52,0.21999999999999886
Stage2,Scenario13,bus_gen,49:53,0.21999999999999886
Stage2,Scenario13,bus_gen,50:155,6.562334256271324
Stage2,Scenario13,bus_gen,54:54,0.21999999999999886
Stage2,Scenario13,bus_gen,54:55,0.21999999999999886
Stage2,Scenario13,bus_gen,55:122,0.0
Stage2,Scenario13,bus_gen,56:153,1.483
Stage2,Scenario13,bus_gen,57:103,0.0
Stage2,Scenario13,bus_gen,57:106,0.0
Stage2,Scenario13,bus_gen,59:105,0.9410000000000001
Stage2,Scenario13,bus_gen,6:8,3.55
Stage2,Scenario13,bus_gen,60:102,0.9329999999999999
Stage2,Scenario13,bus_gen,60:123,1.0170000000000001
Stage2,Scenario13,bus_gen,60:124,0.0
Stage2,Scenario13,bus_gen,60:125,0.654
Stage2,Scenario13,bus_gen,60:126,0.67
Stage2,Scenario13,bus_gen,60:127,0.648
Stage2,Scenario13,bus_gen,60:128,0.638
Stage2,Scenario13,bus_gen,60:129,0.6409999999999999
Stage2,Scenario13,bus_gen,60:130,0.6659999999999998
Stage2,Scenario13,bus_gen,60:131,0.624
Stage2,Scenario13,bus_gen,60:132,0.6519759406928488
Stage2,Scenario13,bus_gen,60:133,0.0
Stage2,Scenario13,bus_gen,60:134,0.0
Stage2,Scenario13,bus_gen,60:138,0.0
Stage2,Scenario13,bus_gen,60:157,0.5
Stage2,Scenario13,bus_gen,60:56,1.6999999999999984
Stage2,Scenario13,bus_gen,60:99,0.951
Stage2,Scenario13,bus_gen,61:100,0.0
Stage2,Scenario13,bus_gen,61:101,0.0
Stage2,Scenario13,bus_gen,61:91,0.0
Stage2,Scenario13,bus_gen,61:97,0.0
Stage2,Scenario13,bus_gen,61:98,0.0
Stage2,Scenario13,bus_gen,62:57,0.049999999999998934
Stage2,Scenario13,bus_gen,62:58,0.049999999999998934
Stage2,Scenario13,bus_gen,62:59,0.049999999999998934
Stage2,Scenario13,bus_gen,62:60,0.049999999999998934
Stage2,Scenario13,bus_gen,62:61,0.049999999999998934
Stage2,Scenario13,bus_gen,62:62,0.21999999999999886
Stage2,Scenario13,bus_gen,62:63,0.21999999999999886
Stage2,Scenario13,bus_gen,62:64,0.21999999999999886
Stage2,Scenario13,bus_gen,63:65,1.2500000000000002
Stage2,Scenario13,bus_gen,64:154,0.0
Stage2,Scenario13,bus_gen,65:66,2.9160000000000004
Stage2,Scenario13,bus_gen,66:110,0.0
Stage2,Scenario13,bus_gen,67:135,0.0
Stage2,Scenario13,bus_gen,67:136,0.0
Stage2,Scenario13,bus_gen,67:137,0.0
Stage2,Scenario13,bus_gen,67:139,0.0
Stage2,Scenario13,bus_gen,67:140,0.0
Stage2,Scenario13,bus_gen,67:147,0.0
Stage2,Scenario13,bus_gen,67:96,0.0
Stage2,Scenario13,bus_gen,68:67,1.6999999999999984
Stage2,Scenario13,bus_gen,69:68,0.21999999999999886
Stage2,Scenario13,bus_gen,69:69,0.21999999999999886
Stage2,Scenario13,bus_gen,69:92,0.5
Stage2,Scenario13,bus_gen,69:93,0.5
Stage2,Scenario13,bus_gen,69:94,0.5
Stage2,Scenario13,bus_gen,69:95,0.5
Stage2,Scenario13,bus_gen,70:70,1.6999999999999984
Stage2,Scenario13,bus_gen,70:71,1.6999999999999984
Stage2,Scenario13,bus_gen,71:104,0.49700000000000005
Stage2,Scenario13,bus_gen,71:107,0.516
Stage2,Scenario13,bus_gen,71:108,0.51
Stage2,Scenario13,cvar,None,27.453684210526298
Stage2,Scenario13,gen_curtailment,0:0,0.0
Stage2,Scenario13,gen_curtailment,0:1,0.0
Stage2,Scenario13,gen_curtailment,0:113,0.0
Stage2,Scenario13,gen_curtailment,0:117,0.0
Stage2,Scenario13,gen_curtailment,0:118,0.0
Stage2,Scenario13,gen_curtailment,0:119,0.0
Stage2,Scenario13,gen_curtailment,0:2,0.0
Stage2,Scenario13,gen_curtailment,0:3,0.0
Stage2,Scenario13,gen_curtailment,1:112,0.0
Stage2,Scenario13,gen_curtailment,1:114,0.0
Stage2,Scenario13,gen_curtailment,1:4,0.0
Stage2,Scenario13,gen_curtailment,1:5,0.0
Stage2,Scenario13,gen_curtailment,1:6,0.0
Stage2,Scenario13,gen_curtailment,1:7,0.0
Stage2,Scenario13,gen_curtailment,12:10,0.0
Stage2,Scenario13,gen_curtailment,12:109,0.0
Stage2,Scenario13,gen_curtailment,12:11,0.0
Stage2,Scenario13,gen_curtailment,12:12,0.0
Stage2,Scenario13,gen_curtailment,12:9,0.0
Stage2,Scenario13,gen_curtailment,13:72,0.0
Stage2,Scenario13,gen_curtailment,14:13,0.0
Stage2,Scenario13,gen_curtailment,14:14,0.0
Stage2,Scenario13,gen_curtailment,14:15,0.0
Stage2,Scenario13,gen_curtailment,15:16,0.0
Stage2,Scenario13,gen_curtailment,17:141,0.0
Stage2,Scenario13,gen_curtailment,17:142,0.0
Stage2,Scenario13,gen_curtailment,17:143,0.0
Stage2,Scenario13,gen_curtailment,17:144,0.0
Stage2,Scenario13,gen_curtailment,17:145,0.0
Stage2,Scenario13,gen_curtailment,17:146,0.0
Stage2,Scenario13,gen_curtailment,17:148,0.0
Stage2,Scenario13,gen_curtailment,17:149,0.0
Stage2,Scenario13,gen_curtailment,17:150,0.0
Stage2,Scenario13,gen_curtailment,17:151,0.0
Stage2,Scenario13,gen_curtailment,17:17,0.0
Stage2,Scenario13,gen_curtailment,18:121,0.0
Stage2,Scenario13,gen_curtailment,2:120,0.0
Stage2,Scenario13,gen_curtailment,20:73,0.0
Stage2,Scenario13,gen_curtailment,21:156,0.0
Stage2,Scenario13,gen_curtailment,21:74,0.0
Stage2,Scenario13,gen_curtailment,21:75,0.0
Stage2,Scenario13,gen_curtailment,21:76,0.0
Stage2,Scenario13,gen_curtailment,21:77,0.0
Stage2,Scenario13,gen_curtailment,21:78,0.0
Stage2,Scenario13,gen_curtailment,21:79,0.0
Stage2,Scenario13,gen_curtailment,22:18,0.0
Stage2,Scenario13,gen_curtailment,22:19,0.0
Stage2,Scenario13,gen_curtailment,22:20,0.0
Stage2,Scenario13,gen_curtailment,22:21,0.0
Stage2,Scenario13,gen_curtailment,22:22,0.0
Stage2,Scenario13,gen_curtailment,24:23,0.0
Stage2,Scenario13,gen_curtailment,24:24,0.0
Stage2,Scenario13,gen_curtailment,24:25,0.0
Stage2,Scenario13,gen_curtailment,24:80,0.0
Stage2,Scenario13,gen_curtailment,25:26,0.0
Stage2,Scenario13,gen_curtailment,25:27,0.0
Stage2,Scenario13,gen_curtailment,25:28,0.0
Stage2,Scenario13,gen_curtailment,25:29,0.0
Stage2,Scenario13,gen_curtailment,3:115,0.0
Stage2,Scenario13,gen_curtailment,30:30,0.0
Stage2,Scenario13,gen_curtailment,30:31,0.0
Stage2,Scenario13,gen_curtailment,35:116,0.0
Stage2,Scenario13,gen_curtailment,36:152,0.0
Stage2,Scenario13,gen_curtailment,36:32,0.0
Stage2,Scenario13,gen_curtailment,36:33,0.0
Stage2,Scenario13,gen_curtailment,36:34,0.0
Stage2,Scenario13,gen_curtailment,37:81,0.0
Stage2,Scenario13,gen_curtailment,38:111,0.0
Stage2,Scenario13,gen_curtailment,38:35,0.0
Stage2,Scenario13,gen_curtailment,38:36,0.0
Stage2,Scenario13,gen_curtailment,38:82,0.0
Stage2,Scenario13,gen_curtailment,38:83,0.0
Stage2,Scenario13,gen_curtailment,38:84,0.0
Stage2,Scenario13,gen_curtailment,39:37,0.0
Stage2,Scenario13,gen_curtailment,41:38,0.0
Stage2,Scenario13,gen_curtailment,44:39,0.0
Stage2,Scenario13,gen_curtailment,45:85,0.0
Stage2,Scenario13,gen_curtailment,45:86,0.0
Stage2,Scenario13,gen_curtailment,45:87,0.0
Stage2,Scenario13,gen_curtailment,45:88,0.0
Stage2,Scenario13,gen_curtailment,45:89,0.0
Stage2,Scenario13,gen_curtailment,45:90,0.0
Stage2,Scenario13,gen_curtailment,46:40,0.0
Stage2,Scenario13,gen_curtailment,46:41,0.0
Stage2,Scenario13,gen_curtailment,46:42,0.0
Stage2,Scenario13,gen_curtailment,46:43,0.0
Stage2,Scenario13,gen_curtailment,46:44,0.0
Stage2,Scenario13,gen_curtailment,46:45,0.0
Stage2,Scenario13,gen_curtailment,48:46,0.0
Stage2,Scenario13,gen_curtailment,48:47,0.0
Stage2,Scenario13,gen_curtailment,48:48,0.0
Stage2,Scenario13,gen_curtailment,48:49,0.0
Stage2,Scenario13,gen_curtailment,49:50,0.0
Stage2,Scenario13,gen_curtailment,49:51,0.0
Stage2,Scenario13,gen_curtailment,49:52,0.0
Stage2,Scenario13,gen_curtailment,49:53,0.0
Stage2,Scenario13,gen_curtailment,50:155,0.0
Stage2,Scenario13,gen_curtailment,54:54,0.0
Stage2,Scenario13,gen_curtailment,54:55,0.0
Stage2,Scenario13,gen_curtailment,55:122,0.0
Stage2,Scenario13,gen_curtailment,56:153,0.0
Stage2,Scenario13,gen_curtailment,57:103,0.0
Stage2,Scenario13,gen_curtailment,57:106,0.0
Stage2,Scenario13,gen_curtailment,59:105,0.0
Stage2,Scenario13,gen_curtailment,6:8,0.0
Stage2,Scenario13,gen_curtailment,60:102,0.0
Stage2,Scenario13,gen_curtailment,60:123,0.0
Stage2,Scenario13,gen_curtailment,60:124,0.0
Stage2,Scenario13,gen_curtailment,60:125,0.0
Stage2,Scenario13,gen_curtailment,60:126,0.0
Stage2,Scenario13,gen_curtailment,60:127,0.0
Stage2,Scenario13,gen_curtailment,60:128,0.0
Stage2,Scenario13,gen_curtailment,60:129,0.0
Stage2,Scenario13,gen_curtailment,60:130,0.0
Stage2,Scenario13,gen_curtailment,60:131,0.0
Stage2,Scenario13,gen_curtailment,60:132,0.0
Stage2,Scenario13,gen_curtailment,60:133,0.0
Stage2,Scenario13,gen_curtailment,60:134,0.0
Stage2,Scenario13,gen_curtailment,60:138,0.0
Stage2,Scenario13,gen_curtailment,60:157,0.0
Stage2,Scenario13,gen_curtailment,60:56,0.0
Stage2,Scenario13,gen_curtailment,60:99,0.0
Stage2,Scenario13,gen_curtailment,61:100,0.0
Stage2,Scenario13,gen_curtailment,61:101,0.0
Stage2,Scenario13,gen_curtailment,61:91,0.0
Stage2,Scenario13,gen_curtailment,61:97,0.0
Stage2,Scenario13,gen_curtailment,61:98,0.0
Stage2,Scenario13,gen_curtailment,62:57,0.0
Stage2,Scenario13,gen_curtailment,62:58,0.0
Stage2,Scenario13,gen_curtailment,62:59,0.0
Stage2,Scenario13,gen_curtailment,62:60,0.0
Stage2,Scenario13,gen_curtailment,62:61,0.0
Stage2,Scenario13,gen_curtailment,62:62,0.0
Stage2,Scenario13,gen_curtailment,62:63,0.0
Stage2,Scenario13,gen_curtailment,62:64,0.0
Stage2,Scenario13,gen_curtailment,63:65,0.0
Stage2,Scenario13,gen_curtailment,64:154,0.0
Stage2,Scenario13,gen_curtailment,65:66,0.0
Stage2,Scenario13,gen_curtailment,66:110,0.0
Stage2,Scenario13,gen_curtailment,67:135,0.0
Stage2,Scenario13,gen_curtailment,67:136,0.0
Stage2,Scenario13,gen_curtailment,67:137,0.0
Stage2,Scenario13,gen_curtailment,67:139,0.0
Stage2,Scenario13,gen_curtailment,67:140,0.0
Stage2,Scenario13,gen_curtailment,67:147,0.0
Stage2,Scenario13,gen_curtailment,67:96,0.0
Stage2,Scenario13,gen_curtailment,68:67,0.0
Stage2,Scenario13,gen_curtailment,69:68,0.0
Stage2,Scenario13,gen_curtailment,69:69,0.0
Stage2,Scenario13,gen_curtailment,69:92,0.0
Stage2,Scenario13,gen_curtailment,69:93,0.0
Stage2,Scenario13,gen_curtailment,69:94,0.0
Stage2,Scenario13,gen_curtailment,69:95,0.0
Stage2,Scenario13,gen_curtailment,70:70,0.0
Stage2,Scenario13,gen_curtailment,70:71,0.0
Stage2,Scenario13,gen_curtailment,71:104,0.0
Stage2,Scenario13,gen_curtailment,71:107,0.0
Stage2,Scenario13,gen_curtailment,71:108,0.0
Stage2,Scenario13,load_shed,0,0.0
Stage2,Scenario13,load_shed,1,0.0
Stage2,Scenario13,load_shed,10,0.0
Stage2,Scenario13,load_shed,11,0.0
Stage2,Scenario13,load_shed,12,0.0
Stage2,Scenario13,load_shed,13,0.0
Stage2,Scenario13,load_shed,14,0.0
Stage2,Scenario13,load_shed,15,0.0
Stage2,Scenario13,load_shed,16,0.0
Stage2,Scenario13,load_shed,17,0.0
Stage2,Scenario13,load_shed,18,0.0
Stage2,Scenario13,load_shed,19,0.0
Stage2,Scenario13,load_shed,2,0.0
Stage2,Scenario13,load_shed,20,0.0
Stage2,Scenario13,load_shed,21,0.0
Stage2,Scenario13,load_shed,22,0.0
Stage2,Scenario13,load_shed,23,0.0
Stage2,Scenario13,load_shed,24,0.0
Stage2,Scenario13,load_shed,25,0.0
Stage2,Scenario13,load_shed,26,0.0
Stage2,Scenario13,load_shed,27,0.0
Stage2,Scenario13,load_shed,28,0.0
Stage2,Scenario13,load_shed,29,0.0
Stage2,Scenario13,load_shed,3,0.0
Stage2,Scenario13,load_shed,30,0.0
Stage2,Scenario13,load_shed,31,0.0
Stage2,Scenario13,load_shed,32,0.0
Stage2,Scenario13,load_shed,33,0.0
Stage2,Scenario13,load_shed,34,0.0
Stage2,Scenario13,load_shed,35,0.0
Stage2,Scenario13,load_shed,36,0.0
Stage2,Scenario13,load_shed,37,0.0
Stage2,Scenario13,load_shed,38,0.0
Stage2,Scenario13,load_shed,39,0.0
Stage2,Scenario13,load_shed,4,0.0
Stage2,Scenario13,load_shed,40,0.0
Stage2,Scenario13,load_shed,41,0.0
Stage2,Scenario13,load_shed,42,0.0
Stage2,Scenario13,load_shed,43,0.0
Stage2,Scenario13,load_shed,44,0.0
Stage2,Scenario13,load_shed,45,0.0
Stage2,Scenario13,load_shed,46,0.0
Stage2,Scenario13,load_shed,47,0.0
Stage2,Scenario13,load_shed,48,0.0
Stage2,Scenario13,load_shed,49,0.0
Stage2,Scenario13,load_shed,5,0.0
Stage2,Scenario13,load_shed,50,0.0
Stage2,Scenario13,load_shed,51,0.0
Stage2,Scenario13,load_shed,52,0.0
Stage2,Scenario13,load_shed,53,0.0
Stage2,Scenario13,load_shed,54,0.0
Stage2,Scenario13,load_shed,55,0.0
Stage2,Scenario13,load_shed,56,0.0
Stage2,Scenario13,load_shed,57,0.0
Stage2,Scenario13,load_shed,58,0.0
Stage2,Scenario13,load_shed,59,0.0
Stage2,Scenario13,load_shed,6,0.0
Stage2,Scenario13,load_shed,60,0.0
Stage2,Scenario13,load_shed,61,0.0
Stage2,Scenario13,load_shed,62,0.0
Stage2,Scenario13,load_shed,63,0.0
Stage2,Scenario13,load_shed,64,0.0
Stage2,Scenario13,load_shed,65,0.0
Stage2,Scenario13,load_shed,66,0.0
Stage2,Scenario13,load_shed,67,0.0
Stage2,Scenario13,load_shed,68,0.0
Stage2,Scenario13,load_shed,69,0.0
Stage2,Scenario13,load_shed,7,0.0
Stage2,Scenario13,load_shed,70,0.0
Stage2,Scenario13,load_shed,71,0.0
Stage2,Scenario13,load_shed,72,0.0
Stage2,Scenario13,load_shed,8,0.0
Stage2,Scenario13,load_shed,9,0.0
Stage2,Scenario13,load_shed_value,None,0.0
Stage2,Scenario13,nu,None,0.0
Stage2,Scenario13,theta,0,-0.16496717874746936
Stage2,Scenario13,theta,1,-0.1675284301670671
Stage2,Scenario13,theta,10,-0.01505441417765852
Stage2,Scenario13,theta,11,-0.05985327420746282
Stage2,Scenario13,theta,12,0.0
Stage2,Scenario13,theta,13,0.035961834059016026
Stage2,Scenario13,theta,14,0.23052400767180833
Stage2,Scenario13,theta,15,0.2220875161057731
Stage2,Scenario13,theta,16,0.3520875161057731
Stage2,Scenario13,theta,17,0.39177570264332234
Stage2,Scenario13,theta,18,0.16248090855360178
Stage2,Scenario13,theta,19,0.13352907589953977
Stage2,Scenario13,theta,2,-0.07504214476576723
Stage2,Scenario13,theta,20,0.4462440187139038
Stage2,Scenario13,theta,21,0.5794261170741538
Stage2,Scenario13,theta,22,0.13168556793980565
Stage2,Scenario13,theta,23,0.11476238792276326
Stage2,Scenario13,theta,24,-0.2198733947543277
Stage2,Scenario13,theta,25,-0.22303565164082953
Stage2,Scenario13,theta,26,-0.18121622326678485
Stage2,Scenario13,theta,27,-0.3170156516408297
Stage2,Scenario13,theta,28,-0.26554677214456657
Stage2,Scenario13,theta,29,-0.306723746084283
Stage2,Scenario13,theta,3,-0.19870942449840068
Stage2,Scenario13,theta,30,-0.48348468914091103
Stage2,Scenario13,theta,31,-0.43407468914091085
Stage2,Scenario13,theta,32,-0.20199722719206617
Stage2,Scenario13,theta,33,-0.2503521510897551
Stage2,Scenario13,theta,34,-0.09993500008940603
Stage2,Scenario13,theta,35,-0.04606548469486177
Stage2,Scenario13,theta,36,0.024050804585104515
Stage2,Scenario13,theta,37,-0.08478069002203448
Stage2,Scenario13,theta,38,0.03727122177433342
Stage2,Scenario13,theta,39,0.050967507453558915
Stage2,Scenario13,theta,4,-0.23664244828969686
Stage2,Scenario13,theta,40,0.10583461688823706
Stage2,Scenario13,theta,41,0.11287955503828673
Stage2,Scenario13,theta,42,0.0612302760448131
Stage2,Scenario13,theta,43,0.15147856924699432
Stage2,Scenario13,theta,44,0.11942128332047569
Stage2,Scenario13,theta,45,0.23789588842225476
Stage2,Scenario13,theta,46,0.19037684987759415
Stage2,Scenario13,theta,47,-0.04550123299863865
Stage2,Scenario13,theta,48,0.6992996682912855
Stage2,Scenario13,theta,49,0.5694233409894982
Stage2,Scenario13,theta,5,-0.2918343929639424
Stage2,Scenario13,theta,50,0.9582626661029334
Stage2,Scenario13,theta,51,0.6263970392120362
Stage2,Scenario13,theta,52,0.6357780814951244
Stage2,Scenario13,theta,53,0.5543298759601506
Stage2,Scenario13,theta,54,0.43394361122219227
Stage2,Scenario13,theta,55,0.4833536112221924
Stage2,Scenario13,theta,56,0.7500126661029334
Stage2,Scenario13,theta,57,0.6324945563414518
Stage2,Scenario13,theta,58,0.8057523130523598
Stage2,Scenario13,theta,59,0.8086288635189129
Stage2,Scenario13,theta,6,-0.09008029725840781
Stage2,Scenario13,theta,60,0.9342171469603303
Stage2,Scenario13,theta,61,0.5017299317860591
Stage2,Scenario13,theta,62,0.6340546190711446
Stage2,Scenario13,theta,63,0.6161899317860591
Stage2,Scenario13,theta,64,0.6119677064392034
Stage2,Scenario13,theta,65,0.5944741325637601
Stage2,Scenario13,theta,66,0.634625106252438
Stage2,Scenario13,theta,67,0.6868556927449414
Stage2,Scenario13,theta,68,0.6341242600151907
Stage2,Scenario13,theta,69,0.7261182158350338
Stage2,Scenario13,theta,7,-0.19585053647262524
Stage2,Scenario13,theta,70,0.7296625153158183
Stage2,Scenario13,theta,71,0.8060717355337195
Stage2,Scenario13,theta,72,0.7055986806986746
Stage2,Scenario13,theta,8,-0.1472834671004376
Stage2,Scenario13,theta,9,-0.24836743322753235
Stage2,Scenario13,xij,0,1.0
Stage2,Scenario13,xij,1,1.0
Stage2,Scenario13,xij,10,1.0
Stage2,Scenario13,xij,100,1.0
Stage2,Scenario13,xij,101,1.0
Stage2,Scenario13,xij,102,1.0
Stage2,Scenario13,xij,103,1.0
Stage2,Scenario13,xij,104,1.0
Stage2,Scenario13,xij,105,1.0
Stage2,Scenario13,xij,106,1.0
Stage2,Scenario13,xij,107,1.0
Stage2,Scenario13,xij,108,1.0
Stage2,Scenario13,xij,109,1.0
Stage2,Scenario13,xij,11,1.0
Stage2,Scenario13,xij,110,1.0
Stage2,Scenario13,xij,111,1.0
Stage2,Scenario13,xij,112,1.0
Stage2,Scenario13,xij,113,1.0
Stage2,Scenario13,xij,114,1.0
Stage2,Scenario13,xij,115,1.0
Stage2,Scenario13,xij,116,1.0
Stage2,Scenario13,xij,117,1.0
Stage2,Scenario13,xij,118,1.0
Stage2,Scenario13,xij,119,1.0
Stage2,Scenario13,xij,12,1.0
Stage2,Scenario13,xij,13,1.0
Stage2,Scenario13,xij,14,1.0
Stage2,Scenario13,xij,15,1.0
Stage2,Scenario13,xij,16,0.0
Stage2,Scenario13,xij,17,1.0
Stage2,Scenario13,xij,18,1.0
Stage2,Scenario13,xij,19,1.0
Stage2,Scenario13,xij,2,1.0
Stage2,Scenario13,xij,20,1.0
Stage2,Scenario13,xij,21,1.0
Stage2,Scenario13,xij,22,1.0
Stage2,Scenario13,xij,23,1.0
Stage2,Scenario13,xij,24,1.0
Stage2,Scenario13,xij,25,1.0
Stage2,Scenario13,xij,26,0.0
Stage2,Scenario13,xij,27,1.0
Stage2,Scenario13,xij,28,1.0
Stage2,Scenario13,xij,29,1.0
Stage2,Scenario13,xij,3,1.0
Stage2,Scenario13,xij,30,1.0
Stage2,Scenario13,xij,31,1.0
Stage2,Scenario13,xij,32,1.0
Stage2,Scenario13,xij,33,1.0
Stage2,Scenario13,xij,34,1.0
Stage2,Scenario13,xij,35,1.0
Stage2,Scenario13,xij,36,1.0
Stage2,Scenario13,xij,37,1.0
Stage2,Scenario13,xij,38,1.0
Stage2,Scenario13,xij,39,1.0
Stage2,Scenario13,xij,4,1.0
Stage2,Scenario13,xij,40,1.0
Stage2,Scenario13,xij,41,1.0
Stage2,Scenario13,xij,42,1.0
Stage2,Scenario13,xij,43,1.0
Stage2,Scenario13,xij,44,1.0
Stage2,Scenario13,xij,45,1.0
Stage2,Scenario13,xij,46,1.0
Stage2,Scenario13,xij,47,1.0
Stage2,Scenario13,xij,48,0.0
Stage2,Scenario13,xij,49,1.0
Stage2,Scenario13,xij,5,0.0
Stage2,Scenario13,xij,50,1.0
Stage2,Scenario13,xij,51,1.0
Stage2,Scenario13,xij,52,1.0
Stage2,Scenario13,xij,53,1.0
Stage2,Scenario13,xij,54,1.0
Stage2,Scenario13,xij,55,1.0
Stage2,Scenario13,xij,56,1.0
Stage2,Scenario13,xij,57,1.0
Stage2,Scenario13,xij,58,1.0
Stage2,Scenario13,xij,59,1.0
Stage2,Scenario13,xij,6,1.0
Stage2,Scenario13,xij,60,1.0
Stage2,Scenario13,xij,61,1.0
Stage2,Scenario13,xij,62,1.0
Stage2,Scenario13,xij,63,1.0
Stage2,Scenario13,xij,64,1.0
Stage2,Scenario13,xij,65,1.0
Stage2,Scenario13,xij,66,1.0
Stage2,Scenario13,xij,67,1.0
Stage2,Scenario13,xij,68,1.0
Stage2,Scenario13,xij,69,1.0
Stage2,Scenario13,xij,7,1.0
Stage2,Scenario13,xij,70,1.0
Stage2,Scenario13,xij,71,1.0
Stage2,Scenario13,xij,72,1.0
Stage2,Scenario13,xij,73,1.0
Stage2,Scenario13,xij,74,0.0
Stage2,Scenario13,xij,75,1.0
Stage2,Scenario13,xij,76,1.0
Stage2,Scenario13,xij,77,1.0
Stage2,Scenario13,xij,78,1.0
Stage2,Scenario13,xij,79,0.0
Stage2,Scenario13,xij,8,1.0
Stage2,Scenario13,xij,80,1.0
Stage2,Scenario13,xij,81,1.0
Stage2,Scenario13,xij,82,1.0
Stage2,Scenario13,xij,83,1.0
Stage2,Scenario13,xij,84,1.0
Stage2,Scenario13,xij,85,1.0
Stage2,Scenario13,xij,86,1.0
Stage2,Scenario13,xij,87,1.0
Stage2,Scenario13,xij,88,1.0
Stage2,Scenario13,xij,89,1.0
Stage2,Scenario13,xij,9,1.0
Stage2,Scenario13,xij,90,1.0
Stage2,Scenario13,xij,91,1.0
Stage2,Scenario13,xij,92,1.0
Stage2,Scenario13,xij,93,1.0
Stage2,Scenario13,xij,94,1.0
Stage2,Scenario13,xij,95,1.0
Stage2,Scenario13,xij,96,1.0
Stage2,Scenario13,xij,97,0.0
Stage2,Scenario13,xij,98,1.0
Stage2,Scenario13,xij,99,1.0
Stage2,Scenario14,Pij,0,-0.15462219625004509
Stage2,Scenario14,Pij,1,0.9251320595039383
Stage2,Scenario14,Pij,10,1.5029895531180877
Stage2,Scenario14,Pij,100,2.9772993044908937
Stage2,Scenario14,Pij,101,0.9931008471540732
Stage2,Scenario14,Pij,102,-0.9211143735074002
Stage2,Scenario14,Pij,103,-0.49763292574070883
Stage2,Scenario14,Pij,104,-0.49763292574070883
Stage2,Scenario14,Pij,105,-0.3436197750111907
Stage2,Scenario14,Pij,106,0.11121140090324284
Stage2,Scenario14,Pij,107,0.2107750727434414
Stage2,Scenario14,Pij,108,1.1374343224937233
Stage2,Scenario14,Pij,109,-1.0262229215904806
Stage2,Scenario14,Pij,11,0.3830104468819125
Stage2,Scenario14,Pij,110,-1.0592556134640492
Stage2,Scenario14,Pij,111,-1.0592556134640492
Stage2,Scenario14,Pij,112,-0.7996124636282792
Stage2,Scenario14,Pij,113,-0.7996124636282792
Stage2,Scenario14,Pij,114,-1.4396124636282792
Stage2,Scenario14,Pij,115,-1.4396124636282792
Stage2,Scenario14,Pij,116,-1.4137770784095172
Stage2,Scenario14,Pij,117,2.529054450578025
Stage2,Scenario14,Pij,118,2.8419455494218218
Stage2,Scenario14,Pij,119,2.529054450578025
Stage2,Scenario14,Pij,12,-0.0970998113827033
Stage2,Scenario14,Pij,13,-0.10991063549920899
Stage2,Scenario14,Pij,14,-1.451254005291925
Stage2,Scenario14,Pij,15,-1.126496039297662
Stage2,Scenario14,Pij,16,-1.4479088735471934
Stage2,Scenario14,Pij,17,-1.1183515287451335
Stage2,Scenario14,Pij,18,-1.6594713343381358
Stage2,Scenario14,Pij,19,-1.2396915445009529
Stage2,Scenario14,Pij,2,0.8754901367461034
Stage2,Scenario14,Pij,20,-2.2448475680427955
Stage2,Scenario14,Pij,21,0.0
Stage2,Scenario14,Pij,22,-2.1453175289448714
Stage2,Scenario14,Pij,23,-1.2730013734360661
Stage2,Scenario14,Pij,24,-3.179691544500953
Stage2,Scenario14,Pij,25,1.498941526699446
Stage2,Scenario14,Pij,26,-1.6594707633497239
Stage2,Scenario14,Pij,27,-1.6594707633497239
Stage2,Scenario14,Pij,28,0.0
Stage2,Scenario14,Pij,29,-1.855112923878578
Stage2,Scenario14,Pij,3,0.6162177072891782
Stage2,Scenario14,Pij,30,0.42436290607707217
Stage2,Scenario14,Pij,31,-1.51659767915497
Stage2,Scenario14,Pij,32,-0.3385152447236077
Stage2,Scenario14,Pij,33,-1.435798839577485
Stage2,Scenario14,Pij,34,-1.435798839577485
Stage2,Scenario14,Pij,35,-0.359818546961464
Stage2,Scenario14,Pij,36,-0.359818546961464
Stage2,Scenario14,Pij,37,-0.999818546961464
Stage2,Scenario14,Pij,38,-0.999818546961464
Stage2,Scenario14,Pij,39,0.3385152447236077
Stage2,Scenario14,Pij,4,0.6881600964607768
Stage2,Scenario14,Pij,40,0.2250453771321982
Stage2,Scenario14,Pij,41,0.53937707602771
Stage2,Scenario14,Pij,42,-0.3619911199717506
Stage2,Scenario14,Pij,43,0.2026140439440406
Stage2,Scenario14,Pij,44,0.12937707602770876
Stage2,Scenario14,Pij,45,1.3600000000000012
Stage2,Scenario14,Pij,46,0.3097269742926726
Stage2,Scenario14,Pij,47,-2.088707647382511
Stage2,Scenario14,Pij,48,-0.6106229239722912
Stage2,Scenario14,Pij,49,-0.5073859560559594
Stage2,Scenario14,Pij,5,-0.8748679404960619
Stage2,Scenario14,Pij,50,0.0
Stage2,Scenario14,Pij,51,-0.8100000000000023
Stage2,Scenario14,Pij,52,-1.2966510484106992
Stage2,Scenario14,Pij,53,-1.223348951589303
Stage2,Scenario14,Pij,54,-1.442732828002935
Stage2,Scenario14,Pij,55,-1.9048141700873822
Stage2,Scenario14,Pij,56,-1.6059123886270739
Stage2,Scenario14,Pij,57,-2.0748225190181873
Stage2,Scenario14,Pij,58,-2.1931784779815464
Stage2,Scenario14,Pij,59,-0.8554667386484618
Stage2,Scenario14,Pij,6,0.0
Stage2,Scenario14,Pij,60,-1.3602768588743386
Stage2,Scenario14,Pij,61,-2.319359830231235
Stage2,Scenario14,Pij,62,-1.8354553368558848
Stage2,Scenario14,Pij,63,-2.7954667386484617
Stage2,Scenario14,Pij,64,-0.1255213683386522
Stage2,Scenario14,Pij,65,-1.2775938262399624
Stage2,Scenario14,Pij,66,-1.2775938262399624
Stage2,Scenario14,Pij,67,2.088707647382511
Stage2,Scenario14,Pij,68,-2.783857724652272
Stage2,Scenario14,Pij,69,0.11286961766515735
Stage2,Scenario14,Pij,7,0.1442177072891782
Stage2,Scenario14,Pij,70,0.441187652479926
Stage2,Scenario14,Pij,71,-3.0
Stage2,Scenario14,Pij,72,0.220593826239963
Stage2,Scenario14,Pij,73,0.220593826239963
Stage2,Scenario14,Pij,74,-0.8485651911674214
Stage2,Scenario14,Pij,75,-0.8485651911674214
Stage2,Scenario14,Pij,76,-1.4885651911674216
Stage2,Scenario14,Pij,77,-1.4885651911674216
Stage2,Scenario14,Pij,78,0.0
Stage2,Scenario14,Pij,79,0.06206879011243627
Stage2,Scenario14,Pij,8,0.16549013674610352
Stage2,Scenario14,Pij,80,-1.252068790112442
Stage2,Scenario14,Pij,81,0.71
Stage2,Scenario14,Pij,82,-0.22544170675084216
Stage2,Scenario14,Pij,83,-0.0824895031367272
Stage2,Scenario14,Pij,84,1.1430121303853356
Stage2,Scenario14,Pij,85,0.3436197750111907
Stage2,Scenario14,Pij,86,-0.9654417067508422
Stage2,Scenario14,Pij,87,0.0
Stage2,Scenario14,Pij,88,-1.4424895031367273
Stage2,Scenario14,Pij,89,-0.8100000000000023
Stage2,Scenario14,Pij,9,-0.6718399035392233
Stage2,Scenario14,Pij,90,-1.3363854241389486
Stage2,Scenario14,Pij,91,-1.183614575861054
Stage2,Scenario14,Pij,92,-2.1075511223995287
Stage2,Scenario14,Pij,93,-0.8012638781049257
Stage2,Scenario14,Pij,94,-2.4343480304463982
Stage2,Scenario14,Pij,95,-1.1087560485513814
Stage2,Scenario14,Pij,96,-5.0
Stage2,Scenario14,Pij,97,0.45810084715407307
Stage2,Scenario14,Pij,98,0.0
Stage2,Scenario14,Pij,99,-0.9690199266563072
Stage2,Scenario14,bus_gen,0:0,0.07999999999999828
Stage2,Scenario14,bus_gen,0:1,0.07999999999999828
Stage2,Scenario14,bus_gen,0:113,0.259
Stage2,Scenario14,bus_gen,0:117,0.267
Stage2,Scenario14,bus_gen,0:118,0.262
Stage2,Scenario14,bus_gen,0:119,0.258
Stage2,Scenario14,bus_gen,0:2,0.76
Stage2,Scenario14,bus_gen,0:3,0.76
Stage2,Scenario14,bus_gen,1:112,0.256
Stage2,Scenario14,bus_gen,1:114,0.253
Stage2,Scenario14,bus_gen,1:4,0.2
Stage2,Scenario14,bus_gen,1:5,0.2
Stage2,Scenario14,bus_gen,1:6,0.76
Stage2,Scenario14,bus_gen,1:7,0.76
Stage2,Scenario14,bus_gen,12:10,0.55
Stage2,Scenario14,bus_gen,12:109,0.9359999999999999
Stage2,Scenario14,bus_gen,12:11,0.55
Stage2,Scenario14,bus_gen,12:12,0.55
Stage2,Scenario14,bus_gen,12:9,0.55
Stage2,Scenario14,bus_gen,13:72,0.0
Stage2,Scenario14,bus_gen,14:13,0.049999999999998934
Stage2,Scenario14,bus_gen,14:14,0.049999999999998934
Stage2,Scenario14,bus_gen,14:15,1.2500000000000002
Stage2,Scenario14,bus_gen,15:16,1.2500000000000002
Stage2,Scenario14,bus_gen,17:141,0.0
Stage2,Scenario14,bus_gen,17:142,0.0
Stage2,Scenario14,bus_gen,17:143,0.0
Stage2,Scenario14,bus_gen,17:144,0.0
Stage2,Scenario14,bus_gen,17:145,0.0
Stage2,Scenario14,bus_gen,17:146,0.0
Stage2,Scenario14,bus_gen,17:148,0.0
Stage2,Scenario14,bus_gen,17:149,0.0
Stage2,Scenario14,bus_gen,17:150,0.0
Stage2,Scenario14,bus_gen,17:151,0.0
Stage2,Scenario14,bus_gen,17:17,1.9750000000000003
Stage2,Scenario14,bus_gen,18:121,0.6659999999999999
Stage2,Scenario14,bus_gen,2:120,0.0
Stage2,Scenario14,bus_gen,20:73,4.0
Stage2,Scenario14,bus_gen,21:156,0.0
Stage2,Scenario14,bus_gen,21:74,0.0
Stage2,Scenario14,bus_gen,21:75,0.0
Stage2,Scenario14,bus_gen,21:76,0.0
Stage2,Scenario14,bus_gen,21:77,0.0
Stage2,Scenario14,bus_gen,21:78,0.0
Stage2,Scenario14,bus_gen,21:79,0.0
Stage2,Scenario14,bus_gen,22:18,0.9199999999999984
Stage2,Scenario14,bus_gen,22:19,1.7999999999999985
Stage2,Scenario14,bus_gen,22:20,0.55
Stage2,Scenario14,bus_gen,22:21,0.55
Stage2,Scenario14,bus_gen,22:22,0.55
Stage2,Scenario14,bus_gen,24:23,0.2
Stage2,Scenario14,bus_gen,24:24,0.2
Stage2,Scenario14,bus_gen,24:25,0.56
Stage2,Scenario14,bus_gen,24:80,0.5
Stage2,Scenario14,bus_gen,25:26,0.2
Stage2,Scenario14,bus_gen,25:27,0.2
Stage2,Scenario14,bus_gen,25:28,0.76
Stage2,Scenario14,bus_gen,25:29,0.76
Stage2,Scenario14,bus_gen,3:115,0.268
Stage2,Scenario14,bus_gen,30:30,0.21999999999999884
Stage2,Scenario14,bus_gen,30:31,0.21999999999999884
Stage2,Scenario14,bus_gen,35:116,0.29999999999999893
Stage2,Scenario14,bus_gen,36:152,0.132
Stage2,Scenario14,bus_gen,36:32,3.136
Stage2,Scenario14,bus_gen,36:33,0.55
Stage2,Scenario14,bus_gen,36:34,0.55
Stage2,Scenario14,bus_gen,37:81,0.0
Stage2,Scenario14,bus_gen,38:111,1.251
Stage2,Scenario14,bus_gen,38:35,0.55
Stage2,Scenario14,bus_gen,38:36,0.55
Stage2,Scenario14,bus_gen,38:82,0.5
Stage2,Scenario14,bus_gen,38:83,0.5
Stage2,Scenario14,bus_gen,38:84,0.5
Stage2,Scenario14,bus_gen,39:37,1.2500000000000002
Stage2,Scenario14,bus_gen,41:38,3.33
Stage2,Scenario14,bus_gen,44:39,2.1139999999999985
Stage2,Scenario14,bus_gen,45:85,0.5
Stage2,Scenario14,bus_gen,45:86,0.5
Stage2,Scenario14,bus_gen,45:87,0.5
Stage2,Scenario14,bus_gen,45:88,0.5
Stage2,Scenario14,bus_gen,45:89,0.5
Stage2,Scenario14,bus_gen,45:90,0.5
Stage2,Scenario14,bus_gen,46:40,0.6199999999999983
Stage2,Scenario14,bus_gen,46:41,0.6199999999999983
Stage2,Scenario14,bus_gen,46:42,1.3999999999999986
Stage2,Scenario14,bus_gen,46:43,0.55
Stage2,Scenario14,bus_gen,46:44,0.55
Stage2,Scenario14,bus_gen,46:45,0.55
Stage2,Scenario14,bus_gen,48:46,0.07999999999999828
Stage2,Scenario14,bus_gen,48:47,0.07999999999999828
Stage2,Scenario14,bus_gen,48:48,0.21999999999999884
Stage2,Scenario14,bus_gen,48:49,0.21999999999999884
Stage2,Scenario14,bus_gen,49:50,0.07999999999999828
Stage2,Scenario14,bus_gen,49:51,0.07999999999999828
Stage2,Scenario14,bus_gen,49:52,0.21999999999999884
Stage2,Scenario14,bus_gen,49:53,0.21999999999999884
Stage2,Scenario14,bus_gen,50:155,4.538700695508968
Stage2,Scenario14,bus_gen,54:54,0.21999999999999884
Stage2,Scenario14,bus_gen,54:55,0.21999999999999884
Stage2,Scenario14,bus_gen,55:122,0.0
Stage2,Scenario14,bus_gen,56:153,0.0
Stage2,Scenario14,bus_gen,57:103,0.517
Stage2,Scenario14,bus_gen,57:106,0.5159999999999999
Stage2,Scenario14,bus_gen,59:105,0.9410000000000001
Stage2,Scenario14,bus_gen,6:8,3.136
Stage2,Scenario14,bus_gen,60:102,0.9329999999999998
Stage2,Scenario14,bus_gen,60:123,1.0170000000000001
Stage2,Scenario14,bus_gen,60:124,0.0
Stage2,Scenario14,bus_gen,60:125,0.654
Stage2,Scenario14,bus_gen,60:126,0.42229930449089476
Stage2,Scenario14,bus_gen,60:127,0.648
Stage2,Scenario14,bus_gen,60:128,0.0
Stage2,Scenario14,bus_gen,60:129,0.6409999999999999
Stage2,Scenario14,bus_gen,60:130,0.6659999999999999
Stage2,Scenario14,bus_gen,60:131,0.624
Stage2,Scenario14,bus_gen,60:132,0.669
Stage2,Scenario14,bus_gen,60:133,0.6519999999999999
Stage2,Scenario14,bus_gen,60:134,0.278
Stage2,Scenario14,bus_gen,60:138,0.272
Stage2,Scenario14,bus_gen,60:157,0.5
Stage2,Scenario14,bus_gen,60:56,1.6999999999999984
Stage2,Scenario14,bus_gen,60:99,0.951
Stage2,Scenario14,bus_gen,61:100,0.927
Stage2,Scenario14,bus_gen,61:101,0.516
Stage2,Scenario14,bus_gen,61:91,0.0
Stage2,Scenario14,bus_gen,61:97,0.516
Stage2,Scenario14,bus_gen,61:98,0.516
Stage2,Scenario14,bus_gen,62:57,0.049999999999998934
Stage2,Scenario14,bus_gen,62:58,0.049999999999998934
Stage2,Scenario14,bus_gen,62:59,0.049999999999998934
Stage2,Scenario14,bus_gen,62:60,0.049999999999998934
Stage2,Scenario14,bus_gen,62:61,0.049999999999998934
Stage2,Scenario14,bus_gen,62:62,0.21999999999999884
Stage2,Scenario14,bus_gen,62:63,0.21999999999999884
Stage2,Scenario14,bus_gen,62:64,0.21999999999999884
Stage2,Scenario14,bus_gen,63:65,1.2500000000000002
Stage2,Scenario14,bus_gen,64:154,0.0
Stage2,Scenario14,bus_gen,65:66,2.9160000000000004
Stage2,Scenario14,bus_gen,66:110,0.0
Stage2,Scenario14,bus_gen,67:135,0.0
Stage2,Scenario14,bus_gen,67:136,0.0
Stage2,Scenario14,bus_gen,67:137,0.0
Stage2,Scenario14,bus_gen,67:139,0.0
Stage2,Scenario14,bus_gen,67:140,0.0
Stage2,Scenario14,bus_gen,67:147,0.0
Stage2,Scenario14,bus_gen,67:96,0.0
Stage2,Scenario14,bus_gen,68:67,1.6999999999999984
Stage2,Scenario14,bus_gen,69:68,0.21999999999999884
Stage2,Scenario14,bus_gen,69:69,0.21999999999999884
Stage2,Scenario14,bus_gen,69:92,0.5
Stage2,Scenario14,bus_gen,69:93,0.5
Stage2,Scenario14,bus_gen,69:94,0.5
Stage2,Scenario14,bus_gen,69:95,0.5
Stage2,Scenario14,bus_gen,70:70,1.6999999999999984
Stage2,Scenario14,bus_gen,70:71,1.6999999999999984
Stage2,Scenario14,bus_gen,71:104,0.0
Stage2,Scenario14,bus_gen,71:107,0.0
Stage2,Scenario14,bus_gen,71:108,0.0
Stage2,Scenario14,cvar,None,27.4536842105263
Stage2,Scenario14,gen_curtailment,0:0,0.0
Stage2,Scenario14,gen_curtailment,0:1,0.0
Stage2,Scenario14,gen_curtailment,0:113,0.0
Stage2,Scenario14,gen_curtailment,0:117,0.0
Stage2,Scenario14,gen_curtailment,0:118,0.0
Stage2,Scenario14,gen_curtailment,0:119,0.0
Stage2,Scenario14,gen_curtailment,0:2,0.0
Stage2,Scenario14,gen_curtailment,0:3,0.0
Stage2,Scenario14,gen_curtailment,1:112,0.0
Stage2,Scenario14,gen_curtailment,1:114,0.0
Stage2,Scenario14,gen_curtailment,1:4,0.0
Stage2,Scenario14,gen_curtailment,1:5,0.0
Stage2,Scenario14,gen_curtailment,1:6,0.0
Stage2,Scenario14,gen_curtailment,1:7,0.0
Stage2,Scenario14,gen_curtailment,12:10,0.0
Stage2,Scenario14,gen_curtailment,12:109,0.0
Stage2,Scenario14,gen_curtailment,12:11,0.0
Stage2,Scenario14,gen_curtailment,12:12,0.0
Stage2,Scenario14,gen_curtailment,12:9,0.0
Stage2,Scenario14,gen_curtailment,13:72,0.0
Stage2,Scenario14,gen_curtailment,14:13,0.0
Stage2,Scenario14,gen_curtailment,14:14,0.0
Stage2,Scenario14,gen_curtailment,14:15,0.0
Stage2,Scenario14,gen_curtailment,15:16,0.0
Stage2,Scenario14,gen_curtailment,17:141,0.0
Stage2,Scenario14,gen_curtailment,17:142,0.0
Stage2,Scenario14,gen_curtailment,17:143,0.0
Stage2,Scenario14,gen_curtailment,17:144,0.0
Stage2,Scenario14,gen_curtailment,17:145,0.0
Stage2,Scenario14,gen_curtailment,17:146,0.0
Stage2,Scenario14,gen_curtailment,17:148,0.0
Stage2,Scenario14,gen_curtailment,17:149,0.0
Stage2,Scenario14,gen_curtailment,17:150,0.0
Stage2,Scenario14,gen_curtailment,17:151,0.0
Stage2,Scenario14,gen_curtailment,17:17,0.0
Stage2,Scenario14,gen_curtailment,18:121,0.0
Stage2,Scenario14,gen_curtailment,2:120,0.0
Stage2,Scenario14,gen_curtailment,20:73,0.0
Stage2,Scenario14,gen_curtailment,21:156,0.0
Stage2,Scenario14,gen_curtailment,21:74,0.0
Stage2,Scenario14,gen_curtailment,21:75,0.0
Stage2,Scenario14,gen_curtailment,21:76,0.0
Stage2,Scenario14,gen_curtailment,21:77,0.0
Stage2,Scenario14,gen_curtailment,21:78,0.0
Stage2,Scenario14,gen_curtailment,21:79,0.0
Stage2,Scenario14,gen_curtailment,22:18,0.0
Stage2,Scenario14,gen_curtailment,22:19,0.0
Stage2,Scenario14,gen_curtailment,22:20,0.0
Stage2,Scenario14,gen_curtailment,22:21,0.0
Stage2,Scenario14,gen_curtailment,22:22,0.0
Stage2,Scenario14,gen_curtailment,24:23,0.0
Stage2,Scenario14,gen_curtailment,24:24,0.0
Stage2,Scenario14,gen_curtailment,24:25,0.0
Stage2,Scenario14,gen_curtailment,24:80,0.0
Stage2,Scenario14,gen_curtailment,25:26,0.0
Stage2,Scenario14,gen_curtailment,25:27,0.0
Stage2,Scenario14,gen_curtailment,25:28,0.0
Stage2,Scenario14,gen_curtailment,25:29,0.0
Stage2,Scenario14,gen_curtailment,3:115,0.0
Stage2,Scenario14,gen_curtailment,30:30,0.0
Stage2,Scenario14,gen_curtailment,30:31,0.0
Stage2,Scenario14,gen_curtailment,35:116,0.0
Stage2,Scenario14,gen_curtailment,36:152,0.0
Stage2,Scenario14,gen_curtailment,36:32,0.0
Stage2,Scenario14,gen_curtailment,36:33,0.0
Stage2,Scenario14,gen_curtailment,36:34,0.0
Stage2,Scenario14,gen_curtailment,37:81,0.0
Stage2,Scenario14,gen_curtailment,38:111,0.0
Stage2,Scenario14,gen_curtailment,38:35,0.0
Stage2,Scenario14,gen_curtailment,38:36,0.0
Stage2,Scenario14,gen_curtailment,38:82,0.0
Stage2,Scenario14,gen_curtailment,38:83,0.0
Stage2,Scenario14,gen_curtailment,38:84,0.0
Stage2,Scenario14,gen_curtailment,39:37,0.0
Stage2,Scenario14,gen_curtailment,41:38,0.0
Stage2,Scenario14,gen_curtailment,44:39,0.0
Stage2,Scenario14,gen_curtailment,45:85,0.0
Stage2,Scenario14,gen_curtailment,45:86,0.0
Stage2,Scenario14,gen_curtailment,45:87,0.0
Stage2,Scenario14,gen_curtailment,45:88,0.0
Stage2,Scenario14,gen_curtailment,45:89,0.0
Stage2,Scenario14,gen_curtailment,45:90,0.0
Stage2,Scenario14,gen_curtailment,46:40,0.0
Stage2,Scenario14,gen_curtailment,46:41,0.0
Stage2,Scenario14,gen_curtailment,46:42,0.0
Stage2,Scenario14,gen_curtailment,46:43,0.0
Stage2,Scenario14,gen_curtailment,46:44,0.0
Stage2,Scenario14,gen_curtailment,46:45,0.0
Stage2,Scenario14,gen_curtailment,48:46,0.0
Stage2,Scenario14,gen_curtailment,48:47,0.0
Stage2,Scenario14,gen_curtailment,48:48,0.0
Stage2,Scenario14,gen_curtailment,48:49,0.0
Stage2,Scenario14,gen_curtailment,49:50,0.0
Stage2,Scenario14,gen_curtailment,49:51,0.0
Stage2,Scenario14,gen_curtailment,49:52,0.0
Stage2,Scenario14,gen_curtailment,49:53,0.0
Stage2,Scenario14,gen_curtailment,50:155,0.0
Stage2,Scenario14,gen_curtailment,54:54,0.0
Stage2,Scenario14,gen_curtailment,54:55,0.0
Stage2,Scenario14,gen_curtailment,55:122,0.0
Stage2,Scenario14,gen_curtailment,56:153,0.0
Stage2,Scenario14,gen_curtailment,57:103,0.0
Stage2,Scenario14,gen_curtailment,57:106,0.0
Stage2,Scenario14,gen_curtailment,59:105,0.0
Stage2,Scenario14,gen_curtailment,6:8,0.0
Stage2,Scenario14,gen_curtailment,60:102,0.0
Stage2,Scenario14,gen_curtailment,60:123,0.0
Stage2,Scenario14,gen_curtailment,60:124,0.0
Stage2,Scenario14,gen_curtailment,60:125,0.0
Stage2,Scenario14,gen_curtailment,60:126,0.0
Stage2,Scenario14,gen_curtailment,60:127,0.0
Stage2,Scenario14,gen_curtailment,60:128,0.0
Stage2,Scenario14,gen_curtailment,60:129,0.0
Stage2,Scenario14,gen_curtailment,60:130,0.0
Stage2,Scenario14,gen_curtailment,60:131,0.0
Stage2,Scenario14,gen_curtailment,60:132,0.0
Stage2,Scenario14,gen_curtailment,60:133,0.0
Stage2,Scenario14,gen_curtailment,60:134,0.0
Stage2,Scenario14,gen_curtailment,60:138,0.0
Stage2,Scenario14,gen_curtailment,60:157,0.0
Stage2,Scenario14,gen_curtailment,60:56,0.0
Stage2,Scenario14,gen_curtailment,60:99,0.0
Stage2,Scenario14,gen_curtailment,61:100,0.0
Stage2,Scenario14,gen_curtailment,61:101,0.0
Stage2,Scenario14,gen_curtailment,61:91,0.0
Stage2,Scenario14,gen_curtailment,61:97,0.0
Stage2,Scenario14,gen_curtailment,61:98,0.0
Stage2,Scenario14,gen_curtailment,62:57,0.0
Stage2,Scenario14,gen_curtailment,62:58,0.0
Stage2,Scenario14,gen_curtailment,62:59,0.0
Stage2,Scenario14,gen_curtailment,62:60,0.0
Stage2,Scenario14,gen_curtailment,62:61,0.0
Stage2,Scenario14,gen_curtailment,62:62,0.0
Stage2,Scenario14,gen_curtailment,62:63,0.0
Stage2,Scenario14,gen_curtailment,62:64,0.0
Stage2,Scenario14,gen_curtailment,63:65,0.0
Stage2,Scenario14,gen_curtailment,64:154,0.0
Stage2,Scenario14,gen_curtailment,65:66,0.0
Stage2,Scenario14,gen_curtailment,66:110,0.0
Stage2,Scenario14,gen_curtailment,67:135,0.0
Stage2,Scenario14,gen_curtailment,67:136,0.0
Stage2,Scenario14,gen_curtailment,67:137,0.0
Stage2,Scenario14,gen_curtailment,67:139,0.0
Stage2,Scenario14,gen_curtailment,67:140,0.0
Stage2,Scenario14,gen_curtailment,67:147,0.0
Stage2,Scenario14,gen_curtailment,67:96,0.0
Stage2,Scenario14,gen_curtailment,68:67,0.0
Stage2,Scenario14,gen_curtailment,69:68,0.0
Stage2,Scenario14,gen_curtailment,69:69,0.0
Stage2,Scenario14,gen_curtailment,69:92,0.0
Stage2,Scenario14,gen_curtailment,69:93,0.0
Stage2,Scenario14,gen_curtailment,69:94,0.0
Stage2,Scenario14,gen_curtailment,69:95,0.0
Stage2,Scenario14,gen_curtailment,70:70,0.0
Stage2,Scenario14,gen_curtailment,70:71,0.0
Stage2,Scenario14,gen_curtailment,71:104,0.0
Stage2,Scenario14,gen_curtailment,71:107,0.0
Stage2,Scenario14,gen_curtailment,71:108,0.0
Stage2,Scenario14,load_shed,0,0.0
Stage2,Scenario14,load_shed,1,0.0
Stage2,Scenario14,load_shed,10,0.0
Stage2,Scenario14,load_shed,11,0.0
Stage2,Scenario14,load_shed,12,0.0
Stage2,Scenario14,load_shed,13,0.0
Stage2,Scenario14,load_shed,14,0.0
Stage2,Scenario14,load_shed,15,0.0
Stage2,Scenario14,load_shed,16,0.0
Stage2,Scenario14,load_shed,17,0.0
Stage2,Scenario14,load_shed,18,0.0
Stage2,Scenario14,load_shed,19,0.0
Stage2,Scenario14,load_shed,2,0.0
Stage2,Scenario14,load_shed,20,0.0
Stage2,Scenario14,load_shed,21,0.0
Stage2,Scenario14,load_shed,22,0.0
Stage2,Scenario14,load_shed,23,0.0
Stage2,Scenario14,load_shed,24,0.0
Stage2,Scenario14,load_shed,25,0.0
Stage2,Scenario14,load_shed,26,0.0
Stage2,Scenario14,load_shed,27,0.0
Stage2,Scenario14,load_shed,28,0.0
Stage2,Scenario14,load_shed,29,0.0
Stage2,Scenario14,load_shed,3,0.0
Stage2,Scenario14,load_shed,30,0.0
Stage2,Scenario14,load_shed,31,0.0
Stage2,Scenario14,load_shed,32,0.0
Stage2,Scenario14,load_shed,33,0.0
Stage2,Scenario14,load_shed,34,0.0
Stage2,Scenario14,load_shed,35,0.0
Stage2,Scenario14,load_shed,36,0.0
Stage2,Scenario14,load_shed,37,0.0
Stage2,Scenario14,load_shed,38,0.0
Stage2,Scenario14,load_shed,39,0.0
Stage2,Scenario14,load_shed,4,0.0
Stage2,Scenario14,load_shed,40,0.0
Stage2,Scenario14,load_shed,41,0.0
Stage2,Scenario14,load_shed,42,0.0
Stage2,Scenario14,load_shed,43,0.0
Stage2,Scenario14,load_shed,44,0.0
Stage2,Scenario14,load_shed,45,0.0
Stage2,Scenario14,load_shed,46,0.0
Stage2,Scenario14,load_shed,47,0.0
Stage2,Scenario14,load_shed,48,0.0
Stage2,Scenario14,load_shed,49,0.0
Stage2,Scenario14,load_shed,5,0.0
Stage2,Scenario14,load_shed,50,0.0
Stage2,Scenario14,load_shed,51,0.0
Stage2,Scenario14,load_shed,52,0.0
Stage2,Scenario14,load_shed,53,0.0
Stage2,Scenario14,load_shed,54,0.0
Stage2,Scenario14,load_shed,55,0.0
Stage2,Scenario14,load_shed,56,0.0
Stage2,Scenario14,load_shed,57,0.0
Stage2,Scenario14,load_shed,58,0.0
Stage2,Scenario14,load_shed,59,0.0
Stage2,Scenario14,load_shed,6,0.0
Stage2,Scenario14,load_shed,60,0.0
Stage2,Scenario14,load_shed,61,0.0
Stage2,Scenario14,load_shed,62,0.0
Stage2,Scenario14,load_shed,63,0.0
Stage2,Scenario14,load_shed,64,0.0
Stage2,Scenario14,load_shed,65,0.0
Stage2,Scenario14,load_shed,66,0.0
Stage2,Scenario14,load_shed,67,0.0
Stage2,Scenario14,load_shed,68,0.0
Stage2,Scenario14,load_shed,69,0.0
Stage2,Scenario14,load_shed,7,0.0
Stage2,Scenario14,load_shed,70,0.0
Stage2,Scenario14,load_shed,71,0.0
Stage2,Scenario14,load_shed,72,0.0
Stage2,Scenario14,load_shed,8,0.0
Stage2,Scenario14,load_shed,9,0.0
Stage2,Scenario14,load_shed_value,None,0.0
Stage2,Scenario14,nu,None,0.0
Stage2,Scenario14,theta,0,-0.11412354094978834
Stage2,Scenario14,theta,1,-0.1119588302022877
Stage2,Scenario14,theta,10,-0.07965462404823052
Stage2,Scenario14,theta,11,-0.10775268326605418
Stage2,Scenario14,theta,12,0.0
Stage2,Scenario14,theta,13,-0.027587579179190504
Stage2,Scenario14,theta,14,0.18549622790025633
Stage2,Scenario14,theta,15,0.16001422194636572
Stage2,Scenario14,theta,16,0.20824715796720877
Stage2,Scenario14,theta,17,0.22947952547537837
Stage2,Scenario14,theta,18,0.15025387510659308
Stage2,Scenario14,theta,19,0.1646466169850516
Stage2,Scenario14,theta,2,-0.3093264055051193
Stage2,Scenario14,theta,20,0.2668102953043929
Stage2,Scenario14,theta,21,0.24379125866318757
Stage2,Scenario14,theta,22,0.1866426250182038
Stage2,Scenario14,theta,23,-0.3093264055051193
Stage2,Scenario14,theta,24,-0.26760103498605786
Stage2,Scenario14,theta,25,-0.2751523140504458
Stage2,Scenario14,theta,26,-0.19122090867201852
Stage2,Scenario14,theta,27,-0.29158320270596483
Stage2,Scenario14,theta,28,-0.28482322872130134
Stage2,Scenario14,theta,29,-0.5362723140504461
Stage2,Scenario14,theta,3,-0.1902184790280133
Stage2,Scenario14,theta,30,-0.4914358416006121
Stage2,Scenario14,theta,31,-0.442025841600612
Stage2,Scenario14,theta,32,-0.2280784186128466
Stage2,Scenario14,theta,33,-0.24017326458837693
Stage2,Scenario14,theta,34,-0.10325317433403262
Stage2,Scenario14,theta,35,-0.06327389661688626
Stage2,Scenario14,theta,36,0.0020193926090815995
Stage2,Scenario14,theta,37,-0.06732357131079722
Stage2,Scenario14,theta,38,0.09547510300770494
Stage2,Scenario14,theta,39,0.09760896626946204
Stage2,Scenario14,theta,4,-0.18854020257320714
Stage2,Scenario14,theta,40,0.16998926711042112
Stage2,Scenario14,theta,41,0.16381263997570214
Stage2,Scenario14,theta,42,0.09501296506316342
Stage2,Scenario14,theta,43,0.12895557270986027
Stage2,Scenario14,theta,44,0.1580772004934631
Stage2,Scenario14,theta,45,0.4849892671104211
Stage2,Scenario14,theta,46,0.16170400691554354
Stage2,Scenario14,theta,47,-0.013137694656185611
Stage2,Scenario14,theta,48,0.24340171224849316
Stage2,Scenario14,theta,49,0.24253274918691906
Stage2,Scenario14,theta,5,-0.24408556872275686
Stage2,Scenario14,theta,50,0.5075882269622185
Stage2,Scenario14,theta,51,0.271163845944276
Stage2,Scenario14,theta,52,0.18305171224849318
Stage2,Scenario14,theta,53,0.2583707337891707
Stage2,Scenario14,theta,54,0.10165618846343696
Stage2,Scenario14,theta,55,0.1510661884634371
Stage2,Scenario14,theta,56,0.3715697834463636
Stage2,Scenario14,theta,57,0.34636259348051096
Stage2,Scenario14,theta,58,0.5539151065563709
Stage2,Scenario14,theta,59,0.4408951341800018
Stage2,Scenario14,theta,6,-0.1295562267240306
Stage2,Scenario14,theta,60,0.7939151065563713
Stage2,Scenario14,theta,61,0.5346748709758998
Stage2,Scenario14,theta,62,0.46042297664418363
Stage2,Scenario14,theta,63,0.4760819209938094
Stage2,Scenario14,theta,64,0.4731904245703251
Stage2,Scenario14,theta,65,0.45726634405541305
Stage2,Scenario14,theta,66,0.47123409432071034
Stage2,Scenario14,theta,67,0.5032185928658414
Stage2,Scenario14,theta,68,0.48480699000547833
Stage2,Scenario14,theta,69,0.5809438313373256
Stage2,Scenario14,theta,7,-0.22123858946423397
Stage2,Scenario14,theta,70,0.5348900670656636
Stage2,Scenario14,theta,71,0.4782912049447644
Stage2,Scenario14,theta,72,0.5121285770104613
Stage2,Scenario14,theta,8,-0.20521712058608793
Stage2,Scenario14,theta,9,-0.20310333460686428
Stage2,Scenario14,xij,0,1.0
Stage2,Scenario14,xij,1,1.0
Stage2,Scenario14,xij,10,1.0
Stage2,Scenario14,xij,100,1.0
Stage2,Scenario14,xij,101,1.0
Stage2,Scenario14,xij,102,1.0
Stage2,Scenario14,xij,103,1.0
Stage2,Scenario14,xij,104,1.0
Stage2,Scenario14,xij,105,1.0
Stage2,Scenario14,xij,106,1.0
Stage2,Scenario14,xij,107,1.0
Stage2,Scenario14,xij,108,1.0
Stage2,Scenario14,xij,109,1.0
Stage2,Scenario14,xij,11,1.0
Stage2,Scenario14,xij,110,1.0
Stage2,Scenario14,xij,111,1.0
Stage2,Scenario14,xij,112,1.0
Stage2,Scenario14,xij,113,1.0
Stage2,Scenario14,xij,114,1.0
Stage2,Scenario14,xij,115,1.0
Stage2,Scenario14,xij,116,1.0
Stage2,Scenario14,xij,117,1.0
Stage2,Scenario14,xij,118,1.0
Stage2,Scenario14,xij,119,1.0
Stage2,Scenario14,xij,12,1.0
Stage2,Scenario14,xij,13,1.0
Stage2,Scenario14,xij,14,1.0
Stage2,Scenario14,xij,15,1.0
Stage2,Scenario14,xij,16,1.0
Stage2,Scenario14,xij,17,1.0
Stage2,Scenario14,xij,18,1.0
Stage2,Scenario14,xij,19,1.0
Stage2,Scenario14,xij,2,1.0
Stage2,Scenario14,xij,20,1.0
Stage2,Scenario14,xij,21,0.0
Stage2,Scenario14,xij,22,1.0
Stage2,Scenario14,xij,23,1.0
Stage2,Scenario14,xij,24,1.0
Stage2,Scenario14,xij,25,1.0
Stage2,Scenario14,xij,26,1.0
Stage2,Scenario14,xij,27,1.0
Stage2,Scenario14,xij,28,0.0
Stage2,Scenario14,xij,29,1.0
Stage2,Scenario14,xij,3,1.0
Stage2,Scenario14,xij,30,1.0
Stage2,Scenario14,xij,31,1.0
Stage2,Scenario14,xij,32,1.0
Stage2,Scenario14,xij,33,1.0
Stage2,Scenario14,xij,34,1.0
Stage2,Scenario14,xij,35,1.0
Stage2,Scenario14,xij,36,1.0
Stage2,Scenario14,xij,37,1.0
Stage2,Scenario14,xij,38,1.0
Stage2,Scenario14,xij,39,1.0
Stage2,Scenario14,xij,4,1.0
Stage2,Scenario14,xij,40,1.0
Stage2,Scenario14,xij,41,1.0
Stage2,Scenario14,xij,42,1.0
Stage2,Scenario14,xij,43,1.0
Stage2,Scenario14,xij,44,1.0
Stage2,Scenario14,xij,45,1.0
Stage2,Scenario14,xij,46,1.0
Stage2,Scenario14,xij,47,1.0
Stage2,Scenario14,xij,48,1.0
Stage2,Scenario14,xij,49,1.0
Stage2,Scenario14,xij,5,1.0
Stage2,Scenario14,xij,50,0.0
Stage2,Scenario14,xij,51,1.0
Stage2,Scenario14,xij,52,1.0
Stage2,Scenario14,xij,53,1.0
Stage2,Scenario14,xij,54,1.0
Stage2,Scenario14,xij,55,1.0
Stage2,Scenario14,xij,56,1.0
Stage2,Scenario14,xij,57,1.0
Stage2,Scenario14,xij,58,1.0
Stage2,Scenario14,xij,59,1.0
Stage2,Scenario14,xij,6,1.0
Stage2,Scenario14,xij,60,1.0
Stage2,Scenario14,xij,61,1.0
Stage2,Scenario14,xij,62,1.0
Stage2,Scenario14,xij,63,1.0
Stage2,Scenario14,xij,64,1.0
Stage2,Scenario14,xij,65,1.0
Stage2,Scenario14,xij,66,1.0
Stage2,Scenario14,xij,67,1.0
Stage2,Scenario14,xij,68,1.0
Stage2,Scenario14,xij,69,1.0
Stage2,Scenario14,xij,7,1.0
Stage2,Scenario14,xij,70,1.0
Stage2,Scenario14,xij,71,1.0
Stage2,Scenario14,xij,72,1.0
Stage2,Scenario14,xij,73,1.0
Stage2,Scenario14,xij,74,1.0
Stage2,Scenario14,xij,75,1.0
Stage2,Scenario14,xij,76,1.0
Stage2,Scenario14,xij,77,1.0
Stage2,Scenario14,xij,78,0.0
Stage2,Scenario14,xij,79,1.0
Stage2,Scenario14,xij,8,1.0
Stage2,Scenario14,xij,80,1.0
Stage2,Scenario14,xij,81,1.0
Stage2,Scenario14,xij,82,1.0
Stage2,Scenario14,xij,83,1.0
Stage2,Scenario14,xij,84,1.0
Stage2,Scenario14,xij,85,1.0
Stage2,Scenario14,xij,86,1.0
Stage2,Scenario14,xij,87,0.0
Stage2,Scenario14,xij,88,1.0
Stage2,Scenario14,xij,89,1.0
Stage2,Scenario14,xij,9,1.0
Stage2,Scenario14,xij,90,1.0
Stage2,Scenario14,xij,91,1.0
Stage2,Scenario14,xij,92,1.0
Stage2,Scenario14,xij,93,1.0
Stage2,Scenario14,xij,94,1.0
Stage2,Scenario14,xij,95,1.0
Stage2,Scenario14,xij,96,1.0
Stage2,Scenario14,xij,97,1.0
Stage2,Scenario14,xij,98,0.0
Stage2,Scenario14,xij,99,1.0
Stage2,Scenario15,Pij,0,0.19777382740723054
Stage2,Scenario15,Pij,1,-0.40198020732389367
Stage2,Scenario15,Pij,10,1.2484407405835736
Stage2,Scenario15,Pij,100,1.502492836683196
Stage2,Scenario15,Pij,101,1.0846796401515162
Stage2,Scenario15,Pij,102,-2.547485545327779
Stage2,Scenario15,Pij,103,-0.3344073281763309
Stage2,Scenario15,Pij,104,-0.3344073281763309
Stage2,Scenario15,Pij,105,0.9563002016804443
Stage2,Scenario15,Pij,106,1.03452045078054
Stage2,Scenario15,Pij,107,-2.247326355956808
Stage2,Scenario15,Pij,108,1.2073310665629777
Stage2,Scenario15,Pij,109,-0.17281061578243784
Stage2,Scenario15,Pij,11,0.6375592594164264
Stage2,Scenario15,Pij,110,-0.6491873639324481
Stage2,Scenario15,Pij,111,-0.6491873639324481
Stage2,Scenario15,Pij,112,-2.0286631779784043
Stage2,Scenario15,Pij,113,-2.0286631779784043
Stage2,Scenario15,Pij,114,-1.6746631779784042
Stage2,Scenario15,Pij,115,-1.6746631779784042
Stage2,Scenario15,Pij,116,-0.2671893842175599
Stage2,Scenario15,Pij,117,1.1452942055721091
Stage2,Scenario15,Pij,118,2.0917057944278743
Stage2,Scenario15,Pij,119,1.1452942055721091
Stage2,Scenario15,Pij,12,-0.3652075534536882
Stage2,Scenario15,Pij,13,-0.09635170596273807
Stage2,Scenario15,Pij,14,-1.1359325965687186
Stage2,Scenario15,Pij,15,-1.1553425766577905
Stage2,Scenario15,Pij,16,-1.6730249013738248
Stage2,Scenario15,Pij,17,-1.692721728459287
Stage2,Scenario15,Pij,18,-1.2136253311392942
Stage2,Scenario15,Pij,19,-1.5953321668032485
Stage2,Scenario15,Pij,2,0.40420637991665975
Stage2,Scenario15,Pij,20,-1.178638842028742
Stage2,Scenario15,Pij,21,-1.669425463088335
Stage2,Scenario15,Pij,22,-1.2110299483010223
Stage2,Scenario15,Pij,23,-0.6952342248670142
Stage2,Scenario15,Pij,24,-3.5353321668032485
Stage2,Scenario15,Pij,25,1.854922752482318
Stage2,Scenario15,Pij,26,-3.1397301044195656
Stage2,Scenario15,Pij,27,-3.1397301044195656
Stage2,Scenario15,Pij,28,2.6045374563568116
Stage2,Scenario15,Pij,29,-4.803833996733026
Stage2,Scenario15,Pij,3,0.16137513119425972
Stage2,Scenario15,Pij,30,3.3734245824120954
Stage2,Scenario15,Pij,31,-1.5876214071740529
Stage2,Scenario15,Pij,32,-3.216212589558973
Stage2,Scenario15,Pij,33,-1.4713107035870263
Stage2,Scenario15,Pij,34,-1.4713107035870263
Stage2,Scenario15,Pij,35,0.7817122912060478
Stage2,Scenario15,Pij,36,0.7817122912060478
Stage2,Scenario15,Pij,37,0.14171229120604778
Stage2,Scenario15,Pij,38,0.14171229120604778
Stage2,Scenario15,Pij,39,-4.076787410441074
Stage2,Scenario15,Pij,4,0.34639869621296754
Stage2,Scenario15,Pij,40,0.08296917102273109
Stage2,Scenario15,Pij,41,-0.03102085544907982
Stage2,Scenario15,Pij,42,-0.5689157093548232
Stage2,Scenario15,Pij,43,0.23993656480389958
Stage2,Scenario15,Pij,44,0.032246663573202605
Stage2,Scenario15,Pij,45,0.24673248097771427
Stage2,Scenario15,Pij,46,0.4209739662436155
Stage2,Scenario15,Pij,47,-2.1523304161820116
Stage2,Scenario15,Pij,48,-0.7077533364267974
Stage2,Scenario15,Pij,49,-0.4700634351961004
Stage2,Scenario15,Pij,5,0.40255724903291784
Stage2,Scenario15,Pij,50,-1.1132675190222858
Stage2,Scenario15,Pij,51,-0.8100000000000023
Stage2,Scenario15,Pij,52,-1.4084070860665223
Stage2,Scenario15,Pij,53,-1.11159291393348
Stage2,Scenario15,Pij,54,-1.3218878374557672
Stage2,Scenario15,Pij,55,-2.123298618793936
Stage2,Scenario15,Pij,56,-1.915834788864942
Stage2,Scenario15,Pij,57,-2.7290890792869265
Stage2,Scenario15,Pij,58,-2.206462593272224
Stage2,Scenario15,Pij,59,-1.031260033048488
Stage2,Scenario15,Pij,6,-2.6045374563568116
Stage2,Scenario15,Pij,60,-0.7619196599101741
Stage2,Scenario15,Pij,61,-2.0904680381706875
Stage2,Scenario15,Pij,62,-1.9103822531824
Stage2,Scenario15,Pij,63,-2.971260033048488
Stage2,Scenario15,Pij,64,0.7375162278566422
Stage2,Scenario15,Pij,65,-1.4520404344528337
Stage2,Scenario15,Pij,66,-1.4520404344528337
Stage2,Scenario15,Pij,67,2.1523304161820116
Stage2,Scenario15,Pij,68,-2.2928883021170625
Stage2,Scenario15,Pij,69,0.30914449692521706
Stage2,Scenario15,Pij,7,-0.5786248688057403
Stage2,Scenario15,Pij,70,-0.8915800483965972
Stage2,Scenario15,Pij,71,-1.3183390826977344
Stage2,Scenario15,Pij,72,-0.4457900241982986
Stage2,Scenario15,Pij,73,-0.4457900241982986
Stage2,Scenario15,Pij,74,-0.7504277515373913
Stage2,Scenario15,Pij,75,-0.7504277515373913
Stage2,Scenario15,Pij,76,-1.3904277515373913
Stage2,Scenario15,Pij,77,-1.3904277515373913
Stage2,Scenario15,Pij,78,-1.6816609173022656
Stage2,Scenario15,Pij,79,-0.45465745294538146
Stage2,Scenario15,Pij,8,-0.3057936200833402
Stage2,Scenario15,Pij,80,0.08120843642580404
Stage2,Scenario15,Pij,81,-0.10655098348042835
Stage2,Scenario15,Pij,82,0.042093992907894506
Stage2,Scenario15,Pij,83,0.03324855414672445
Stage2,Scenario15,Pij,84,-0.7624913618937517
Stage2,Scenario15,Pij,85,-0.9563002016804443
Stage2,Scenario15,Pij,86,-0.6979060070921055
Stage2,Scenario15,Pij,87,-0.8165509834804283
Stage2,Scenario15,Pij,88,-1.3267514458532756
Stage2,Scenario15,Pij,89,-0.8100000000000023
Stage2,Scenario15,Pij,9,-1.0136013037870326
Stage2,Scenario15,Pij,90,-1.2378429449618122
Stage2,Scenario15,Pij,91,-1.28215705503819
Stage2,Scenario15,Pij,92,-1.9754414186682436
Stage2,Scenario15,Pij,93,-2.472798895279424
Stage2,Scenario15,Pij,94,-1.9188759486344609
Stage2,Scenario15,Pij,95,-2.4235835357374316
Stage2,Scenario15,Pij,96,-4.443997007454219
Stage2,Scenario15,Pij,97,0.549679640151516
Stage2,Scenario15,Pij,98,-3.547510155862585
Stage2,Scenario15,Pij,99,-0.40787227515427943
Stage2,Scenario15,bus_gen,0:0,0.07999999999999828
Stage2,Scenario15,bus_gen,0:1,0.07999999999999828
Stage2,Scenario15,bus_gen,0:113,0.0
Stage2,Scenario15,bus_gen,0:117,0.0
Stage2,Scenario15,bus_gen,0:118,0.0
Stage2,Scenario15,bus_gen,0:119,0.0
Stage2,Scenario15,bus_gen,0:2,0.56
Stage2,Scenario15,bus_gen,0:3,0.56
Stage2,Scenario15,bus_gen,1:112,0.0
Stage2,Scenario15,bus_gen,1:114,0.0
Stage2,Scenario15,bus_gen,1:4,0.07999999999999828
Stage2,Scenario15,bus_gen,1:5,0.07999999999999828
Stage2,Scenario15,bus_gen,1:6,0.56
Stage2,Scenario15,bus_gen,1:7,0.56
Stage2,Scenario15,bus_gen,12:10,0.55
Stage2,Scenario15,bus_gen,12:109,0.9359999999999998
Stage2,Scenario15,bus_gen,12:11,0.55
Stage2,Scenario15,bus_gen,12:12,0.55
Stage2,Scenario15,bus_gen,12:9,0.55
Stage2,Scenario15,bus_gen,13:72,0.0
Stage2,Scenario15,bus_gen,14:13,0.049999999999998934
Stage2,Scenario15,bus_gen,14:14,0.049999999999998934
Stage2,Scenario15,bus_gen,14:15,1.2500000000000002
Stage2,Scenario15,bus_gen,15:16,1.2500000000000002
Stage2,Scenario15,bus_gen,17:141,0.0
Stage2,Scenario15,bus_gen,17:142,0.0
Stage2,Scenario15,bus_gen,17:143,0.0
Stage2,Scenario15,bus_gen,17:144,0.0
Stage2,Scenario15,bus_gen,17:145,0.0
Stage2,Scenario15,bus_gen,17:146,0.0
Stage2,Scenario15,bus_gen,17:148,0.0
Stage2,Scenario15,bus_gen,17:149,0.0
Stage2,Scenario15,bus_gen,17:150,0.0
Stage2,Scenario15,bus_gen,17:151,0.0
Stage2,Scenario15,bus_gen,17:17,1.9750000000000003
Stage2,Scenario15,bus_gen,18:121,0.0
Stage2,Scenario15,bus_gen,2:120,0.0
Stage2,Scenario15,bus_gen,20:73,4.0
Stage2,Scenario15,bus_gen,21:156,7.134999999999999
Stage2,Scenario15,bus_gen,21:74,0.0
Stage2,Scenario15,bus_gen,21:75,0.15800000000004744
Stage2,Scenario15,bus_gen,21:76,0.0
Stage2,Scenario15,bus_gen,21:77,0.0
Stage2,Scenario15,bus_gen,21:78,0.0
Stage2,Scenario15,bus_gen,21:79,0.0
Stage2,Scenario15,bus_gen,22:18,0.6199999999999983
Stage2,Scenario15,bus_gen,22:19,1.3999999999999986
Stage2,Scenario15,bus_gen,22:20,0.21999999999999886
Stage2,Scenario15,bus_gen,22:21,0.21999999999999886
Stage2,Scenario15,bus_gen,22:22,0.21999999999999886
Stage2,Scenario15,bus_gen,24:23,0.07999999999999828
Stage2,Scenario15,bus_gen,24:24,0.07999999999999828
Stage2,Scenario15,bus_gen,24:25,0.56
Stage2,Scenario15,bus_gen,24:80,0.0
Stage2,Scenario15,bus_gen,25:26,0.07999999999999828
Stage2,Scenario15,bus_gen,25:27,0.07999999999999828
Stage2,Scenario15,bus_gen,25:28,0.56
Stage2,Scenario15,bus_gen,25:29,0.56
Stage2,Scenario15,bus_gen,3:115,0.0
Stage2,Scenario15,bus_gen,30:30,0.21999999999999886
Stage2,Scenario15,bus_gen,30:31,0.21999999999999886
Stage2,Scenario15,bus_gen,35:116,2.0
Stage2,Scenario15,bus_gen,36:152,0.132
Stage2,Scenario15,bus_gen,36:32,3.136
Stage2,Scenario15,bus_gen,36:33,0.21999999999999886
Stage2,Scenario15,bus_gen,36:34,0.21999999999999886
Stage2,Scenario15,bus_gen,37:81,0.0
Stage2,Scenario15,bus_gen,38:111,1.251
Stage2,Scenario15,bus_gen,38:35,0.55
Stage2,Scenario15,bus_gen,38:36,0.55
Stage2,Scenario15,bus_gen,38:82,0.5
Stage2,Scenario15,bus_gen,38:83,0.5
Stage2,Scenario15,bus_gen,38:84,0.5
Stage2,Scenario15,bus_gen,39:37,1.2500000000000002
Stage2,Scenario15,bus_gen,41:38,3.3300000000000005
Stage2,Scenario15,bus_gen,44:39,2.1139999999999985
Stage2,Scenario15,bus_gen,45:85,0.5
Stage2,Scenario15,bus_gen,45:86,0.5
Stage2,Scenario15,bus_gen,45:87,0.5
Stage2,Scenario15,bus_gen,45:88,0.5
Stage2,Scenario15,bus_gen,45:89,0.5
Stage2,Scenario15,bus_gen,45:90,0.5
Stage2,Scenario15,bus_gen,46:40,0.6199999999999983
Stage2,Scenario15,bus_gen,46:41,0.6199999999999983
Stage2,Scenario15,bus_gen,46:42,1.7999999999999985
Stage2,Scenario15,bus_gen,46:43,0.55
Stage2,Scenario15,bus_gen,46:44,0.55
Stage2,Scenario15,bus_gen,46:45,0.55
Stage2,Scenario15,bus_gen,48:46,0.07999999999999828
Stage2,Scenario15,bus_gen,48:47,0.07999999999999828
Stage2,Scenario15,bus_gen,48:48,0.21999999999999886
Stage2,Scenario15,bus_gen,48:49,0.21999999999999886
Stage2,Scenario15,bus_gen,49:50,0.2
Stage2,Scenario15,bus_gen,49:51,0.2
Stage2,Scenario15,bus_gen,49:52,0.55
Stage2,Scenario15,bus_gen,49:53,0.55
Stage2,Scenario15,bus_gen,50:155,0.0
Stage2,Scenario15,bus_gen,54:54,0.21999999999999886
Stage2,Scenario15,bus_gen,54:55,0.21999999999999886
Stage2,Scenario15,bus_gen,55:122,0.0
Stage2,Scenario15,bus_gen,56:153,0.0
Stage2,Scenario15,bus_gen,57:103,0.517
Stage2,Scenario15,bus_gen,57:106,0.5159999999999999
Stage2,Scenario15,bus_gen,59:105,0.941
Stage2,Scenario15,bus_gen,6:8,3.136
Stage2,Scenario15,bus_gen,60:102,0.9329999999999999
Stage2,Scenario15,bus_gen,60:123,1.0170000000000001
Stage2,Scenario15,bus_gen,60:124,0.631
Stage2,Scenario15,bus_gen,60:125,0.654
Stage2,Scenario15,bus_gen,60:126,0.67
Stage2,Scenario15,bus_gen,60:127,0.6480000000000001
Stage2,Scenario15,bus_gen,60:128,0.638
Stage2,Scenario15,bus_gen,60:129,0.6409999999999999
Stage2,Scenario15,bus_gen,60:130,0.6659999999999999
Stage2,Scenario15,bus_gen,60:131,0.624
Stage2,Scenario15,bus_gen,60:132,0.669
Stage2,Scenario15,bus_gen,60:133,0.652
Stage2,Scenario15,bus_gen,60:134,0.278
Stage2,Scenario15,bus_gen,60:138,0.2719999999999997
Stage2,Scenario15,bus_gen,60:157,0.5
Stage2,Scenario15,bus_gen,60:56,1.6999999999999984
Stage2,Scenario15,bus_gen,60:99,0.9510000000000004
Stage2,Scenario15,bus_gen,61:100,0.927
Stage2,Scenario15,bus_gen,61:101,0.516
Stage2,Scenario15,bus_gen,61:91,0.0
Stage2,Scenario15,bus_gen,61:97,0.516
Stage2,Scenario15,bus_gen,61:98,0.516
Stage2,Scenario15,bus_gen,62:57,0.049999999999998934
Stage2,Scenario15,bus_gen,62:58,0.049999999999998934
Stage2,Scenario15,bus_gen,62:59,0.049999999999998934
Stage2,Scenario15,bus_gen,62:60,0.049999999999998934
Stage2,Scenario15,bus_gen,62:61,0.049999999999998934
Stage2,Scenario15,bus_gen,62:62,0.21999999999999886
Stage2,Scenario15,bus_gen,62:63,0.21999999999999886
Stage2,Scenario15,bus_gen,62:64,0.21999999999999886
Stage2,Scenario15,bus_gen,63:65,1.2500000000000002
Stage2,Scenario15,bus_gen,64:154,0.0
Stage2,Scenario15,bus_gen,65:66,2.9160000000000004
Stage2,Scenario15,bus_gen,66:110,0.0
Stage2,Scenario15,bus_gen,67:135,0.273
Stage2,Scenario15,bus_gen,67:136,0.27
Stage2,Scenario15,bus_gen,67:137,0.28300000000000003
Stage2,Scenario15,bus_gen,67:139,0.27
Stage2,Scenario15,bus_gen,67:140,0.282
Stage2,Scenario15,bus_gen,67:147,0.09399999999999997
Stage2,Scenario15,bus_gen,67:96,0.516
Stage2,Scenario15,bus_gen,68:67,1.6999999999999984
Stage2,Scenario15,bus_gen,69:68,0.21999999999999886
Stage2,Scenario15,bus_gen,69:69,0.21999999999999886
Stage2,Scenario15,bus_gen,69:92,0.0
Stage2,Scenario15,bus_gen,69:93,0.0
Stage2,Scenario15,bus_gen,69:94,0.0
Stage2,Scenario15,bus_gen,69:95,0.0
Stage2,Scenario15,bus_gen,70:70,1.6999999999999984
Stage2,Scenario15,bus_gen,70:71,1.6999999999999984
Stage2,Scenario15,bus_gen,71:104,0.0
Stage2,Scenario15,bus_gen,71:107,0.0
Stage2,Scenario15,bus_gen,71:108,0.0
Stage2,Scenario15,cvar,None,27.4536842105263
Stage2,Scenario15,gen_curtailment,0:0,0.0
Stage2,Scenario15,gen_curtailment,0:1,0.0
Stage2,Scenario15,gen_curtailment,0:113,0.0
Stage2,Scenario15,gen_curtailment,0:117,0.0
Stage2,Scenario15,gen_curtailment,0:118,0.0
Stage2,Scenario15,gen_curtailment,0:119,0.0
Stage2,Scenario15,gen_curtailment,0:2,0.0
Stage2,Scenario15,gen_curtailment,0:3,0.0
Stage2,Scenario15,gen_curtailment,1:112,0.0
Stage2,Scenario15,gen_curtailment,1:114,0.0
Stage2,Scenario15,gen_curtailment,1:4,0.0
Stage2,Scenario15,gen_curtailment,1:5,0.0
Stage2,Scenario15,gen_curtailment,1:6,0.0
Stage2,Scenario15,gen_curtailment,1:7,0.0
Stage2,Scenario15,gen_curtailment,12:10,0.0
Stage2,Scenario15,gen_curtailment,12:109,0.0
Stage2,Scenario15,gen_curtailment,12:11,0.0
Stage2,Scenario15,gen_curtailment,12:12,0.0
Stage2,Scenario15,gen_curtailment,12:9,0.0
Stage2,Scenario15,gen_curtailment,13:72,0.0
Stage2,Scenario15,gen_curtailment,14:13,0.0
Stage2,Scenario15,gen_curtailment,14:14,0.0
Stage2,Scenario15,gen_curtailment,14:15,0.0
Stage2,Scenario15,gen_curtailment,15:16,0.0
Stage2,Scenario15,gen_curtailment,17:141,0.0
Stage2,Scenario15,gen_curtailment,17:142,0.0
Stage2,Scenario15,gen_curtailment,17:143,0.0
Stage2,Scenario15,gen_curtailment,17:144,0.0
Stage2,Scenario15,gen_curtailment,17:145,0.0
Stage2,Scenario15,gen_curtailment,17:146,0.0
Stage2,Scenario15,gen_curtailment,17:148,0.0
Stage2,Scenario15,gen_curtailment,17:149,0.0
Stage2,Scenario15,gen_curtailment,17:150,0.0
Stage2,Scenario15,gen_curtailment,17:151,0.0
Stage2,Scenario15,gen_curtailment,17:17,0.0
Stage2,Scenario15,gen_curtailment,18:121,0.0
Stage2,Scenario15,gen_curtailment,2:120,0.0
Stage2,Scenario15,gen_curtailment,20:73,0.0
Stage2,Scenario15,gen_curtailment,21:156,0.0
Stage2,Scenario15,gen_curtailment,21:74,0.0
Stage2,Scenario15,gen_curtailment,21:75,0.0
Stage2,Scenario15,gen_curtailment,21:76,0.0
Stage2,Scenario15,gen_curtailment,21:77,0.0
Stage2,Scenario15,gen_curtailment,21:78,0.0
Stage2,Scenario15,gen_curtailment,21:79,0.0
Stage2,Scenario15,gen_curtailment,22:18,0.0
Stage2,Scenario15,gen_curtailment,22:19,0.0
Stage2,Scenario15,gen_curtailment,22:20,0.0
Stage2,Scenario15,gen_curtailment,22:21,0.0
Stage2,Scenario15,gen_curtailment,22:22,0.0
Stage2,Scenario15,gen_curtailment,24:23,0.0
Stage2,Scenario15,gen_curtailment,24:24,0.0
Stage2,Scenario15,gen_curtailment,24:25,0.0
Stage2,Scenario15,gen_curtailment,24:80,0.0
Stage2,Scenario15,gen_curtailment,25:26,0.0
Stage2,Scenario15,gen_curtailment,25:27,0.0
Stage2,Scenario15,gen_curtailment,25:28,0.0
Stage2,Scenario15,gen_curtailment,25:29,0.0
Stage2,Scenario15,gen_curtailment,3:115,0.0
Stage2,Scenario15,gen_curtailment,30:30,0.0
Stage2,Scenario15,gen_curtailment,30:31,0.0
Stage2,Scenario15,gen_curtailment,35:116,0.0
Stage2,Scenario15,gen_curtailment,36:152,0.0
Stage2,Scenario15,gen_curtailment,36:32,0.0
Stage2,Scenario15,gen_curtailment,36:33,0.0
Stage2,Scenario15,gen_curtailment,36:34,0.0
Stage2,Scenario15,gen_curtailment,37:81,0.0
Stage2,Scenario15,gen_curtailment,38:111,0.0
Stage2,Scenario15,gen_curtailment,38:35,0.0
Stage2,Scenario15,gen_curtailment,38:36,0.0
Stage2,Scenario15,gen_curtailment,38:82,0.0
Stage2,Scenario15,gen_curtailment,38:83,0.0
Stage2,Scenario15,gen_curtailment,38:84,0.0
Stage2,Scenario15,gen_curtailment,39:37,0.0
Stage2,Scenario15,gen_curtailment,41:38,0.0
Stage2,Scenario15,gen_curtailment,44:39,0.0
Stage2,Scenario15,gen_curtailment,45:85,0.0
Stage2,Scenario15,gen_curtailment,45:86,0.0
Stage2,Scenario15,gen_curtailment,45:87,0.0
Stage2,Scenario15,gen_curtailment,45:88,0.0
Stage2,Scenario15,gen_curtailment,45:89,0.0
Stage2,Scenario15,gen_curtailment,45:90,0.0
Stage2,Scenario15,gen_curtailment,46:40,0.0
Stage2,Scenario15,gen_curtailment,46:41,0.0
Stage2,Scenario15,gen_curtailment,46:42,0.0
Stage2,Scenario15,gen_curtailment,46:43,0.0
Stage2,Scenario15,gen_curtailment,46:44,0.0
Stage2,Scenario15,gen_curtailment,46:45,0.0
Stage2,Scenario15,gen_curtailment,48:46,0.0
Stage2,Scenario15,gen_curtailment,48:47,0.0
Stage2,Scenario15,gen_curtailment,48:48,0.0
Stage2,Scenario15,gen_curtailment,48:49,0.0
Stage2,Scenario15,gen_curtailment,49:50,0.0
Stage2,Scenario15,gen_curtailment,49:51,0.0
Stage2,Scenario15,gen_curtailment,49:52,0.0
Stage2,Scenario15,gen_curtailment,49:53,0.0
Stage2,Scenario15,gen_curtailment,50:155,0.0
Stage2,Scenario15,gen_curtailment,54:54,0.0
Stage2,Scenario15,gen_curtailment,54:55,0.0
Stage2,Scenario15,gen_curtailment,55:122,0.0
Stage2,Scenario15,gen_curtailment,56:153,0.0
Stage2,Scenario15,gen_curtailment,57:103,0.0
Stage2,Scenario15,gen_curtailment,57:106,0.0
Stage2,Scenario15,gen_curtailment,59:105,0.0
Stage2,Scenario15,gen_curtailment,6:8,0.0
Stage2,Scenario15,gen_curtailment,60:102,0.0
Stage2,Scenario15,gen_curtailment,60:123,0.0
Stage2,Scenario15,gen_curtailment,60:124,0.0
Stage2,Scenario15,gen_curtailment,60:125,0.0
Stage2,Scenario15,gen_curtailment,60:126,0.0
Stage2,Scenario15,gen_curtailment,60:127,0.0
Stage2,Scenario15,gen_curtailment,60:128,0.0
Stage2,Scenario15,gen_curtailment,60:129,0.0
Stage2,Scenario15,gen_curtailment,60:130,0.0
Stage2,Scenario15,gen_curtailment,60:131,0.0
Stage2,Scenario15,gen_curtailment,60:132,0.0
Stage2,Scenario15,gen_curtailment,60:133,0.0
Stage2,Scenario15,gen_curtailment,60:134,0.0
Stage2,Scenario15,gen_curtailment,60:138,0.0
Stage2,Scenario15,gen_curtailment,60:157,0.0
Stage2,Scenario15,gen_curtailment,60:56,0.0
Stage2,Scenario15,gen_curtailment,60:99,0.0
Stage2,Scenario15,gen_curtailment,61:100,0.0
Stage2,Scenario15,gen_curtailment,61:101,0.0
Stage2,Scenario15,gen_curtailment,61:91,0.0
Stage2,Scenario15,gen_curtailment,61:97,0.0
Stage2,Scenario15,gen_curtailment,61:98,0.0
Stage2,Scenario15,gen_curtailment,62:57,0.0
Stage2,Scenario15,gen_curtailment,62:58,0.0
Stage2,Scenario15,gen_curtailment,62:59,0.0
Stage2,Scenario15,gen_curtailment,62:60,0.0
Stage2,Scenario15,gen_curtailment,62:61,0.0
Stage2,Scenario15,gen_curtailment,62:62,0.0
Stage2,Scenario15,gen_curtailment,62:63,0.0
Stage2,Scenario15,gen_curtailment,62:64,0.0
Stage2,Scenario15,gen_curtailment,63:65,0.0
Stage2,Scenario15,gen_curtailment,64:154,0.0
Stage2,Scenario15,gen_curtailment,65:66,0.0
Stage2,Scenario15,gen_curtailment,66:110,0.0
Stage2,Scenario15,gen_curtailment,67:135,0.0
Stage2,Scenario15,gen_curtailment,67:136,0.0
Stage2,Scenario15,gen_curtailment,67:137,0.0
Stage2,Scenario15,gen_curtailment,67:139,0.0
Stage2,Scenario15,gen_curtailment,67:140,0.0
Stage2,Scenario15,gen_curtailment,67:147,0.0
Stage2,Scenario15,gen_curtailment,67:96,0.0
Stage2,Scenario15,gen_curtailment,68:67,0.0
Stage2,Scenario15,gen_curtailment,69:68,0.0
Stage2,Scenario15,gen_curtailment,69:69,0.0
Stage2,Scenario15,gen_curtailment,69:92,0.0
Stage2,Scenario15,gen_curtailment,69:93,0.0
Stage2,Scenario15,gen_curtailment,69:94,0.0
Stage2,Scenario15,gen_curtailment,69:95,0.0
Stage2,Scenario15,gen_curtailment,70:70,0.0
Stage2,Scenario15,gen_curtailment,70:71,0.0
Stage2,Scenario15,gen_curtailment,71:104,0.0
Stage2,Scenario15,gen_curtailment,71:107,0.0
Stage2,Scenario15,gen_curtailment,71:108,0.0
Stage2,Scenario15,load_shed,0,0.0
Stage2,Scenario15,load_shed,1,0.0
Stage2,Scenario15,load_shed,10,0.0
Stage2,Scenario15,load_shed,11,0.0
Stage2,Scenario15,load_shed,12,0.0
Stage2,Scenario15,load_shed,13,0.0
Stage2,Scenario15,load_shed,14,0.0
Stage2,Scenario15,load_shed,15,0.0
Stage2,Scenario15,load_shed,16,0.0
Stage2,Scenario15,load_shed,17,0.0
Stage2,Scenario15,load_shed,18,0.0
Stage2,Scenario15,load_shed,19,0.0
Stage2,Scenario15,load_shed,2,0.0
Stage2,Scenario15,load_shed,20,0.0
Stage2,Scenario15,load_shed,21,0.0
Stage2,Scenario15,load_shed,22,0.0
Stage2,Scenario15,load_shed,23,0.0
Stage2,Scenario15,load_shed,24,0.0
Stage2,Scenario15,load_shed,25,0.0
Stage2,Scenario15,load_shed,26,0.0
Stage2,Scenario15,load_shed,27,0.0
Stage2,Scenario15,load_shed,28,0.0
Stage2,Scenario15,load_shed,29,0.0
Stage2,Scenario15,load_shed,3,0.0
Stage2,Scenario15,load_shed,30,0.0
Stage2,Scenario15,load_shed,31,0.0
Stage2,Scenario15,load_shed,32,0.0
Stage2,Scenario15,load_shed,33,0.0
Stage2,Scenario15,load_shed,34,0.0
Stage2,Scenario15,load_shed,35,0.0
Stage2,Scenario15,load_shed,36,0.0
Stage2,Scenario15,load_shed,37,0.0
Stage2,Scenario15,load_shed,38,0.0
Stage2,Scenario15,load_shed,39,0.0
Stage2,Scenario15,load_shed,4,0.0
Stage2,Scenario15,load_shed,40,0.0
Stage2,Scenario15,load_shed,41,0.0
Stage2,Scenario15,load_shed,42,0.0
Stage2,Scenario15,load_shed,43,0.0
Stage2,Scenario15,load_shed,44,0.0
Stage2,Scenario15,load_shed,45,0.0
Stage2,Scenario15,load_shed,46,0.0
Stage2,Scenario15,load_shed,47,0.0
Stage2,Scenario15,load_shed,48,0.0
Stage2,Scenario15,load_shed,49,0.0
Stage2,Scenario15,load_shed,5,0.0
Stage2,Scenario15,load_shed,50,0.0
Stage2,Scenario15,load_shed,51,0.0
Stage2,Scenario15,load_shed,52,0.0
Stage2,Scenario15,load_shed,53,0.0
Stage2,Scenario15,load_shed,54,0.0
Stage2,Scenario15,load_shed,55,0.0
Stage2,Scenario15,load_shed,56,0.0
Stage2,Scenario15,load_shed,57,0.0
Stage2,Scenario15,load_shed,58,0.0
Stage2,Scenario15,load_shed,59,0.0
Stage2,Scenario15,load_shed,6,0.0
Stage2,Scenario15,load_shed,60,0.0
Stage2,Scenario15,load_shed,61,0.0
Stage2,Scenario15,load_shed,62,0.0
Stage2,Scenario15,load_shed,63,0.0
Stage2,Scenario15,load_shed,64,0.0
Stage2,Scenario15,load_shed,65,0.0
Stage2,Scenario15,load_shed,66,0.0
Stage2,Scenario15,load_shed,67,0.0
Stage2,Scenario15,load_shed,68,0.0
Stage2,Scenario15,load_shed,69,0.0
Stage2,Scenario15,load_shed,7,0.0
Stage2,Scenario15,load_shed,70,0.0
Stage2,Scenario15,load_shed,71,0.0
Stage2,Scenario15,load_shed,72,0.0
Stage2,Scenario15,load_shed,8,0.0
Stage2,Scenario15,load_shed,9,0.0
Stage2,Scenario15,load_shed_value,None,0.0
Stage2,Scenario15,nu,None,0.0
Stage2,Scenario15,theta,0,-0.19344841526023643
Stage2,Scenario15,theta,1,-0.19621724884393765
Stage2,Scenario15,theta,10,-0.05825401589468612
Stage2,Scenario15,theta,11,-0.056574664417379614
Stage2,Scenario15,theta,12,0.0
Stage2,Scenario15,theta,13,0.008749935111050322
Stage2,Scenario15,theta,14,0.24886821974464146
Stage2,Scenario15,theta,15,0.21733453295244204
Stage2,Scenario15,theta,16,0.3422342168675007
Stage2,Scenario15,theta,17,0.36446091656793744
Stage2,Scenario15,theta,18,0.13974576755696383
Stage2,Scenario15,theta,19,0.10847727590872194
Stage2,Scenario15,theta,2,-0.10863059151489446
Stage2,Scenario15,theta,20,0.4027149948612002
Stage2,Scenario15,theta,21,0.6799365387711929
Stage2,Scenario15,theta,22,0.10535960550218891
Stage2,Scenario15,theta,23,0.11343227201408729
Stage2,Scenario15,theta,24,-0.3633275207339845
Stage2,Scenario15,theta,25,-0.36289322875769736
Stage2,Scenario15,theta,26,-0.24328630606011686
Stage2,Scenario15,theta,27,-0.3669885550314941
Stage2,Scenario15,theta,28,-0.383722128742316
Stage2,Scenario15,theta,29,-0.41026586510541846
Stage2,Scenario15,theta,3,-0.2167118905056086
Stage2,Scenario15,theta,30,-0.5751793772440834
Stage2,Scenario15,theta,31,-0.5257693772440832
Stage2,Scenario15,theta,32,-0.2933822080431071
Stage2,Scenario15,theta,33,-0.3423565464450591
Stage2,Scenario15,theta,34,-0.1790124723464341
Stage2,Scenario15,theta,35,-0.10967441154505572
Stage2,Scenario15,theta,36,-0.07310226786936735
Stage2,Scenario15,theta,37,-0.1356995509583976
Stage2,Scenario15,theta,38,0.052142566865026066
Stage2,Scenario15,theta,39,0.039604790991463155
Stage2,Scenario15,theta,4,-0.2278059575531525
Stage2,Scenario15,theta,40,0.09921988684650682
Stage2,Scenario15,theta,41,0.11170200752405918
Stage2,Scenario15,theta,42,0.03249446756218315
Stage2,Scenario15,theta,43,0.06251157762367882
Stage2,Scenario15,theta,44,0.12329254815321491
Stage2,Scenario15,theta,45,0.2376454905297689
Stage2,Scenario15,theta,46,0.09310098815750141
Stage2,Scenario15,theta,47,-0.05977861477643856
Stage2,Scenario15,theta,48,0.19700451756279114
Stage2,Scenario15,theta,49,0.20336972190402647
Stage2,Scenario15,theta,5,-0.2627257985168274
Stage2,Scenario15,theta,50,0.17986953747694634
Stage2,Scenario15,theta,51,0.19802378480472388
Stage2,Scenario15,theta,52,0.20606135115862756
Stage2,Scenario15,theta,53,0.19698599950785536
Stage2,Scenario15,theta,54,0.016951923623603628
Stage2,Scenario15,theta,55,0.06636192362360377
Stage2,Scenario15,theta,56,0.2706060095423028
Stage2,Scenario15,theta,57,0.27791783770490514
Stage2,Scenario15,theta,58,0.44152120108547926
Stage2,Scenario15,theta,59,0.48455256996187857
Stage2,Scenario15,theta,6,-0.14063926529407222
Stage2,Scenario15,theta,60,0.6548330574432818
Stage2,Scenario15,theta,61,0.4184346561991156
Stage2,Scenario15,theta,62,0.31113130315960386
Stage2,Scenario15,theta,63,0.35443855743017605
Stage2,Scenario15,theta,64,0.3275410257098821
Stage2,Scenario15,theta,65,0.3106383907780004
Stage2,Scenario15,theta,66,0.4061270636171827
Stage2,Scenario15,theta,67,0.4872735907363188
Stage2,Scenario15,theta,68,0.327517262240244
Stage2,Scenario15,theta,69,0.34568614036703804
Stage2,Scenario15,theta,7,-0.2167941504696702
Stage2,Scenario15,theta,70,0.5241161806518437
Stage2,Scenario15,theta,71,0.261403692672221
Stage2,Scenario15,theta,72,0.5138085328016948
Stage2,Scenario15,theta,8,-0.15653490414981167
Stage2,Scenario15,theta,9,-0.2008961189858184
Stage2,Scenario15,xij,0,1.0
Stage2,Scenario15,xij,1,1.0
Stage2,Scenario15,xij,10,1.0
Stage2,Scenario15,xij,100,1.0
Stage2,Scenario15,xij,101,1.0
Stage2,Scenario15,xij,102,1.0
Stage2,Scenario15,xij,103,1.0
Stage2,Scenario15,xij,104,1.0
Stage2,Scenario15,xij,105,1.0
Stage2,Scenario15,xij,106,1.0
Stage2,Scenario15,xij,107,1.0
Stage2,Scenario15,xij,108,1.0
Stage2,Scenario15,xij,109,1.0
Stage2,Scenario15,xij,11,1.0
Stage2,Scenario15,xij,110,1.0
Stage2,Scenario15,xij,111,1.0
Stage2,Scenario15,xij,112,1.0
Stage2,Scenario15,xij,113,1.0
Stage2,Scenario15,xij,114,1.0
Stage2,Scenario15,xij,115,1.0
Stage2,Scenario15,xij,116,1.0
Stage2,Scenario15,xij,117,1.0
Stage2,Scenario15,xij,118,1.0
Stage2,Scenario15,xij,119,1.0
Stage2,Scenario15,xij,12,1.0
Stage2,Scenario15,xij,13,1.0
Stage2,Scenario15,xij,14,1.0
Stage2,Scenario15,xij,15,1.0
Stage2,Scenario15,xij,16,1.0
Stage2,Scenario15,xij,17,1.0
Stage2,Scenario15,xij,18,1.0
Stage2,Scenario15,xij,19,1.0
Stage2,Scenario15,xij,2,1.0
Stage2,Scenario15,xij,20,1.0
Stage2,Scenario15,xij,21,1.0
Stage2,Scenario15,xij,22,1.0
Stage2,Scenario15,xij,23,1.0
Stage2,Scenario15,xij,24,1.0
Stage2,Scenario15,xij,25,1.0
Stage2,Scenario15,xij,26,1.0
Stage2,Scenario15,xij,27,1.0
Stage2,Scenario15,xij,28,1.0
Stage2,Scenario15,xij,29,1.0
Stage2,Scenario15,xij,3,1.0
Stage2,Scenario15,xij,30,1.0
Stage2,Scenario15,xij,31,1.0
Stage2,Scenario15,xij,32,1.0
Stage2,Scenario15,xij,33,1.0
Stage2,Scenario15,xij,34,1.0
Stage2,Scenario15,xij,35,1.0
Stage2,Scenario15,xij,36,1.0
Stage2,Scenario15,xij,37,1.0
Stage2,Scenario15,xij,38,1.0
Stage2,Scenario15,xij,39,1.0
Stage2,Scenario15,xij,4,1.0
Stage2,Scenario15,xij,40,1.0
Stage2,Scenario15,xij,41,1.0
Stage2,Scenario15,xij,42,1.0
Stage2,Scenario15,xij,43,1.0
Stage2,Scenario15,xij,44,1.0
Stage2,Scenario15,xij,45,1.0
Stage2,Scenario15,xij,46,1.0
Stage2,Scenario15,xij,47,1.0
Stage2,Scenario15,xij,48,1.0
Stage2,Scenario15,xij,49,1.0
Stage2,Scenario15,xij,5,1.0
Stage2,Scenario15,xij,50,1.0
Stage2,Scenario15,xij,51,1.0
Stage2,Scenario15,xij,52,1.0
Stage2,Scenario15,xij,53,1.0
Stage2,Scenario15,xij,54,1.0
Stage2,Scenario15,xij,55,1.0
Stage2,Scenario15,xij,56,1.0
Stage2,Scenario15,xij,57,1.0
Stage2,Scenario15,xij,58,1.0
Stage2,Scenario15,xij,59,1.0
Stage2,Scenario15,xij,6,1.0
Stage2,Scenario15,xij,60,1.0
Stage2,Scenario15,xij,61,1.0
Stage2,Scenario15,xij,62,1.0
Stage2,Scenario15,xij,63,1.0
Stage2,Scenario15,xij,64,1.0
Stage2,Scenario15,xij,65,1.0
Stage2,Scenario15,xij,66,1.0
Stage2,Scenario15,xij,67,1.0
Stage2,Scenario15,xij,68,1.0
Stage2,Scenario15,xij,69,1.0
Stage2,Scenario15,xij,7,1.0
Stage2,Scenario15,xij,70,1.0
Stage2,Scenario15,xij,71,1.0
Stage2,Scenario15,xij,72,1.0
Stage2,Scenario15,xij,73,1.0
Stage2,Scenario15,xij,74,1.0
Stage2,Scenario15,xij,75,1.0
Stage2,Scenario15,xij,76,1.0
Stage2,Scenario15,xij,77,1.0
Stage2,Scenario15,xij,78,1.0
Stage2,Scenario15,xij,79,1.0
Stage2,Scenario15,xij,8,1.0
Stage2,Scenario15,xij,80,1.0
Stage2,Scenario15,xij,81,1.0
Stage2,Scenario15,xij,82,1.0
Stage2,Scenario15,xij,83,1.0
Stage2,Scenario15,xij,84,1.0
Stage2,Scenario15,xij,85,1.0
Stage2,Scenario15,xij,86,1.0
Stage2,Scenario15,xij,87,1.0
Stage2,Scenario15,xij,88,1.0
Stage2,Scenario15,xij,89,1.0
Stage2,Scenario15,xij,9,1.0
Stage2,Scenario15,xij,90,1.0
Stage2,Scenario15,xij,91,1.0
Stage2,Scenario15,xij,92,1.0
Stage2,Scenario15,xij,93,1.0
Stage2,Scenario15,xij,94,1.0
Stage2,Scenario15,xij,95,1.0
Stage2,Scenario15,xij,96,1.0
Stage2,Scenario15,xij,97,1.0
Stage2,Scenario15,xij,98,1.0
Stage2,Scenario15,xij,99,1.0
Stage2,Scenario16,Pij,0,1.4309124521502943
Stage2,Scenario16,Pij,1,0.21508754784970252
Stage2,Scenario16,Pij,10,1.1699989116835166
Stage2,Scenario16,Pij,100,0.407573630575316
Stage2,Scenario16,Pij,101,-1.3039632705657591
Stage2,Scenario16,Pij,102,-1.4175263278988433
Stage2,Scenario16,Pij,103,-1.3101319874524522
Stage2,Scenario16,Pij,104,-1.3101319874524522
Stage2,Scenario16,Pij,105,1.777790302803739
Stage2,Scenario16,Pij,106,-0.5085487871163419
Stage2,Scenario16,Pij,107,-1.9629408113482558
Stage2,Scenario16,Pij,108,-0.5085487871163419
Stage2,Scenario16,Pij,109,0.0
Stage2,Scenario16,Pij,11,0.7160010883164836
Stage2,Scenario16,Pij,110,-0.7598680125475459
Stage2,Scenario16,Pij,111,-0.7598680125475459
Stage2,Scenario16,Pij,112,-1.8864704056741282
Stage2,Scenario16,Pij,113,-1.8864704056741282
Stage2,Scenario16,Pij,114,-1.5324704056741278
Stage2,Scenario16,Pij,115,-1.5324704056741278
Stage2,Scenario16,Pij,116,-2.4399999999999977
Stage2,Scenario16,Pij,117,-0.4321735436571796
Stage2,Scenario16,Pij,118,0.5971872379787502
Stage2,Scenario16,Pij,119,-0.4321735436571796
Stage2,Scenario16,Pij,12,-0.46663602780047075
Stage2,Scenario16,Pij,13,-0.07336506051601259
Stage2,Scenario16,Pij,14,-0.7034399254981537
Stage2,Scenario16,Pij,15,-0.8671967044899989
Stage2,Scenario16,Pij,16,-1.4749159272347625
Stage2,Scenario16,Pij,17,-1.6410927571476692
Stage2,Scenario16,Pij,18,-1.1983538084483265
Stage2,Scenario16,Pij,19,-0.98000204428459
Stage2,Scenario16,Pij,2,0.0
Stage2,Scenario16,Pij,20,-0.9031822143155259
Stage2,Scenario16,Pij,21,-1.6051072473221413
Stage2,Scenario16,Pij,22,-1.2912949046333622
Stage2,Scenario16,Pij,23,-0.3242411181304919
Stage2,Scenario16,Pij,24,-2.9200020442845904
Stage2,Scenario16,Pij,25,1.0785694116851752
Stage2,Scenario16,Pij,26,-2.025462592815539
Stage2,Scenario16,Pij,27,-2.025462592815539
Stage2,Scenario16,Pij,28,1.5923557739459038
Stage2,Scenario16,Pij,29,-3.015887576390181
Stage2,Scenario16,Pij,3,0.7635560760167106
Stage2,Scenario16,Pij,30,1.7244549437907664
Stage2,Scenario16,Pij,31,-1.2514174096468382
Stage2,Scenario16,Pij,32,-1.764470166743343
Stage2,Scenario16,Pij,33,-0.8327087048234191
Stage2,Scenario16,Pij,34,-0.8327087048234191
Stage2,Scenario16,Pij,35,0.2902274718953831
Stage2,Scenario16,Pij,36,0.2902274718953831
Stage2,Scenario16,Pij,37,-0.3497725281309797
Stage2,Scenario16,Pij,38,-0.3497725280782542
Stage2,Scenario16,Pij,39,-2.1485161389350953
Stage2,Scenario16,Pij,4,0.9773563761335802
Stage2,Scenario16,Pij,40,0.4740527918352598
Stage2,Scenario16,Pij,41,-0.36439868961071326
Stage2,Scenario16,Pij,42,-0.4090712683289141
Stage2,Scenario16,Pij,43,0.4134699579396239
Stage2,Scenario16,Pij,44,0.20175987015962316
Stage2,Scenario16,Pij,45,0.38384144022966377
Stage2,Scenario16,Pij,46,0.4273864367203683
Stage2,Scenario16,Pij,47,-1.9204566167327977
Stage2,Scenario16,Pij,48,-0.5382401298403768
Stage2,Scenario16,Pij,49,-0.2965300420603761
Stage2,Scenario16,Pij,5,0.622443321795606
Stage2,Scenario16,Pij,50,-0.9761585597703363
Stage2,Scenario16,Pij,51,-0.8100000000000023
Stage2,Scenario16,Pij,52,-1.3948647102158556
Stage2,Scenario16,Pij,53,-1.1251352897841467
Stage2,Scenario16,Pij,54,-1.263968357606427
Stage2,Scenario16,Pij,55,-1.991750045729437
Stage2,Scenario16,Pij,56,-1.8046434045430453
Stage2,Scenario16,Pij,57,-2.543180487071814
Stage2,Scenario16,Pij,58,-2.306319774360509
Stage2,Scenario16,Pij,59,-0.7622919877889611
Stage2,Scenario16,Pij,6,-1.5923557739459038
Stage2,Scenario16,Pij,60,-0.9944932815187819
Stage2,Scenario16,Pij,61,-1.5404372512824622
Stage2,Scenario16,Pij,62,-1.1688130558792906
Stage2,Scenario16,Pij,63,-2.702291987788961
Stage2,Scenario16,Pij,64,0.8029898891573208
Stage2,Scenario16,Pij,65,-1.513343812010306
Stage2,Scenario16,Pij,66,-1.513343812010306
Stage2,Scenario16,Pij,67,1.9204566167327977
Stage2,Scenario16,Pij,68,-2.561365167814647
Stage2,Scenario16,Pij,69,0.912063069183007
Stage2,Scenario16,Pij,7,0.023556076016710593
Stage2,Scenario16,Pij,70,-0.7855252052221693
Stage2,Scenario16,Pij,71,-1.3017871707572177
Stage2,Scenario16,Pij,72,-0.39276260261108464
Stage2,Scenario16,Pij,73,-0.39276260261108464
Stage2,Scenario16,Pij,74,-0.44896846540849655
Stage2,Scenario16,Pij,75,-0.44896846540849655
Stage2,Scenario16,Pij,76,-1.0889684654084966
Stage2,Scenario16,Pij,77,-1.0889684654084966
Stage2,Scenario16,Pij,78,-1.6982128292427823
Stage2,Scenario16,Pij,79,0.08757603316726087
Stage2,Scenario16,Pij,8,-0.71
Stage2,Scenario16,Pij,80,-0.3851251022563806
Stage2,Scenario16,Pij,81,-0.18245093091088593
Stage2,Scenario16,Pij,82,-0.2337675418844254
Stage2,Scenario16,Pij,83,-0.04865642494831968
Stage2,Scenario16,Pij,84,-0.4073347994526416
Stage2,Scenario16,Pij,85,-1.777790302803739
Stage2,Scenario16,Pij,86,-0.9737675418844254
Stage2,Scenario16,Pij,87,-0.8924509309108859
Stage2,Scenario16,Pij,88,-1.4086564249483196
Stage2,Scenario16,Pij,89,-0.8100000000000023
Stage2,Scenario16,Pij,9,-0.3826436238664199
Stage2,Scenario16,Pij,90,-1.3681522020102357
Stage2,Scenario16,Pij,91,-1.1518477979897666
Stage2,Scenario16,Pij,92,-1.9582098136282409
Stage2,Scenario16,Pij,93,-2.541044729719062
Stage2,Scenario16,Pij,94,-2.4057534569375183
Stage2,Scenario16,Pij,95,-2.9972016969114548
Stage2,Scenario16,Pij,96,-5.0
Stage2,Scenario16,Pij,97,0.6360367294342409
Stage2,Scenario16,Pij,98,-3.9494400637462936
Stage2,Scenario16,Pij,99,-1.588806362884223
Stage2,Scenario16,bus_gen,0:0,0.07999999999999828
Stage2,Scenario16,bus_gen,0:1,0.07999999999999828
Stage2,Scenario16,bus_gen,0:113,0.259
Stage2,Scenario16,bus_gen,0:117,0.267
Stage2,Scenario16,bus_gen,0:118,0.262
Stage2,Scenario16,bus_gen,0:119,0.258
Stage2,Scenario16,bus_gen,0:2,0.76
Stage2,Scenario16,bus_gen,0:3,0.76
Stage2,Scenario16,bus_gen,1:112,0.0
Stage2,Scenario16,bus_gen,1:114,0.0
Stage2,Scenario16,bus_gen,1:4,0.07999999999999828
Stage2,Scenario16,bus_gen,1:5,0.07999999999999828
Stage2,Scenario16,bus_gen,1:6,0.56
Stage2,Scenario16,bus_gen,1:7,0.56
Stage2,Scenario16,bus_gen,12:10,0.55
Stage2,Scenario16,bus_gen,12:109,0.9359999999999999
Stage2,Scenario16,bus_gen,12:11,0.55
Stage2,Scenario16,bus_gen,12:12,0.55
Stage2,Scenario16,bus_gen,12:9,0.55
Stage2,Scenario16,bus_gen,13:72,0.0
Stage2,Scenario16,bus_gen,14:13,0.12000000000000001
Stage2,Scenario16,bus_gen,14:14,0.12000000000000001
Stage2,Scenario16,bus_gen,14:15,1.55
Stage2,Scenario16,bus_gen,15:16,1.55
Stage2,Scenario16,bus_gen,17:141,0.09300000000000003
Stage2,Scenario16,bus_gen,17:142,0.09699999999999999
Stage2,Scenario16,bus_gen,17:143,0.094
Stage2,Scenario16,bus_gen,17:144,0.09099999999999998
Stage2,Scenario16,bus_gen,17:145,0.09099999999999998
Stage2,Scenario16,bus_gen,17:146,0.09699999999999999
Stage2,Scenario16,bus_gen,17:148,0.11800000000000001
Stage2,Scenario16,bus_gen,17:149,0.11199999999999999
Stage2,Scenario16,bus_gen,17:150,0.10300000000000004
Stage2,Scenario16,bus_gen,17:151,0.045
Stage2,Scenario16,bus_gen,17:17,1.9750000000000003
Stage2,Scenario16,bus_gen,18:121,0.6659999999999999
Stage2,Scenario16,bus_gen,2:120,0.615
Stage2,Scenario16,bus_gen,20:73,4.0
Stage2,Scenario16,bus_gen,21:156,3.9129863056784377
Stage2,Scenario16,bus_gen,21:74,0.0
Stage2,Scenario16,bus_gen,21:75,0.0
Stage2,Scenario16,bus_gen,21:76,0.0
Stage2,Scenario16,bus_gen,21:77,0.0
Stage2,Scenario16,bus_gen,21:78,0.0
Stage2,Scenario16,bus_gen,21:79,0.0
Stage2,Scenario16,bus_gen,22:18,0.6199999999999983
Stage2,Scenario16,bus_gen,22:19,1.7999999999999985
Stage2,Scenario16,bus_gen,22:20,0.55
Stage2,Scenario16,bus_gen,22:21,0.55
Stage2,Scenario16,bus_gen,22:22,0.55
Stage2,Scenario16,bus_gen,24:23,0.07999999999999828
Stage2,Scenario16,bus_gen,24:24,0.07999999999999828
Stage2,Scenario16,bus_gen,24:25,0.56
Stage2,Scenario16,bus_gen,24:80,0.0
Stage2,Scenario16,bus_gen,25:26,0.2
Stage2,Scenario16,bus_gen,25:27,0.2
Stage2,Scenario16,bus_gen,25:28,0.76
Stage2,Scenario16,bus_gen,25:29,0.76
Stage2,Scenario16,bus_gen,3:115,0.0
Stage2,Scenario16,bus_gen,30:30,0.21999999999999884
Stage2,Scenario16,bus_gen,30:31,0.21999999999999884
Stage2,Scenario16,bus_gen,35:116,2.0
Stage2,Scenario16,bus_gen,36:152,0.132
Stage2,Scenario16,bus_gen,36:32,3.55
Stage2,Scenario16,bus_gen,36:33,0.55
Stage2,Scenario16,bus_gen,36:34,0.55
Stage2,Scenario16,bus_gen,37:81,0.0
Stage2,Scenario16,bus_gen,38:111,1.251
Stage2,Scenario16,bus_gen,38:35,0.2199999999999989
Stage2,Scenario16,bus_gen,38:36,0.2199999999999989
Stage2,Scenario16,bus_gen,38:82,0.5
Stage2,Scenario16,bus_gen,38:83,0.5
Stage2,Scenario16,bus_gen,38:84,0.5
Stage2,Scenario16,bus_gen,39:37,1.2500000000000002
Stage2,Scenario16,bus_gen,41:38,3.33
Stage2,Scenario16,bus_gen,44:39,2.1139999999999985
Stage2,Scenario16,bus_gen,45:85,0.5
Stage2,Scenario16,bus_gen,45:86,0.5
Stage2,Scenario16,bus_gen,45:87,0.5
Stage2,Scenario16,bus_gen,45:88,0.5
Stage2,Scenario16,bus_gen,45:89,0.5
Stage2,Scenario16,bus_gen,45:90,0.5
Stage2,Scenario16,bus_gen,46:40,0.6199999999999983
Stage2,Scenario16,bus_gen,46:41,0.6199999999999983
Stage2,Scenario16,bus_gen,46:42,1.3999999999999986
Stage2,Scenario16,bus_gen,46:43,0.55
Stage2,Scenario16,bus_gen,46:44,0.55
Stage2,Scenario16,bus_gen,46:45,0.55
Stage2,Scenario16,bus_gen,48:46,0.07999999999999828
Stage2,Scenario16,bus_gen,48:47,0.07999999999999828
Stage2,Scenario16,bus_gen,48:48,0.21999999999999884
Stage2,Scenario16,bus_gen,48:49,0.21999999999999884
Stage2,Scenario16,bus_gen,49:50,0.07999999999999828
Stage2,Scenario16,bus_gen,49:51,0.07999999999999828
Stage2,Scenario16,bus_gen,49:52,0.21999999999999884
Stage2,Scenario16,bus_gen,49:53,0.21999999999999884
Stage2,Scenario16,bus_gen,50:155,0.0
Stage2,Scenario16,bus_gen,54:54,0.21999999999999884
Stage2,Scenario16,bus_gen,54:55,0.21999999999999884
Stage2,Scenario16,bus_gen,55:122,0.0
Stage2,Scenario16,bus_gen,56:153,0.0
Stage2,Scenario16,bus_gen,57:103,0.0
Stage2,Scenario16,bus_gen,57:106,0.0
Stage2,Scenario16,bus_gen,59:105,0.0
Stage2,Scenario16,bus_gen,6:8,3.136
Stage2,Scenario16,bus_gen,60:102,0.9329999999999998
Stage2,Scenario16,bus_gen,60:123,1.0170000000000001
Stage2,Scenario16,bus_gen,60:124,0.631
Stage2,Scenario16,bus_gen,60:125,0.654
Stage2,Scenario16,bus_gen,60:126,0.67
Stage2,Scenario16,bus_gen,60:127,0.648
Stage2,Scenario16,bus_gen,60:128,0.638
Stage2,Scenario16,bus_gen,60:129,0.6409999999999999
Stage2,Scenario16,bus_gen,60:130,0.6659999999999999
Stage2,Scenario16,bus_gen,60:131,0.624
Stage2,Scenario16,bus_gen,60:132,0.669
Stage2,Scenario16,bus_gen,60:133,0.6519999999999999
Stage2,Scenario16,bus_gen,60:134,0.278
Stage2,Scenario16,bus_gen,60:138,0.272
Stage2,Scenario16,bus_gen,60:157,0.5
Stage2,Scenario16,bus_gen,60:56,1.6999999999999984
Stage2,Scenario16,bus_gen,60:99,0.814013694321612
Stage2,Scenario16,bus_gen,61:100,0.0
Stage2,Scenario16,bus_gen,61:101,0.0
Stage2,Scenario16,bus_gen,61:91,0.0
Stage2,Scenario16,bus_gen,61:97,0.0
Stage2,Scenario16,bus_gen,61:98,0.0
Stage2,Scenario16,bus_gen,62:57,0.049999999999998934
Stage2,Scenario16,bus_gen,62:58,0.049999999999998934
Stage2,Scenario16,bus_gen,62:59,0.049999999999998934
Stage2,Scenario16,bus_gen,62:60,0.049999999999998934
Stage2,Scenario16,bus_gen,62:61,0.049999999999998934
Stage2,Scenario16,bus_gen,62:62,0.21999999999999884
Stage2,Scenario16,bus_gen,62:63,0.21999999999999884
Stage2,Scenario16,bus_gen,62:64,0.21999999999999884
Stage2,Scenario16,bus_gen,63:65,1.2500000000000002
Stage2,Scenario16,bus_gen,64:154,0.0
Stage2,Scenario16,bus_gen,65:66,2.9160000000000004
Stage2,Scenario16,bus_gen,66:110,0.0
Stage2,Scenario16,bus_gen,67:135,0.273
Stage2,Scenario16,bus_gen,67:136,0.27
Stage2,Scenario16,bus_gen,67:137,0.28300000000000014
Stage2,Scenario16,bus_gen,67:139,0.2700000000000002
Stage2,Scenario16,bus_gen,67:140,0.282
Stage2,Scenario16,bus_gen,67:147,0.094
Stage2,Scenario16,bus_gen,67:96,0.516
Stage2,Scenario16,bus_gen,68:67,1.6999999999999984
Stage2,Scenario16,bus_gen,69:68,0.21999999999999884
Stage2,Scenario16,bus_gen,69:69,0.21999999999999884
Stage2,Scenario16,bus_gen,69:92,0.5
Stage2,Scenario16,bus_gen,69:93,0.5
Stage2,Scenario16,bus_gen,69:94,0.5
Stage2,Scenario16,bus_gen,69:95,0.5
Stage2,Scenario16,bus_gen,70:70,1.9069999999999985
Stage2,Scenario16,bus_gen,70:71,1.9069999999999985
Stage2,Scenario16,bus_gen,71:104,0.0
Stage2,Scenario16,bus_gen,71:107,0.0
Stage2,Scenario16,bus_gen,71:108,0.0
Stage2,Scenario16,cvar,None,27.4536842105263
Stage2,Scenario16,gen_curtailment,0:0,0.0
Stage2,Scenario16,gen_curtailment,0:1,0.0
Stage2,Scenario16,gen_curtailment,0:113,0.0
Stage2,Scenario16,gen_curtailment,0:117,0.0
Stage2,Scenario16,gen_curtailment,0:118,0.0
Stage2,Scenario16,gen_curtailment,0:119,0.0
Stage2,Scenario16,gen_curtailment,0:2,0.0
Stage2,Scenario16,gen_curtailment,0:3,0.0
Stage2,Scenario16,gen_curtailment,1:112,0.0
Stage2,Scenario16,gen_curtailment,1:114,0.0
Stage2,Scenario16,gen_curtailment,1:4,0.0
Stage2,Scenario16,gen_curtailment,1:5,0.0
Stage2,Scenario16,gen_curtailment,1:6,0.0
Stage2,Scenario16,gen_curtailment,1:7,0.0
Stage2,Scenario16,gen_curtailment,12:10,0.0
Stage2,Scenario16,gen_curtailment,12:109,0.0
Stage2,Scenario16,gen_curtailment,12:11,0.0
Stage2,Scenario16,gen_curtailment,12:12,0.0
Stage2,Scenario16,gen_curtailment,12:9,0.0
Stage2,Scenario16,gen_curtailment,13:72,0.0
Stage2,Scenario16,gen_curtailment,14:13,0.0
Stage2,Scenario16,gen_curtailment,14:14,0.0
Stage2,Scenario16,gen_curtailment,14:15,0.0
Stage2,Scenario16,gen_curtailment,15:16,0.0
Stage2,Scenario16,gen_curtailment,17:141,0.0
Stage2,Scenario16,gen_curtailment,17:142,0.0
Stage2,Scenario16,gen_curtailment,17:143,0.0
Stage2,Scenario16,gen_curtailment,17:144,0.0
Stage2,Scenario16,gen_curtailment,17:145,0.0
Stage2,Scenario16,gen_curtailment,17:146,0.0
Stage2,Scenario16,gen_curtailment,17:148,0.0
Stage2,Scenario16,gen_curtailment,17:149,0.0
Stage2,Scenario16,gen_curtailment,17:150,0.0
Stage2,Scenario16,gen_curtailment,17:151,0.0
Stage2,Scenario16,gen_curtailment,17:17,0.0
Stage2,Scenario16,gen_curtailment,18:121,0.0
Stage2,Scenario16,gen_curtailment,2:120,0.0
Stage2,Scenario16,gen_curtailment,20:73,0.0
Stage2,Scenario16,gen_curtailment,21:156,0.0
Stage2,Scenario16,gen_curtailment,21:74,0.0
Stage2,Scenario16,gen_curtailment,21:75,0.0
Stage2,Scenario16,gen_curtailment,21:76,0.0
Stage2,Scenario16,gen_curtailment,21:77,0.0
Stage2,Scenario16,gen_curtailment,21:78,0.0
Stage2,Scenario16,gen_curtailment,21:79,0.0
Stage2,Scenario16,gen_curtailment,22:18,0.0
Stage2,Scenario16,gen_curtailment,22:19,0.0
Stage2,Scenario16,gen_curtailment,22:20,0.0
Stage2,Scenario16,gen_curtailment,22:21,0.0
Stage2,Scenario16,gen_curtailment,22:22,0.0
Stage2,Scenario16,gen_curtailment,24:23,0.0
Stage2,Scenario16,gen_curtailment,24:24,0.0
Stage2,Scenario16,gen_curtailment,24:25,0.0
Stage2,Scenario16,gen_curtailment,24:80,0.0
Stage2,Scenario16,gen_curtailment,25:26,0.0
Stage2,Scenario16,gen_curtailment,25:27,0.0
Stage2,Scenario16,gen_curtailment,25:28,0.0
Stage2,Scenario16,gen_curtailment,25:29,0.0
Stage2,Scenario16,gen_curtailment,3:115,0.0
Stage2,Scenario16,gen_curtailment,30:30,0.0
Stage2,Scenario16,gen_curtailment,30:31,0.0
Stage2,Scenario16,gen_curtailment,35:116,0.0
Stage2,Scenario16,gen_curtailment,36:152,0.0
Stage2,Scenario16,gen_curtailment,36:32,0.0
Stage2,Scenario16,gen_curtailment,36:33,0.0
Stage2,Scenario16,gen_curtailment,36:34,0.0
Stage2,Scenario16,gen_curtailment,37:81,0.0
Stage2,Scenario16,gen_curtailment,38:111,0.0
Stage2,Scenario16,gen_curtailment,38:35,0.0
Stage2,Scenario16,gen_curtailment,38:36,0.0
Stage2,Scenario16,gen_curtailment,38:82,0.0
Stage2,Scenario16,gen_curtailment,38:83,0.0
Stage2,Scenario16,gen_curtailment,38:84,0.0
Stage2,Scenario16,gen_curtailment,39:37,0.0
Stage2,Scenario16,gen_curtailment,41:38,0.0
Stage2,Scenario16,gen_curtailment,44:39,0.0
Stage2,Scenario16,gen_curtailment,45:85,0.0
Stage2,Scenario16,gen_curtailment,45:86,0.0
Stage2,Scenario16,gen_curtailment,45:87,0.0
Stage2,Scenario16,gen_curtailment,45:88,0.0
Stage2,Scenario16,gen_curtailment,45:89,0.0
Stage2,Scenario16,gen_curtailment,45:90,0.0
Stage2,Scenario16,gen_curtailment,46:40,0.0
Stage2,Scenario16,gen_curtailment,46:41,0.0
Stage2,Scenario16,gen_curtailment,46:42,0.0
Stage2,Scenario16,gen_curtailment,46:43,0.0
Stage2,Scenario16,gen_curtailment,46:44,0.0
Stage2,Scenario16,gen_curtailment,46:45,0.0
Stage2,Scenario16,gen_curtailment,48:46,0.0
Stage2,Scenario16,gen_curtailment,48:47,0.0
Stage2,Scenario16,gen_curtailment,48:48,0.0
Stage2,Scenario16,gen_curtailment,48:49,0.0
Stage2,Scenario16,gen_curtailment,49:50,0.0
Stage2,Scenario16,gen_curtailment,49:51,0.0
Stage2,Scenario16,gen_curtailment,49:52,0.0
Stage2,Scenario16,gen_curtailment,49:53,0.0
Stage2,Scenario16,gen_curtailment,50:155,0.0
Stage2,Scenario16,gen_curtailment,54:54,0.0
Stage2,Scenario16,gen_curtailment,54:55,0.0
Stage2,Scenario16,gen_curtailment,55:122,0.0
Stage2,Scenario16,gen_curtailment,56:153,0.0
Stage2,Scenario16,gen_curtailment,57:103,0.0
Stage2,Scenario16,gen_curtailment,57:106,0.0
Stage2,Scenario16,gen_curtailment,59:105,0.0
Stage2,Scenario16,gen_curtailment,6:8,0.0
Stage2,Scenario16,gen_curtailment,60:102,0.0
Stage2,Scenario16,gen_curtailment,60:123,0.0
Stage2,Scenario16,gen_curtailment,60:124,0.0
Stage2,Scenario16,gen_curtailment,60:125,0.0
Stage2,Scenario16,gen_curtailment,60:126,0.0
Stage2,Scenario16,gen_curtailment,60:127,0.0
Stage2,Scenario16,gen_curtailment,60:128,0.0
Stage2,Scenario16,gen_curtailment,60:129,0.0
Stage2,Scenario16,gen_curtailment,60:130,0.0
Stage2,Scenario16,gen_curtailment,60:131,0.0
Stage2,Scenario16,gen_curtailment,60:132,0.0
Stage2,Scenario16,gen_curtailment,60:133,0.0
Stage2,Scenario16,gen_curtailment,60:134,0.0
Stage2,Scenario16,gen_curtailment,60:138,0.0
Stage2,Scenario16,gen_curtailment,60:157,0.0
Stage2,Scenario16,gen_curtailment,60:56,0.0
Stage2,Scenario16,gen_curtailment,60:99,0.0
Stage2,Scenario16,gen_curtailment,61:100,0.0
Stage2,Scenario16,gen_curtailment,61:101,0.0
Stage2,Scenario16,gen_curtailment,61:91,0.0
Stage2,Scenario16,gen_curtailment,61:97,0.0
Stage2,Scenario16,gen_curtailment,61:98,0.0
Stage2,Scenario16,gen_curtailment,62:57,0.0
Stage2,Scenario16,gen_curtailment,62:58,0.0
Stage2,Scenario16,gen_curtailment,62:59,0.0
Stage2,Scenario16,gen_curtailment,62:60,0.0
Stage2,Scenario16,gen_curtailment,62:61,0.0
Stage2,Scenario16,gen_curtailment,62:62,0.0
Stage2,Scenario16,gen_curtailment,62:63,0.0
Stage2,Scenario16,gen_curtailment,62:64,0.0
Stage2,Scenario16,gen_curtailment,63:65,0.0
Stage2,Scenario16,gen_curtailment,64:154,0.0
Stage2,Scenario16,gen_curtailment,65:66,0.0
Stage2,Scenario16,gen_curtailment,66:110,0.0
Stage2,Scenario16,gen_curtailment,67:135,0.0
Stage2,Scenario16,gen_curtailment,67:136,0.0
Stage2,Scenario16,gen_curtailment,67:137,0.0
Stage2,Scenario16,gen_curtailment,67:139,0.0
Stage2,Scenario16,gen_curtailment,67:140,0.0
Stage2,Scenario16,gen_curtailment,67:147,0.0
Stage2,Scenario16,gen_curtailment,67:96,0.0
Stage2,Scenario16,gen_curtailment,68:67,0.0
Stage2,Scenario16,gen_curtailment,69:68,0.0
Stage2,Scenario16,gen_curtailment,69:69,0.0
Stage2,Scenario16,gen_curtailment,69:92,0.0
Stage2,Scenario16,gen_curtailment,69:93,0.0
Stage2,Scenario16,gen_curtailment,69:94,0.0
Stage2,Scenario16,gen_curtailment,69:95,0.0
Stage2,Scenario16,gen_curtailment,70:70,0.0
Stage2,Scenario16,gen_curtailment,70:71,0.0
Stage2,Scenario16,gen_curtailment,71:104,0.0
Stage2,Scenario16,gen_curtailment,71:107,0.0
Stage2,Scenario16,gen_curtailment,71:108,0.0
Stage2,Scenario16,load_shed,0,0.0
Stage2,Scenario16,load_shed,1,0.0
Stage2,Scenario16,load_shed,10,0.0
Stage2,Scenario16,load_shed,11,0.0
Stage2,Scenario16,load_shed,12,0.0
Stage2,Scenario16,load_shed,13,0.0
Stage2,Scenario16,load_shed,14,0.0
Stage2,Scenario16,load_shed,15,0.0
Stage2,Scenario16,load_shed,16,0.0
Stage2,Scenario16,load_shed,17,0.0
Stage2,Scenario16,load_shed,18,0.0
Stage2,Scenario16,load_shed,19,0.0
Stage2,Scenario16,load_shed,2,0.0
Stage2,Scenario16,load_shed,20,0.0
Stage2,Scenario16,load_shed,21,0.0
Stage2,Scenario16,load_shed,22,0.0
Stage2,Scenario16,load_shed,23,0.0
Stage2,Scenario16,load_shed,24,0.0
Stage2,Scenario16,load_shed,25,0.0
Stage2,Scenario16,load_shed,26,0.0
Stage2,Scenario16,load_shed,27,0.0
Stage2,Scenario16,load_shed,28,0.0
Stage2,Scenario16,load_shed,29,0.0
Stage2,Scenario16,load_shed,3,0.0
Stage2,Scenario16,load_shed,30,0.0
Stage2,Scenario16,load_shed,31,0.0
Stage2,Scenario16,load_shed,32,0.0
Stage2,Scenario16,load_shed,33,0.0
Stage2,Scenario16,load_shed,34,0.0
Stage2,Scenario16,load_shed,35,0.0
Stage2,Scenario16,load_shed,36,0.0
Stage2,Scenario16,load_shed,37,0.0
Stage2,Scenario16,load_shed,38,0.0
Stage2,Scenario16,load_shed,39,0.0
Stage2,Scenario16,load_shed,4,0.0
Stage2,Scenario16,load_shed,40,0.0
Stage2,Scenario16,load_shed,41,0.0
Stage2,Scenario16,load_shed,42,0.0
Stage2,Scenario16,load_shed,43,0.0
Stage2,Scenario16,load_shed,44,0.0
Stage2,Scenario16,load_shed,45,0.0
Stage2,Scenario16,load_shed,46,0.0
Stage2,Scenario16,load_shed,47,0.0
Stage2,Scenario16,load_shed,48,0.0
Stage2,Scenario16,load_shed,49,0.0
Stage2,Scenario16,load_shed,5,0.0
Stage2,Scenario16,load_shed,50,0.0
Stage2,Scenario16,load_shed,51,0.0
Stage2,Scenario16,load_shed,52,0.0
Stage2,Scenario16,load_shed,53,0.0
Stage2,Scenario16,load_shed,54,0.0
Stage2,Scenario16,load_shed,55,0.0
Stage2,Scenario16,load_shed,56,0.0
Stage2,Scenario16,load_shed,57,0.0
Stage2,Scenario16,load_shed,58,0.0
Stage2,Scenario16,load_shed,59,0.0
Stage2,Scenario16,load_shed,6,0.0
Stage2,Scenario16,load_shed,60,0.0
Stage2,Scenario16,load_shed,61,0.0
Stage2,Scenario16,load_shed,62,0.0
Stage2,Scenario16,load_shed,63,0.0
Stage2,Scenario16,load_shed,64,0.0
Stage2,Scenario16,load_shed,65,0.0
Stage2,Scenario16,load_shed,66,0.0
Stage2,Scenario16,load_shed,67,0.0
Stage2,Scenario16,load_shed,68,0.0
Stage2,Scenario16,load_shed,69,0.0
Stage2,Scenario16,load_shed,7,0.0
Stage2,Scenario16,load_shed,70,0.0
Stage2,Scenario16,load_shed,71,0.0
Stage2,Scenario16,load_shed,72,0.0
Stage2,Scenario16,load_shed,8,0.0
Stage2,Scenario16,load_shed,9,0.0
Stage2,Scenario16,load_shed_value,None,0.0
Stage2,Scenario16,nu,None,0.0
Stage2,Scenario16,theta,0,0.0010716227303443383
Stage2,Scenario16,theta,1,-0.01896115159975978
Stage2,Scenario16,theta,10,-0.05752098280551968
Stage2,Scenario16,theta,11,-0.04335274628714524
Stage2,Scenario16,theta,12,0.0
Stage2,Scenario16,theta,13,-0.016360896945566895
Stage2,Scenario16,theta,14,0.1742549036658719
Stage2,Scenario16,theta,15,0.1559192236672239
Stage2,Scenario16,theta,16,0.23433230065336863
Stage2,Scenario16,theta,17,0.25185214438842435
Stage2,Scenario16,theta,18,0.11625675996003629
Stage2,Scenario16,theta,19,0.10464766108422095
Stage2,Scenario16,theta,2,-0.044311849865942804
Stage2,Scenario16,theta,20,0.27350257071383327
Stage2,Scenario16,theta,21,0.41960166816141964
Stage2,Scenario16,theta,22,0.1123426567031025
Stage2,Scenario16,theta,23,0.09145240342068495
Stage2,Scenario16,theta,24,-0.32559782897035777
Stage2,Scenario16,theta,25,-0.3204962473158078
Stage2,Scenario16,theta,26,-0.2392837913529569
Stage2,Scenario16,theta,27,-0.34611975082607993
Stage2,Scenario16,theta,28,-0.3607427753952258
Stage2,Scenario16,theta,29,-0.3941938038399032
Stage2,Scenario16,theta,3,-0.11593277325388203
Stage2,Scenario16,theta,30,-0.5697054545082971
Stage2,Scenario16,theta,31,-0.520295454508297
Stage2,Scenario16,theta,32,-0.29014277732268073
Stage2,Scenario16,theta,33,-0.3346481316939127
Stage2,Scenario16,theta,34,-0.18078423502257268
Stage2,Scenario16,theta,35,-0.1178165633661698
Stage2,Scenario16,theta,36,-0.07008088585326826
Stage2,Scenario16,theta,37,-0.1487679715354363
Stage2,Scenario16,theta,38,0.024318083859786892
Stage2,Scenario16,theta,39,0.010667255744112437
Stage2,Scenario16,theta,4,-0.2457523147615555
Stage2,Scenario16,theta,40,0.07726275010729328
Stage2,Scenario16,theta,41,0.08826010298040365
Stage2,Scenario16,theta,42,-0.010310194847096723
Stage2,Scenario16,theta,43,0.007648543769243111
Stage2,Scenario16,theta,44,0.09847193064829188
Stage2,Scenario16,theta,45,0.21395040303680113
Stage2,Scenario16,theta,46,0.03160585000823003
Stage2,Scenario16,theta,47,-0.07554566021031858
Stage2,Scenario16,theta,48,-0.2760074698398513
Stage2,Scenario16,theta,49,-0.27723353430419295
Stage2,Scenario16,theta,5,-0.20661357581740716
Stage2,Scenario16,theta,50,-0.19474607326375507
Stage2,Scenario16,theta,51,-0.24754505648487093
Stage2,Scenario16,theta,52,-0.260499140712426
Stage2,Scenario16,theta,53,-0.26789150071411555
Stage2,Scenario16,theta,54,-0.4214283454605798
Stage2,Scenario16,theta,55,-0.3720183454605796
Stage2,Scenario16,theta,56,-0.1462732321288907
Stage2,Scenario16,theta,57,-0.18196345879226808
Stage2,Scenario16,theta,58,0.023151080946224725
Stage2,Scenario16,theta,59,0.07357795788640256
Stage2,Scenario16,theta,6,-0.12400761613400312
Stage2,Scenario16,theta,60,0.2631510809462247
Stage2,Scenario16,theta,61,-0.003562461690013393
Stage2,Scenario16,theta,62,0.04927342369908608
Stage2,Scenario16,theta,63,0.07337137127336642
Stage2,Scenario16,theta,64,0.0865936397383913
Stage2,Scenario16,theta,65,0.09371332275802005
Stage2,Scenario16,theta,66,0.11851900993437631
Stage2,Scenario16,theta,67,0.19397782616134143
Stage2,Scenario16,theta,68,0.11346989108425624
Stage2,Scenario16,theta,69,0.2793898910842561
Stage2,Scenario16,theta,7,-0.19537754974669763
Stage2,Scenario16,theta,70,0.22769217508617223
Stage2,Scenario16,theta,71,-0.04317167204670827
Stage2,Scenario16,theta,72,0.23158173697908685
Stage2,Scenario16,theta,8,-0.11838260515961994
Stage2,Scenario16,theta,9,-0.18327231476155553
Stage2,Scenario16,xij,0,1.0
Stage2,Scenario16,xij,1,1.0
Stage2,Scenario16,xij,10,1.0
Stage2,Scenario16,xij,100,1.0
Stage2,Scenario16,xij,101,1.0
Stage2,Scenario16,xij,102,1.0
Stage2,Scenario16,xij,103,1.0
Stage2,Scenario16,xij,104,1.0
Stage2,Scenario16,xij,105,1.0
Stage2,Scenario16,xij,106,1.0
Stage2,Scenario16,xij,107,1.0
Stage2,Scenario16,xij,108,1.0
Stage2,Scenario16,xij,109,0.0
Stage2,Scenario16,xij,11,1.0
Stage2,Scenario16,xij,110,1.0
Stage2,Scenario16,xij,111,1.0
Stage2,Scenario16,xij,112,1.0
Stage2,Scenario16,xij,113,1.0
Stage2,Scenario16,xij,114,1.0
Stage2,Scenario16,xij,115,1.0
Stage2,Scenario16,xij,116,1.0
Stage2,Scenario16,xij,117,1.0
Stage2,Scenario16,xij,118,1.0
Stage2,Scenario16,xij,119,1.0
Stage2,Scenario16,xij,12,1.0
Stage2,Scenario16,xij,13,1.0
Stage2,Scenario16,xij,14,1.0
Stage2,Scenario16,xij,15,1.0
Stage2,Scenario16,xij,16,1.0
Stage2,Scenario16,xij,17,1.0
Stage2,Scenario16,xij,18,1.0
Stage2,Scenario16,xij,19,1.0
Stage2,Scenario16,xij,2,0.0
Stage2,Scenario16,xij,20,1.0
Stage2,Scenario16,xij,21,1.0
Stage2,Scenario16,xij,22,1.0
Stage2,Scenario16,xij,23,1.0
Stage2,Scenario16,xij,24,1.0
Stage2,Scenario16,xij,25,1.0
Stage2,Scenario16,xij,26,1.0
Stage2,Scenario16,xij,27,1.0
Stage2,Scenario16,xij,28,1.0
Stage2,Scenario16,xij,29,1.0
Stage2,Scenario16,xij,3,1.0
Stage2,Scenario16,xij,30,1.0
Stage2,Scenario16,xij,31,1.0
Stage2,Scenario16,xij,32,1.0
Stage2,Scenario16,xij,33,1.0
Stage2,Scenario16,xij,34,1.0
Stage2,Scenario16,xij,35,1.0
Stage2,Scenario16,xij,36,1.0
Stage2,Scenario16,xij,37,1.0
Stage2,Scenario16,xij,38,1.0
Stage2,Scenario16,xij,39,1.0
Stage2,Scenario16,xij,4,1.0
Stage2,Scenario16,xij,40,1.0
Stage2,Scenario16,xij,41,1.0
Stage2,Scenario16,xij,42,1.0
Stage2,Scenario16,xij,43,1.0
Stage2,Scenario16,xij,44,1.0
Stage2,Scenario16,xij,45,1.0
Stage2,Scenario16,xij,46,1.0
Stage2,Scenario16,xij,47,1.0
Stage2,Scenario16,xij,48,1.0
Stage2,Scenario16,xij,49,1.0
Stage2,Scenario16,xij,5,1.0
Stage2,Scenario16,xij,50,1.0
Stage2,Scenario16,xij,51,1.0
Stage2,Scenario16,xij,52,1.0
Stage2,Scenario16,xij,53,1.0
Stage2,Scenario16,xij,54,1.0
Stage2,Scenario16,xij,55,1.0
Stage2,Scenario16,xij,56,1.0
Stage2,Scenario16,xij,57,1.0
Stage2,Scenario16,xij,58,1.0
Stage2,Scenario16,xij,59,1.0
Stage2,Scenario16,xij,6,1.0
Stage2,Scenario16,xij,60,1.0
Stage2,Scenario16,xij,61,1.0
Stage2,Scenario16,xij,62,1.0
Stage2,Scenario16,xij,63,1.0
Stage2,Scenario16,xij,64,1.0
Stage2,Scenario16,xij,65,1.0
Stage2,Scenario16,xij,66,1.0
Stage2,Scenario16,xij,67,1.0
Stage2,Scenario16,xij,68,1.0
Stage2,Scenario16,xij,69,1.0
Stage2,Scenario16,xij,7,1.0
Stage2,Scenario16,xij,70,1.0
Stage2,Scenario16,xij,71,1.0
Stage2,Scenario16,xij,72,1.0
Stage2,Scenario16,xij,73,1.0
Stage2,Scenario16,xij,74,1.0
Stage2,Scenario16,xij,75,1.0
Stage2,Scenario16,xij,76,1.0
Stage2,Scenario16,xij,77,1.0
Stage2,Scenario16,xij,78,1.0
Stage2,Scenario16,xij,79,1.0
Stage2,Scenario16,xij,8,1.0
Stage2,Scenario16,xij,80,1.0
Stage2,Scenario16,xij,81,1.0
Stage2,Scenario16,xij,82,1.0
Stage2,Scenario16,xij,83,1.0
Stage2,Scenario16,xij,84,1.0
Stage2,Scenario16,xij,85,1.0
Stage2,Scenario16,xij,86,1.0
Stage2,Scenario16,xij,87,1.0
Stage2,Scenario16,xij,88,1.0
Stage2,Scenario16,xij,89,1.0
Stage2,Scenario16,xij,9,1.0
Stage2,Scenario16,xij,90,1.0
Stage2,Scenario16,xij,91,1.0
Stage2,Scenario16,xij,92,1.0
Stage2,Scenario16,xij,93,1.0
Stage2,Scenario16,xij,94,1.0
Stage2,Scenario16,xij,95,1.0
Stage2,Scenario16,xij,96,1.0
Stage2,Scenario16,xij,97,1.0
Stage2,Scenario16,xij,98,1.0
Stage2,Scenario16,xij,99,1.0
Stage2,Scenario17,Pij,0,0.2015960960001913
Stage2,Scenario17,Pij,1,-0.4103298333548607
Stage2,Scenario17,Pij,10,1.830277078829856
Stage2,Scenario17,Pij,100,-0.5794057920478564
Stage2,Scenario17,Pij,101,-2.9955534062528506
Stage2,Scenario17,Pij,102,-0.1559055219224037
Stage2,Scenario17,Pij,103,-0.8221981847720586
Stage2,Scenario17,Pij,104,-0.8221981847720586
Stage2,Scenario17,Pij,105,-0.45969810853348747
Stage2,Scenario17,Pij,106,-3.486603630455879
Stage2,Scenario17,Pij,107,0.8851447022806322
Stage2,Scenario17,Pij,108,4.370902859655665
Stage2,Scenario17,Pij,109,0.13349350988845687
Stage2,Scenario17,Pij,11,0.05572292117014428
Stage2,Scenario17,Pij,110,-0.3145485701721678
Stage2,Scenario17,Pij,111,-0.3145485701721678
Stage2,Scenario17,Pij,112,0.47857235114031604
Stage2,Scenario17,Pij,113,0.47857235114031604
Stage2,Scenario17,Pij,114,0.832572351140316
Stage2,Scenario17,Pij,115,0.832572351140316
Stage2,Scenario17,Pij,116,-0.5734935098884546
Stage2,Scenario17,Pij,117,3.6187498548302606
Stage2,Scenario17,Pij,118,5.0
Stage2,Scenario17,Pij,119,3.6187498548302606
Stage2,Scenario17,Pij,12,-0.07584406342546761
Stage2,Scenario17,Pij,13,0.19612114225532348
Stage2,Scenario17,Pij,14,-0.9857021759511817
Stage2,Scenario17,Pij,15,-0.9981962190115443
Stage2,Scenario17,Pij,16,-1.526591733528346
Stage2,Scenario17,Pij,17,-1.5392704176191576
Stage2,Scenario17,Pij,18,-0.7886859679313631
Stage2,Scenario17,Pij,19,-1.7236079415481642
Stage2,Scenario17,Pij,2,0.408733737354666
Stage2,Scenario17,Pij,20,-0.7661654553150594
Stage2,Scenario17,Pij,21,-1.7713011813156427
Stage2,Scenario17,Pij,22,-1.5521870429022357
Stage2,Scenario17,Pij,23,-1.7726643803441913
Stage2,Scenario17,Pij,24,-3.663607941548164
Stage2,Scenario17,Pij,25,2.1822090414097746
Stage2,Scenario17,Pij,26,-3.316085708234849
Stage2,Scenario17,Pij,27,-3.316085708234849
Stage2,Scenario17,Pij,28,2.6299623750599213
Stage2,Scenario17,Pij,29,-4.672828583530329
Stage2,Scenario17,Pij,3,0.16231312675767984
Stage2,Scenario17,Pij,30,3.4414296833919393
Stage2,Scenario17,Pij,31,-2.2398966753957454
Stage2,Scenario17,Pij,32,-2.4329319081345835
Stage2,Scenario17,Pij,33,-1.7974483376978725
Stage2,Scenario17,Pij,34,-1.7974483376978725
Stage2,Scenario17,Pij,35,0.8157148416959695
Stage2,Scenario17,Pij,36,0.8157148416959695
Stage2,Scenario17,Pij,37,0.17571484169596951
Stage2,Scenario17,Pij,38,0.17571484169596951
Stage2,Scenario17,Pij,39,-2.608318237035182
Stage2,Scenario17,Pij,4,0.3492829692425081
Stage2,Scenario17,Pij,40,-0.2920585408259452
Stage2,Scenario17,Pij,41,-0.14282700782679345
Stage2,Scenario17,Pij,42,0.212223367220049
Stage2,Scenario17,Pij,43,0.5106036406067445
Stage2,Scenario17,Pij,44,0.36917296081138096
Stage2,Scenario17,Pij,45,0.43800003136182575
Stage2,Scenario17,Pij,46,-0.32319121550904595
Stage2,Scenario17,Pij,47,-1.2088624961007592
Stage2,Scenario17,Pij,48,-0.37082703918861903
Stage2,Scenario17,Pij,49,-0.19939635939325556
Stage2,Scenario17,Pij,5,0.41963254170506037
Stage2,Scenario17,Pij,50,-0.9219999686381742
Stage2,Scenario17,Pij,51,-0.1499999999999999
Stage2,Scenario17,Pij,52,-0.9891971332942815
Stage2,Scenario17,Pij,53,-0.8708028667057183
Stage2,Scenario17,Pij,54,-1.120158885134004
Stage2,Scenario17,Pij,55,-2.3130565028579433
Stage2,Scenario17,Pij,56,-1.3658362740899253
Stage2,Scenario17,Pij,57,-2.576362920647223
Stage2,Scenario17,Pij,58,-3.0238357675855743
Stage2,Scenario17,Pij,59,0.5378406083616425
Stage2,Scenario17,Pij,6,-2.6299623750599213
Stage2,Scenario17,Pij,60,-0.8736378116381736
Stage2,Scenario17,Pij,61,-2.0157816118669936
Stage2,Scenario17,Pij,62,-1.7654735792237477
Stage2,Scenario17,Pij,63,-1.4021593916383577
Stage2,Scenario17,Pij,64,-1.7403255134149649
Stage2,Scenario17,Pij,65,-0.6101006815149936
Stage2,Scenario17,Pij,66,-0.6101006815149936
Stage2,Scenario17,Pij,67,1.2088624961007592
Stage2,Scenario17,Pij,68,0.22625990385593386
Stage2,Scenario17,Pij,69,-3.118744808909255
Stage2,Scenario17,Pij,7,-0.5776868732423202
Stage2,Scenario17,Pij,70,-0.030005820979060127
Stage2,Scenario17,Pij,71,-0.03579281599095132
Stage2,Scenario17,Pij,72,-0.2220029104895299
Stage2,Scenario17,Pij,73,-0.2220029104895299
Stage2,Scenario17,Pij,74,-2.4643724044546276
Stage2,Scenario17,Pij,75,-2.4643724044546276
Stage2,Scenario17,Pij,76,-3.1043724044546277
Stage2,Scenario17,Pij,77,-3.1043724044546277
Stage2,Scenario17,Pij,78,0.03579281599095132
Stage2,Scenario17,Pij,79,0.1724971840949916
Stage2,Scenario17,Pij,8,-0.30126626264533396
Stage2,Scenario17,Pij,80,-1.354657316134165
Stage2,Scenario17,Pij,81,0.942160132039171
Stage2,Scenario17,Pij,82,-0.01315001853523301
Stage2,Scenario17,Pij,83,0.7156472026302247
Stage2,Scenario17,Pij,84,1.75
Stage2,Scenario17,Pij,85,-1.0633018914665127
Stage2,Scenario17,Pij,86,-0.753150018535233
Stage2,Scenario17,Pij,87,0.23216013203917102
Stage2,Scenario17,Pij,88,-0.6443527973697751
Stage2,Scenario17,Pij,89,-0.1499999999999999
Stage2,Scenario17,Pij,9,-1.010717030757492
Stage2,Scenario17,Pij,90,-1.4696860501426838
Stage2,Scenario17,Pij,91,-0.39031394985731604
Stage2,Scenario17,Pij,92,-0.6539796285695383
Stage2,Scenario17,Pij,93,-1.5688564401083738
Stage2,Scenario17,Pij,94,-2.752506615187921
Stage2,Scenario17,Pij,95,0.0
Stage2,Scenario17,Pij,96,-2.3509328375046117
Stage2,Scenario17,Pij,97,-1.0555534062528502
Stage2,Scenario17,Pij,98,-0.7018673847058621
Stage2,Scenario17,Pij,99,-0.8669890554025119
Stage2,Scenario17,bus_gen,0:0,0.0799999999999983
Stage2,Scenario17,bus_gen,0:1,0.0799999999999983
Stage2,Scenario17,bus_gen,0:113,0.0
Stage2,Scenario17,bus_gen,0:117,0.0
Stage2,Scenario17,bus_gen,0:118,0.0
Stage2,Scenario17,bus_gen,0:119,0.0
Stage2,Scenario17,bus_gen,0:2,0.56
Stage2,Scenario17,bus_gen,0:3,0.56
Stage2,Scenario17,bus_gen,1:112,0.0
Stage2,Scenario17,bus_gen,1:114,0.0
Stage2,Scenario17,bus_gen,1:4,0.0799999999999983
Stage2,Scenario17,bus_gen,1:5,0.0799999999999983
Stage2,Scenario17,bus_gen,1:6,0.56
Stage2,Scenario17,bus_gen,1:7,0.56
Stage2,Scenario17,bus_gen,12:10,0.21999999999999886
Stage2,Scenario17,bus_gen,12:109,0.0
Stage2,Scenario17,bus_gen,12:11,0.21999999999999886
Stage2,Scenario17,bus_gen,12:12,0.21999999999999886
Stage2,Scenario17,bus_gen,12:9,0.21999999999999886
Stage2,Scenario17,bus_gen,13:72,0.0
Stage2,Scenario17,bus_gen,14:13,0.049999999999998934
Stage2,Scenario17,bus_gen,14:14,0.049999999999998934
Stage2,Scenario17,bus_gen,14:15,1.2500000000000002
Stage2,Scenario17,bus_gen,15:16,1.2500000000000002
Stage2,Scenario17,bus_gen,17:141,0.0
Stage2,Scenario17,bus_gen,17:142,0.0
Stage2,Scenario17,bus_gen,17:143,0.0
Stage2,Scenario17,bus_gen,17:144,0.0
Stage2,Scenario17,bus_gen,17:145,0.0
Stage2,Scenario17,bus_gen,17:146,0.0
Stage2,Scenario17,bus_gen,17:148,0.0
Stage2,Scenario17,bus_gen,17:149,0.0
Stage2,Scenario17,bus_gen,17:150,0.0
Stage2,Scenario17,bus_gen,17:151,0.0
Stage2,Scenario17,bus_gen,17:17,1.9750000000000003
Stage2,Scenario17,bus_gen,18:121,0.0
Stage2,Scenario17,bus_gen,2:120,0.0
Stage2,Scenario17,bus_gen,20:73,4.0
Stage2,Scenario17,bus_gen,21:156,5.041250145169765
Stage2,Scenario17,bus_gen,21:74,0.0
Stage2,Scenario17,bus_gen,21:75,0.0
Stage2,Scenario17,bus_gen,21:76,0.0
Stage2,Scenario17,bus_gen,21:77,0.0
Stage2,Scenario17,bus_gen,21:78,0.0
Stage2,Scenario17,bus_gen,21:79,0.0
Stage2,Scenario17,bus_gen,22:18,0.6199999999999983
Stage2,Scenario17,bus_gen,22:19,1.3999999999999986
Stage2,Scenario17,bus_gen,22:20,0.21999999999999886
Stage2,Scenario17,bus_gen,22:21,0.21999999999999886
Stage2,Scenario17,bus_gen,22:22,0.21999999999999886
Stage2,Scenario17,bus_gen,24:23,0.2
Stage2,Scenario17,bus_gen,24:24,0.2
Stage2,Scenario17,bus_gen,24:25,0.76
Stage2,Scenario17,bus_gen,24:80,0.5
Stage2,Scenario17,bus_gen,25:26,0.2
Stage2,Scenario17,bus_gen,25:27,0.2
Stage2,Scenario17,bus_gen,25:28,0.76
Stage2,Scenario17,bus_gen,25:29,0.76
Stage2,Scenario17,bus_gen,3:115,0.0
Stage2,Scenario17,bus_gen,30:30,0.55
Stage2,Scenario17,bus_gen,30:31,0.55
Stage2,Scenario17,bus_gen,35:116,2.0
Stage2,Scenario17,bus_gen,36:152,0.132
Stage2,Scenario17,bus_gen,36:32,3.55
Stage2,Scenario17,bus_gen,36:33,0.55
Stage2,Scenario17,bus_gen,36:34,0.55
Stage2,Scenario17,bus_gen,37:81,0.0
Stage2,Scenario17,bus_gen,38:111,1.2509999999999997
Stage2,Scenario17,bus_gen,38:35,0.21999999999999886
Stage2,Scenario17,bus_gen,38:36,0.21999999999999886
Stage2,Scenario17,bus_gen,38:82,0.5
Stage2,Scenario17,bus_gen,38:83,0.5
Stage2,Scenario17,bus_gen,38:84,0.5
Stage2,Scenario17,bus_gen,39:37,1.2500000000000002
Stage2,Scenario17,bus_gen,41:38,2.9160000000000004
Stage2,Scenario17,bus_gen,44:39,1.6999999999999984
Stage2,Scenario17,bus_gen,45:85,0.0
Stage2,Scenario17,bus_gen,45:86,0.0
Stage2,Scenario17,bus_gen,45:87,0.0
Stage2,Scenario17,bus_gen,45:88,0.0
Stage2,Scenario17,bus_gen,45:89,0.0
Stage2,Scenario17,bus_gen,45:90,0.0
Stage2,Scenario17,bus_gen,46:40,0.7699999999999985
Stage2,Scenario17,bus_gen,46:41,0.7699999999999985
Stage2,Scenario17,bus_gen,46:42,1.7999999999999985
Stage2,Scenario17,bus_gen,46:43,0.55
Stage2,Scenario17,bus_gen,46:44,0.55
Stage2,Scenario17,bus_gen,46:45,0.55
Stage2,Scenario17,bus_gen,48:46,0.2
Stage2,Scenario17,bus_gen,48:47,0.2
Stage2,Scenario17,bus_gen,48:48,0.21999999999999886
Stage2,Scenario17,bus_gen,48:49,0.21999999999999886
Stage2,Scenario17,bus_gen,49:50,0.2
Stage2,Scenario17,bus_gen,49:51,0.2
Stage2,Scenario17,bus_gen,49:52,0.55
Stage2,Scenario17,bus_gen,49:53,0.55
Stage2,Scenario17,bus_gen,50:155,3.841355424667652
Stage2,Scenario17,bus_gen,54:54,0.55
Stage2,Scenario17,bus_gen,54:55,0.55
Stage2,Scenario17,bus_gen,55:122,0.0
Stage2,Scenario17,bus_gen,56:153,0.0
Stage2,Scenario17,bus_gen,57:103,0.0
Stage2,Scenario17,bus_gen,57:106,0.0
Stage2,Scenario17,bus_gen,59:105,0.0
Stage2,Scenario17,bus_gen,6:8,3.1360000000000006
Stage2,Scenario17,bus_gen,60:102,0.0
Stage2,Scenario17,bus_gen,60:123,0.0
Stage2,Scenario17,bus_gen,60:124,0.0
Stage2,Scenario17,bus_gen,60:125,0.0
Stage2,Scenario17,bus_gen,60:126,0.0
Stage2,Scenario17,bus_gen,60:127,0.648
Stage2,Scenario17,bus_gen,60:128,0.4893944301626184
Stage2,Scenario17,bus_gen,60:129,0.6409999999999999
Stage2,Scenario17,bus_gen,60:130,0.6659999999999999
Stage2,Scenario17,bus_gen,60:131,0.0
Stage2,Scenario17,bus_gen,60:132,0.0
Stage2,Scenario17,bus_gen,60:133,0.0
Stage2,Scenario17,bus_gen,60:134,0.0
Stage2,Scenario17,bus_gen,60:138,0.272
Stage2,Scenario17,bus_gen,60:157,0.5
Stage2,Scenario17,bus_gen,60:56,1.9069999999999985
Stage2,Scenario17,bus_gen,60:99,0.0
Stage2,Scenario17,bus_gen,61:100,0.0
Stage2,Scenario17,bus_gen,61:101,0.0
Stage2,Scenario17,bus_gen,61:91,0.0
Stage2,Scenario17,bus_gen,61:97,0.0
Stage2,Scenario17,bus_gen,61:98,0.0
Stage2,Scenario17,bus_gen,62:57,0.049999999999998934
Stage2,Scenario17,bus_gen,62:58,0.049999999999998934
Stage2,Scenario17,bus_gen,62:59,0.049999999999998934
Stage2,Scenario17,bus_gen,62:60,0.049999999999998934
Stage2,Scenario17,bus_gen,62:61,0.049999999999998934
Stage2,Scenario17,bus_gen,62:62,0.21999999999999886
Stage2,Scenario17,bus_gen,62:63,0.21999999999999886
Stage2,Scenario17,bus_gen,62:64,0.21999999999999886
Stage2,Scenario17,bus_gen,63:65,1.55
Stage2,Scenario17,bus_gen,64:154,7.9910000000000005
Stage2,Scenario17,bus_gen,65:66,3.3299999999999996
Stage2,Scenario17,bus_gen,66:110,1.882
Stage2,Scenario17,bus_gen,67:135,0.273
Stage2,Scenario17,bus_gen,67:136,0.27
Stage2,Scenario17,bus_gen,67:137,0.28300000000000003
Stage2,Scenario17,bus_gen,67:139,0.27
Stage2,Scenario17,bus_gen,67:140,0.282
Stage2,Scenario17,bus_gen,67:147,0.0939999999999998
Stage2,Scenario17,bus_gen,67:96,0.516
Stage2,Scenario17,bus_gen,68:67,1.6999999999999984
Stage2,Scenario17,bus_gen,69:68,0.21999999999999886
Stage2,Scenario17,bus_gen,69:69,0.21999999999999886
Stage2,Scenario17,bus_gen,69:92,0.0
Stage2,Scenario17,bus_gen,69:93,0.0
Stage2,Scenario17,bus_gen,69:94,0.0
Stage2,Scenario17,bus_gen,69:95,0.0
Stage2,Scenario17,bus_gen,70:70,1.6999999999999984
Stage2,Scenario17,bus_gen,70:71,1.6999999999999984
Stage2,Scenario17,bus_gen,71:104,0.49700000000000005
Stage2,Scenario17,bus_gen,71:107,0.516
Stage2,Scenario17,bus_gen,71:108,0.51
Stage2,Scenario17,cvar,None,27.4536842105263
Stage2,Scenario17,gen_curtailment,0:0,0.0
Stage2,Scenario17,gen_curtailment,0:1,0.0
Stage2,Scenario17,gen_curtailment,0:113,0.0
Stage2,Scenario17,gen_curtailment,0:117,0.0
Stage2,Scenario17,gen_curtailment,0:118,0.0
Stage2,Scenario17,gen_curtailment,0:119,0.0
Stage2,Scenario17,gen_curtailment,0:2,0.0
Stage2,Scenario17,gen_curtailment,0:3,0.0
Stage2,Scenario17,gen_curtailment,1:112,0.0
Stage2,Scenario17,gen_curtailment,1:114,0.0
Stage2,Scenario17,gen_curtailment,1:4,0.0
Stage2,Scenario17,gen_curtailment,1:5,0.0
Stage2,Scenario17,gen_curtailment,1:6,0.0
Stage2,Scenario17,gen_curtailment,1:7,0.0
Stage2,Scenario17,gen_curtailment,12:10,0.0
Stage2,Scenario17,gen_curtailment,12:109,0.0
Stage2,Scenario17,gen_curtailment,12:11,0.0
Stage2,Scenario17,gen_curtailment,12:12,0.0
Stage2,Scenario17,gen_curtailment,12:9,0.0
Stage2,Scenario17,gen_curtailment,13:72,0.0
Stage2,Scenario17,gen_curtailment,14:13,0.0
Stage2,Scenario17,gen_curtailment,14:14,0.0
Stage2,Scenario17,gen_curtailment,14:15,0.0
Stage2,Scenario17,gen_curtailment,15:16,0.0
Stage2,Scenario17,gen_curtailment,17:141,0.0
Stage2,Scenario17,gen_curtailment,17:142,0.0
Stage2,Scenario17,gen_curtailment,17:143,0.0
Stage2,Scenario17,gen_curtailment,17:144,0.0
Stage2,Scenario17,gen_curtailment,17:145,0.0
Stage2,Scenario17,gen_curtailment,17:146,0.0
Stage2,Scenario17,gen_curtailment,17:148,0.0
Stage2,Scenario17,gen_curtailment,17:149,0.0
Stage2,Scenario17,gen_curtailment,17:150,0.0
Stage2,Scenario17,gen_curtailment,17:151,0.0
Stage2,Scenario17,gen_curtailment,17:17,0.0
Stage2,Scenario17,gen_curtailment,18:121,0.0
Stage2,Scenario17,gen_curtailment,2:120,0.0
Stage2,Scenario17,gen_curtailment,20:73,0.0
Stage2,Scenario17,gen_curtailment,21:156,0.0
Stage2,Scenario17,gen_curtailment,21:74,0.0
Stage2,Scenario17,gen_curtailment,21:75,0.0
Stage2,Scenario17,gen_curtailment,21:76,0.0
Stage2,Scenario17,gen_curtailment,21:77,0.0
Stage2,Scenario17,gen_curtailment,21:78,0.0
Stage2,Scenario17,gen_curtailment,21:79,0.0
Stage2,Scenario17,gen_curtailment,22:18,0.0
Stage2,Scenario17,gen_curtailment,22:19,0.0
Stage2,Scenario17,gen_curtailment,22:20,0.0
Stage2,Scenario17,gen_curtailment,22:21,0.0
Stage2,Scenario17,gen_curtailment,22:22,0.0
Stage2,Scenario17,gen_curtailment,24:23,0.0
Stage2,Scenario17,gen_curtailment,24:24,0.0
Stage2,Scenario17,gen_curtailment,24:25,0.0
Stage2,Scenario17,gen_curtailment,24:80,0.0
Stage2,Scenario17,gen_curtailment,25:26,0.0
Stage2,Scenario17,gen_curtailment,25:27,0.0
Stage2,Scenario17,gen_curtailment,25:28,0.0
Stage2,Scenario17,gen_curtailment,25:29,0.0
Stage2,Scenario17,gen_curtailment,3:115,0.0
Stage2,Scenario17,gen_curtailment,30:30,0.0
Stage2,Scenario17,gen_curtailment,30:31,0.0
Stage2,Scenario17,gen_curtailment,35:116,0.0
Stage2,Scenario17,gen_curtailment,36:152,0.0
Stage2,Scenario17,gen_curtailment,36:32,0.0
Stage2,Scenario17,gen_curtailment,36:33,0.0
Stage2,Scenario17,gen_curtailment,36:34,0.0
Stage2,Scenario17,gen_curtailment,37:81,0.0
Stage2,Scenario17,gen_curtailment,38:111,0.0
Stage2,Scenario17,gen_curtailment,38:35,0.0
Stage2,Scenario17,gen_curtailment,38:36,0.0
Stage2,Scenario17,gen_curtailment,38:82,0.0
Stage2,Scenario17,gen_curtailment,38:83,0.0
Stage2,Scenario17,gen_curtailment,38:84,0.0
Stage2,Scenario17,gen_curtailment,39:37,0.0
Stage2,Scenario17,gen_curtailment,41:38,0.0
Stage2,Scenario17,gen_curtailment,44:39,0.0
Stage2,Scenario17,gen_curtailment,45:85,0.0
Stage2,Scenario17,gen_curtailment,45:86,0.0
Stage2,Scenario17,gen_curtailment,45:87,0.0
Stage2,Scenario17,gen_curtailment,45:88,0.0
Stage2,Scenario17,gen_curtailment,45:89,0.0
Stage2,Scenario17,gen_curtailment,45:90,0.0
Stage2,Scenario17,gen_curtailment,46:40,0.0
Stage2,Scenario17,gen_curtailment,46:41,0.0
Stage2,Scenario17,gen_curtailment,46:42,0.0
Stage2,Scenario17,gen_curtailment,46:43,0.0
Stage2,Scenario17,gen_curtailment,46:44,0.0
Stage2,Scenario17,gen_curtailment,46:45,0.0
Stage2,Scenario17,gen_curtailment,48:46,0.0
Stage2,Scenario17,gen_curtailment,48:47,0.0
Stage2,Scenario17,gen_curtailment,48:48,0.0
Stage2,Scenario17,gen_curtailment,48:49,0.0
Stage2,Scenario17,gen_curtailment,49:50,0.0
Stage2,Scenario17,gen_curtailment,49:51,0.0
Stage2,Scenario17,gen_curtailment,49:52,0.0
Stage2,Scenario17,gen_curtailment,49:53,0.0
Stage2,Scenario17,gen_curtailment,50:155,0.0
Stage2,Scenario17,gen_curtailment,54:54,0.0
Stage2,Scenario17,gen_curtailment,54:55,0.0
Stage2,Scenario17,gen_curtailment,55:122,0.0
Stage2,Scenario17,gen_curtailment,56:153,0.0
Stage2,Scenario17,gen_curtailment,57:103,0.0
Stage2,Scenario17,gen_curtailment,57:106,0.0
Stage2,Scenario17,gen_curtailment,59:105,0.0
Stage2,Scenario17,gen_curtailment,6:8,0.0
Stage2,Scenario17,gen_curtailment,60:102,0.0
Stage2,Scenario17,gen_curtailment,60:123,0.0
Stage2,Scenario17,gen_curtailment,60:124,0.0
Stage2,Scenario17,gen_curtailment,60:125,0.0
Stage2,Scenario17,gen_curtailment,60:126,0.0
Stage2,Scenario17,gen_curtailment,60:127,0.0
Stage2,Scenario17,gen_curtailment,60:128,0.0
Stage2,Scenario17,gen_curtailment,60:129,0.0
Stage2,Scenario17,gen_curtailment,60:130,0.0
Stage2,Scenario17,gen_curtailment,60:131,0.0
Stage2,Scenario17,gen_curtailment,60:132,0.0
Stage2,Scenario17,gen_curtailment,60:133,0.0
Stage2,Scenario17,gen_curtailment,60:134,0.0
Stage2,Scenario17,gen_curtailment,60:138,0.0
Stage2,Scenario17,gen_curtailment,60:157,0.0
Stage2,Scenario17,gen_curtailment,60:56,0.0
Stage2,Scenario17,gen_curtailment,60:99,0.0
Stage2,Scenario17,gen_curtailment,61:100,0.0
Stage2,Scenario17,gen_curtailment,61:101,0.0
Stage2,Scenario17,gen_curtailment,61:91,0.0
Stage2,Scenario17,gen_curtailment,61:97,0.0
Stage2,Scenario17,gen_curtailment,61:98,0.0
Stage2,Scenario17,gen_curtailment,62:57,0.0
Stage2,Scenario17,gen_curtailment,62:58,0.0
Stage2,Scenario17,gen_curtailment,62:59,0.0
Stage2,Scenario17,gen_curtailment,62:60,0.0
Stage2,Scenario17,gen_curtailment,62:61,0.0
Stage2,Scenario17,gen_curtailment,62:62,0.0
Stage2,Scenario17,gen_curtailment,62:63,0.0
Stage2,Scenario17,gen_curtailment,62:64,0.0
Stage2,Scenario17,gen_curtailment,63:65,0.0
Stage2,Scenario17,gen_curtailment,64:154,0.0
Stage2,Scenario17,gen_curtailment,65:66,0.0
Stage2,Scenario17,gen_curtailment,66:110,0.0
Stage2,Scenario17,gen_curtailment,67:135,0.0
Stage2,Scenario17,gen_curtailment,67:136,0.0
Stage2,Scenario17,gen_curtailment,67:137,0.0
Stage2,Scenario17,gen_curtailment,67:139,0.0
Stage2,Scenario17,gen_curtailment,67:140,0.0
Stage2,Scenario17,gen_curtailment,67:147,0.0
Stage2,Scenario17,gen_curtailment,67:96,0.0
Stage2,Scenario17,gen_curtailment,68:67,0.0
Stage2,Scenario17,gen_curtailment,69:68,0.0
Stage2,Scenario17,gen_curtailment,69:69,0.0
Stage2,Scenario17,gen_curtailment,69:92,0.0
Stage2,Scenario17,gen_curtailment,69:93,0.0
Stage2,Scenario17,gen_curtailment,69:94,0.0
Stage2,Scenario17,gen_curtailment,69:95,0.0
Stage2,Scenario17,gen_curtailment,70:70,0.0
Stage2,Scenario17,gen_curtailment,70:71,0.0
Stage2,Scenario17,gen_curtailment,71:104,0.0
Stage2,Scenario17,gen_curtailment,71:107,0.0
Stage2,Scenario17,gen_curtailment,71:108,0.0
Stage2,Scenario17,load_shed,0,0.0
Stage2,Scenario17,load_shed,1,0.0
Stage2,Scenario17,load_shed,10,0.0
Stage2,Scenario17,load_shed,11,0.0
Stage2,Scenario17,load_shed,12,0.0
Stage2,Scenario17,load_shed,13,0.0
Stage2,Scenario17,load_shed,14,0.0
Stage2,Scenario17,load_shed,15,0.0
Stage2,Scenario17,load_shed,16,0.0
Stage2,Scenario17,load_shed,17,0.0
Stage2,Scenario17,load_shed,18,0.0
Stage2,Scenario17,load_shed,19,0.0
Stage2,Scenario17,load_shed,2,0.0
Stage2,Scenario17,load_shed,20,0.0
Stage2,Scenario17,load_shed,21,0.0
Stage2,Scenario17,load_shed,22,0.0
Stage2,Scenario17,load_shed,23,0.0
Stage2,Scenario17,load_shed,24,0.0
Stage2,Scenario17,load_shed,25,0.0
Stage2,Scenario17,load_shed,26,0.0
Stage2,Scenario17,load_shed,27,0.0
Stage2,Scenario17,load_shed,28,0.0
Stage2,Scenario17,load_shed,29,0.0
Stage2,Scenario17,load_shed,3,0.0
Stage2,Scenario17,load_shed,30,0.0
Stage2,Scenario17,load_shed,31,0.0
Stage2,Scenario17,load_shed,32,0.0
Stage2,Scenario17,load_shed,33,0.0
Stage2,Scenario17,load_shed,34,0.0
Stage2,Scenario17,load_shed,35,0.0
Stage2,Scenario17,load_shed,36,0.0
Stage2,Scenario17,load_shed,37,0.0
Stage2,Scenario17,load_shed,38,0.0
Stage2,Scenario17,load_shed,39,0.0
Stage2,Scenario17,load_shed,4,0.0
Stage2,Scenario17,load_shed,40,0.0
Stage2,Scenario17,load_shed,41,0.0
Stage2,Scenario17,load_shed,42,0.0
Stage2,Scenario17,load_shed,43,0.0
Stage2,Scenario17,load_shed,44,0.0
Stage2,Scenario17,load_shed,45,0.0
Stage2,Scenario17,load_shed,46,0.0
Stage2,Scenario17,load_shed,47,0.0
Stage2,Scenario17,load_shed,48,0.0
Stage2,Scenario17,load_shed,49,0.0
Stage2,Scenario17,load_shed,5,0.0
Stage2,Scenario17,load_shed,50,0.0
Stage2,Scenario17,load_shed,51,0.0
Stage2,Scenario17,load_shed,52,0.0
Stage2,Scenario17,load_shed,53,0.0
Stage2,Scenario17,load_shed,54,0.0
Stage2,Scenario17,load_shed,55,0.0
Stage2,Scenario17,load_shed,56,0.0
Stage2,Scenario17,load_shed,57,0.0
Stage2,Scenario17,load_shed,58,0.0
Stage2,Scenario17,load_shed,59,0.0
Stage2,Scenario17,load_shed,6,0.0
Stage2,Scenario17,load_shed,60,0.0
Stage2,Scenario17,load_shed,61,0.0
Stage2,Scenario17,load_shed,62,0.0
Stage2,Scenario17,load_shed,63,0.0
Stage2,Scenario17,load_shed,64,0.0
Stage2,Scenario17,load_shed,65,0.0
Stage2,Scenario17,load_shed,66,0.0
Stage2,Scenario17,load_shed,67,0.0
Stage2,Scenario17,load_shed,68,0.0
Stage2,Scenario17,load_shed,69,0.0
Stage2,Scenario17,load_shed,7,0.0
Stage2,Scenario17,load_shed,70,0.0
Stage2,Scenario17,load_shed,71,0.0
Stage2,Scenario17,load_shed,72,0.0
Stage2,Scenario17,load_shed,8,0.0
Stage2,Scenario17,load_shed,9,0.0
Stage2,Scenario17,load_shed_value,None,0.0
Stage2,Scenario17,nu,None,0.0
Stage2,Scenario17,theta,0,-0.159783201098975
Stage2,Scenario17,theta,1,-0.1626055464429777
Stage2,Scenario17,theta,10,-0.03785692646070543
Stage2,Scenario17,theta,11,-0.036775941855122854
Stage2,Scenario17,theta,12,0.0
Stage2,Scenario17,theta,13,0.034534607084317465
Stage2,Scenario17,theta,14,0.28778502933962535
Stage2,Scenario17,theta,15,0.2506874756356592
Stage2,Scenario17,theta,16,0.3721810188074477
Stage2,Scenario17,theta,17,0.4035395722629882
Stage2,Scenario17,theta,18,0.17153459291764456
Stage2,Scenario17,theta,19,0.13890599924980582
Stage2,Scenario17,theta,2,-0.0732036062610994
Stage2,Scenario17,theta,20,0.45027322904313294
Stage2,Scenario17,theta,21,0.627638869161579
Stage2,Scenario17,theta,22,0.1350402727324945
Stage2,Scenario17,theta,23,0.1510269858365095
Stage2,Scenario17,theta,24,0.011800492794454406
Stage2,Scenario17,theta,25,0.013800070904029516
Stage2,Scenario17,theta,26,-0.03297863768897588
Stage2,Scenario17,theta,27,-0.03308489511901587
Stage2,Scenario17,theta,28,-0.03160081665711888
Stage2,Scenario17,theta,29,-0.07029593511744103
Stage2,Scenario17,theta,3,-0.18321931354120308
Stage2,Scenario17,theta,30,-0.16688641003695587
Stage2,Scenario17,theta,31,-0.15773641003695588
Stage2,Scenario17,theta,32,0.005481116956600577
Stage2,Scenario17,theta,33,-0.01405393703051239
Stage2,Scenario17,theta,34,0.10239726369839464
Stage2,Scenario17,theta,35,0.20560676558386987
Stage2,Scenario17,theta,36,0.24754138054250222
Stage2,Scenario17,theta,37,0.07980795814720563
Stage2,Scenario17,theta,38,0.13294982852581433
Stage2,Scenario17,theta,39,0.16253536225386872
Stage2,Scenario17,theta,4,-0.19452556877412164
Stage2,Scenario17,theta,40,0.15665260475361445
Stage2,Scenario17,theta,41,0.1570726862473213
Stage2,Scenario17,theta,42,0.2342664928587816
Stage2,Scenario17,theta,43,0.3328413890369664
Stage2,Scenario17,theta,44,0.162844761920049
Stage2,Scenario17,theta,45,0.16041085043266431
Stage2,Scenario17,theta,46,0.4011375819349683
Stage2,Scenario17,theta,47,0.07008897872857485
Stage2,Scenario17,theta,48,0.5364426223786115
Stage2,Scenario17,theta,49,0.5340276618012816
Stage2,Scenario17,theta,5,-0.22966787653753926
Stage2,Scenario17,theta,50,0.8222753160829204
Stage2,Scenario17,theta,51,0.5356977141552561
Stage2,Scenario17,theta,52,0.45635901115528205
Stage2,Scenario17,theta,53,0.3966233988962784
Stage2,Scenario17,theta,54,0.3623771178093775
Stage2,Scenario17,theta,55,0.37152711780937747
Stage2,Scenario17,theta,56,0.6140253160829203
Stage2,Scenario17,theta,57,0.4359289195358346
Stage2,Scenario17,theta,58,0.6706076335467568
Stage2,Scenario17,theta,59,0.7497627752810969
Stage2,Scenario17,theta,6,-0.02400724738058263
Stage2,Scenario17,theta,60,0.7834524097469782
Stage2,Scenario17,theta,61,0.7149408766093764
Stage2,Scenario17,theta,62,0.889028133705614
Stage2,Scenario17,theta,63,0.8916785275782946
Stage2,Scenario17,theta,64,0.9823302219701475
Stage2,Scenario17,theta,65,0.9211375819349682
Stage2,Scenario17,theta,66,0.8713201994258402
Stage2,Scenario17,theta,67,0.8521773053802276
Stage2,Scenario17,theta,68,0.9293158447594446
Stage2,Scenario17,theta,69,0.9683134034318596
Stage2,Scenario17,theta,7,-0.13565414918920385
Stage2,Scenario17,theta,70,0.8338607136551406
Stage2,Scenario17,theta,71,0.9129324353493551
Stage2,Scenario17,theta,72,0.8012919649616683
Stage2,Scenario17,theta,8,-0.12313987872400169
Stage2,Scenario17,theta,9,-0.16801413766133222
Stage2,Scenario17,xij,0,1.0
Stage2,Scenario17,xij,1,1.0
Stage2,Scenario17,xij,10,1.0
Stage2,Scenario17,xij,100,1.0
Stage2,Scenario17,xij,101,1.0
Stage2,Scenario17,xij,102,1.0
Stage2,Scenario17,xij,103,1.0
Stage2,Scenario17,xij,104,1.0
Stage2,Scenario17,xij,105,1.0
Stage2,Scenario17,xij,106,1.0
Stage2,Scenario17,xij,107,1.0
Stage2,Scenario17,xij,108,1.0
Stage2,Scenario17,xij,109,1.0
Stage2,Scenario17,xij,11,1.0
Stage2,Scenario17,xij,110,1.0
Stage2,Scenario17,xij,111,1.0
Stage2,Scenario17,xij,112,1.0
Stage2,Scenario17,xij,113,1.0
Stage2,Scenario17,xij,114,1.0
Stage2,Scenario17,xij,115,1.0
Stage2,Scenario17,xij,116,1.0
Stage2,Scenario17,xij,117,1.0
Stage2,Scenario17,xij,118,1.0
Stage2,Scenario17,xij,119,1.0
Stage2,Scenario17,xij,12,1.0
Stage2,Scenario17,xij,13,1.0
Stage2,Scenario17,xij,14,1.0
Stage2,Scenario17,xij,15,1.0
Stage2,Scenario17,xij,16,1.0
Stage2,Scenario17,xij,17,1.0
Stage2,Scenario17,xij,18,1.0
Stage2,Scenario17,xij,19,1.0
Stage2,Scenario17,xij,2,1.0
Stage2,Scenario17,xij,20,1.0
Stage2,Scenario17,xij,21,1.0
Stage2,Scenario17,xij,22,1.0
Stage2,Scenario17,xij,23,1.0
Stage2,Scenario17,xij,24,1.0
Stage2,Scenario17,xij,25,1.0
Stage2,Scenario17,xij,26,1.0
Stage2,Scenario17,xij,27,1.0
Stage2,Scenario17,xij,28,1.0
Stage2,Scenario17,xij,29,1.0
Stage2,Scenario17,xij,3,1.0
Stage2,Scenario17,xij,30,1.0
Stage2,Scenario17,xij,31,1.0
Stage2,Scenario17,xij,32,1.0
Stage2,Scenario17,xij,33,1.0
Stage2,Scenario17,xij,34,1.0
Stage2,Scenario17,xij,35,1.0
Stage2,Scenario17,xij,36,1.0
Stage2,Scenario17,xij,37,1.0
Stage2,Scenario17,xij,38,1.0
Stage2,Scenario17,xij,39,1.0
Stage2,Scenario17,xij,4,1.0
Stage2,Scenario17,xij,40,1.0
Stage2,Scenario17,xij,41,1.0
Stage2,Scenario17,xij,42,1.0
Stage2,Scenario17,xij,43,1.0
Stage2,Scenario17,xij,44,1.0
Stage2,Scenario17,xij,45,1.0
Stage2,Scenario17,xij,46,1.0
Stage2,Scenario17,xij,47,1.0
Stage2,Scenario17,xij,48,1.0
Stage2,Scenario17,xij,49,1.0
Stage2,Scenario17,xij,5,1.0
Stage2,Scenario17,xij,50,1.0
Stage2,Scenario17,xij,51,1.0
Stage2,Scenario17,xij,52,1.0
Stage2,Scenario17,xij,53,1.0
Stage2,Scenario17,xij,54,1.0
Stage2,Scenario17,xij,55,1.0
Stage2,Scenario17,xij,56,1.0
Stage2,Scenario17,xij,57,1.0
Stage2,Scenario17,xij,58,1.0
Stage2,Scenario17,xij,59,1.0
Stage2,Scenario17,xij,6,1.0
Stage2,Scenario17,xij,60,1.0
Stage2,Scenario17,xij,61,1.0
Stage2,Scenario17,xij,62,1.0
Stage2,Scenario17,xij,63,1.0
Stage2,Scenario17,xij,64,1.0
Stage2,Scenario17,xij,65,1.0
Stage2,Scenario17,xij,66,1.0
Stage2,Scenario17,xij,67,1.0
Stage2,Scenario17,xij,68,1.0
Stage2,Scenario17,xij,69,1.0
Stage2,Scenario17,xij,7,1.0
Stage2,Scenario17,xij,70,1.0
Stage2,Scenario17,xij,71,1.0
Stage2,Scenario17,xij,72,1.0
Stage2,Scenario17,xij,73,1.0
Stage2,Scenario17,xij,74,1.0
Stage2,Scenario17,xij,75,1.0
Stage2,Scenario17,xij,76,1.0
Stage2,Scenario17,xij,77,1.0
Stage2,Scenario17,xij,78,1.0
Stage2,Scenario17,xij,79,1.0
Stage2,Scenario17,xij,8,1.0
Stage2,Scenario17,xij,80,1.0
Stage2,Scenario17,xij,81,1.0
Stage2,Scenario17,xij,82,1.0
Stage2,Scenario17,xij,83,1.0
Stage2,Scenario17,xij,84,1.0
Stage2,Scenario17,xij,85,1.0
Stage2,Scenario17,xij,86,1.0
Stage2,Scenario17,xij,87,1.0
Stage2,Scenario17,xij,88,1.0
Stage2,Scenario17,xij,89,1.0
Stage2,Scenario17,xij,9,1.0
Stage2,Scenario17,xij,90,1.0
Stage2,Scenario17,xij,91,1.0
Stage2,Scenario17,xij,92,1.0
Stage2,Scenario17,xij,93,1.0
Stage2,Scenario17,xij,94,1.0
Stage2,Scenario17,xij,95,0.0
Stage2,Scenario17,xij,96,1.0
Stage2,Scenario17,xij,97,1.0
Stage2,Scenario17,xij,98,1.0
Stage2,Scenario17,xij,99,1.0
Stage2,Scenario18,Pij,0,0.15681857930950072
Stage2,Scenario18,Pij,1,0.08599145002783795
Stage2,Scenario18,Pij,10,2.3000000000000003
Stage2,Scenario18,Pij,100,1.0258208494140795
Stage2,Scenario18,Pij,101,-0.22728798510621107
Stage2,Scenario18,Pij,102,-1.8237276196532193
Stage2,Scenario18,Pij,103,-0.14270975959971066
Stage2,Scenario18,Pij,104,-0.14270975959971066
Stage2,Scenario18,Pij,105,-0.15085286114735874
Stage2,Scenario18,Pij,106,1.179641795337745
Stage2,Scenario18,Pij,107,-2.9806574000971753
Stage2,Scenario18,Pij,108,2.1772146009161397
Stage2,Scenario18,Pij,109,-0.9975728055783948
Stage2,Scenario18,Pij,11,0.0
Stage2,Scenario18,Pij,110,-1.4285038376110901
Stage2,Scenario18,Pij,111,-1.4285038376110901
Stage2,Scenario18,Pij,112,-2.3953287000485877
Stage2,Scenario18,Pij,113,-2.3953287000485877
Stage2,Scenario18,Pij,114,-2.0413287000485876
Stage2,Scenario18,Pij,115,-2.0413287000485876
Stage2,Scenario18,Pij,116,-1.442427194421603
Stage2,Scenario18,Pij,117,0.0
Stage2,Scenario18,Pij,118,4.62022227613832
Stage2,Scenario18,Pij,119,0.0
Stage2,Scenario18,Pij,12,0.2150365349198735
Stage2,Scenario18,Pij,13,0.3749634650801268
Stage2,Scenario18,Pij,14,-0.011920408347367167
Stage2,Scenario18,Pij,15,-1.9079285204479508
Stage2,Scenario18,Pij,16,-0.3215962609272343
Stage2,Scenario18,Pij,17,-2.2456241973445756
Stage2,Scenario18,Pij,18,0.0
Stage2,Scenario18,Pij,19,-0.33351666927460144
Stage2,Scenario18,Pij,2,0.5971899706626613
Stage2,Scenario18,Pij,20,-2.529123226852882
Stage2,Scenario18,Pij,21,-1.6244294909396444
Stage2,Scenario18,Pij,22,-0.41576719232422066
Stage2,Scenario18,Pij,23,-1.627356034528661
Stage2,Scenario18,Pij,24,-2.2735166692746014
Stage2,Scenario18,Pij,25,-0.37003858255635375
Stage2,Scenario18,Pij,26,-1.258946015188261
Stage2,Scenario18,Pij,27,-1.258946015188261
Stage2,Scenario18,Pij,28,1.0679306129328738
Stage2,Scenario18,Pij,29,-1.0281079696234783
Stage2,Scenario18,Pij,3,0.386192473324093
Stage2,Scenario18,Pij,30,-1.3654472822074764
Stage2,Scenario18,Pij,31,-0.8624033937243087
Stage2,Scenario18,Pij,32,-0.16570457589916965
Stage2,Scenario18,Pij,33,-0.6382016968621543
Stage2,Scenario18,Pij,34,-0.6382016968621543
Stage2,Scenario18,Pij,35,0.0
Stage2,Scenario18,Pij,36,-2.5094472822074767
Stage2,Scenario18,Pij,37,-1.8947236411037387
Stage2,Scenario18,Pij,38,-1.8947236411037387
Stage2,Scenario18,Pij,39,0.16570457589916965
Stage2,Scenario18,Pij,4,0.48062610598540434
Stage2,Scenario18,Pij,40,-1.759643965471343
Stage2,Scenario18,Pij,41,-0.03650841002722216
Stage2,Scenario18,Pij,42,0.16089974409878413
Stage2,Scenario18,Pij,43,0.255608665928438
Stage2,Scenario18,Pij,44,0.6557389538225766
Stage2,Scenario18,Pij,45,0.2577526361502014
Stage2,Scenario18,Pij,46,0.3365944083007625
Stage2,Scenario18,Pij,47,-1.9756946642019786
Stage2,Scenario18,Pij,48,-0.08426104617742336
Stage2,Scenario18,Pij,49,-0.45439133407156196
Stage2,Scenario18,Pij,5,-0.031077937039288184
Stage2,Scenario18,Pij,50,-1.1022473638497987
Stage2,Scenario18,Pij,51,-0.8100000000000023
Stage2,Scenario18,Pij,52,-0.9804112685242004
Stage2,Scenario18,Pij,53,-1.5395887314758019
Stage2,Scenario18,Pij,54,-2.478077906400861
Stage2,Scenario18,Pij,55,0.0
Stage2,Scenario18,Pij,56,-1.4325477254842627
Stage2,Scenario18,Pij,57,-3.6136797039129007
Stage2,Scenario18,Pij,58,-3.7768514365837267
Stage2,Scenario18,Pij,59,-0.13377419530139445
Stage2,Scenario18,Pij,6,-1.0679306129328738
Stage2,Scenario18,Pij,60,0.09738424010014102
Stage2,Scenario18,Pij,61,-1.711063944013043
Stage2,Scenario18,Pij,62,-1.9614671964835855
Stage2,Scenario18,Pij,63,-2.0737741953013944
Stage2,Scenario18,Pij,64,-1.8315241171228855
Stage2,Scenario18,Pij,65,-1.423374428873022
Stage2,Scenario18,Pij,66,-1.423374428873022
Stage2,Scenario18,Pij,67,1.9756946642019786
Stage2,Scenario18,Pij,68,-0.5076071767826125
Stage2,Scenario18,Pij,69,-2.8476911356416674
Stage2,Scenario18,Pij,7,-0.353807526675907
Stage2,Scenario18,Pij,70,-0.9411722380496712
Stage2,Scenario18,Pij,71,-1.326078904204284
Stage2,Scenario18,Pij,72,-0.4705861190248356
Stage2,Scenario18,Pij,73,-0.4705861190248356
Stage2,Scenario18,Pij,74,-2.3288455678208337
Stage2,Scenario18,Pij,75,-2.3288455678208337
Stage2,Scenario18,Pij,76,-2.968845567820834
Stage2,Scenario18,Pij,77,-2.968845567820834
Stage2,Scenario18,Pij,78,-1.673921095795716
Stage2,Scenario18,Pij,79,-0.3908078236907548
Stage2,Scenario18,Pij,8,-0.11281002933733866
Stage2,Scenario18,Pij,80,-0.05213574151393884
Stage2,Scenario18,Pij,81,-0.037056434795312176
Stage2,Scenario18,Pij,82,0.06195681539192677
Stage2,Scenario18,Pij,83,0.07723536091731864
Stage2,Scenario18,Pij,84,-0.4799886026612975
Stage2,Scenario18,Pij,85,-1.3721471388526414
Stage2,Scenario18,Pij,86,-0.6780431846080732
Stage2,Scenario18,Pij,87,-0.7470564347953123
Stage2,Scenario18,Pij,88,-1.2827646390826815
Stage2,Scenario18,Pij,89,-0.8100000000000023
Stage2,Scenario18,Pij,9,-0.8793738940145959
Stage2,Scenario18,Pij,90,-1.2576621877471115
Stage2,Scenario18,Pij,91,-1.2623378122528908
Stage2,Scenario18,Pij,92,-1.6360790060170507
Stage2,Scenario18,Pij,93,-2.5296149689994323
Stage2,Scenario18,Pij,94,-1.6512089790891604
Stage2,Scenario18,Pij,95,-2.5579499070417238
Stage2,Scenario18,Pij,96,-5.0
Stage2,Scenario18,Pij,97,1.7127120148937889
Stage2,Scenario18,Pij,98,-3.389401426724255
Stage2,Scenario18,Pij,99,-0.7571634493169013
Stage2,Scenario18,bus_gen,0:0,0.2
Stage2,Scenario18,bus_gen,0:1,0.2
Stage2,Scenario18,bus_gen,0:113,0.0
Stage2,Scenario18,bus_gen,0:117,0.0
Stage2,Scenario18,bus_gen,0:118,0.0
Stage2,Scenario18,bus_gen,0:119,0.0
Stage2,Scenario18,bus_gen,0:2,0.76
Stage2,Scenario18,bus_gen,0:3,0.76
Stage2,Scenario18,bus_gen,1:112,0.0
Stage2,Scenario18,bus_gen,1:114,0.0
Stage2,Scenario18,bus_gen,1:4,0.07999999999999831
Stage2,Scenario18,bus_gen,1:5,0.07999999999999831
Stage2,Scenario18,bus_gen,1:6,0.76
Stage2,Scenario18,bus_gen,1:7,0.76
Stage2,Scenario18,bus_gen,12:10,0.55
Stage2,Scenario18,bus_gen,12:109,0.9359999999999999
Stage2,Scenario18,bus_gen,12:11,0.55
Stage2,Scenario18,bus_gen,12:12,0.55
Stage2,Scenario18,bus_gen,12:9,0.55
Stage2,Scenario18,bus_gen,13:72,0.0
Stage2,Scenario18,bus_gen,14:13,0.049999999999998934
Stage2,Scenario18,bus_gen,14:14,0.049999999999998934
Stage2,Scenario18,bus_gen,14:15,1.2500000000000002
Stage2,Scenario18,bus_gen,15:16,1.2500000000000002
Stage2,Scenario18,bus_gen,17:141,0.09300000000000001
Stage2,Scenario18,bus_gen,17:142,0.09699999999999999
Stage2,Scenario18,bus_gen,17:143,0.094
Stage2,Scenario18,bus_gen,17:144,0.09099999999999998
Stage2,Scenario18,bus_gen,17:145,0.09099999999999998
Stage2,Scenario18,bus_gen,17:146,0.09699999999999999
Stage2,Scenario18,bus_gen,17:148,0.11800000000000001
Stage2,Scenario18,bus_gen,17:149,0.11199999999999999
Stage2,Scenario18,bus_gen,17:150,0.103
Stage2,Scenario18,bus_gen,17:151,0.04499999999999997
Stage2,Scenario18,bus_gen,17:17,1.975
Stage2,Scenario18,bus_gen,18:121,0.6659999999999999
Stage2,Scenario18,bus_gen,2:120,0.615
Stage2,Scenario18,bus_gen,20:73,3.96
Stage2,Scenario18,bus_gen,21:156,0.0
Stage2,Scenario18,bus_gen,21:74,0.0
Stage2,Scenario18,bus_gen,21:75,0.0
Stage2,Scenario18,bus_gen,21:76,0.0
Stage2,Scenario18,bus_gen,21:77,0.0
Stage2,Scenario18,bus_gen,21:78,0.0
Stage2,Scenario18,bus_gen,21:79,0.0
Stage2,Scenario18,bus_gen,22:18,0.6199999999999983
Stage2,Scenario18,bus_gen,22:19,1.7999999999999985
Stage2,Scenario18,bus_gen,22:20,0.55
Stage2,Scenario18,bus_gen,22:21,0.55
Stage2,Scenario18,bus_gen,22:22,0.55
Stage2,Scenario18,bus_gen,24:23,0.2
Stage2,Scenario18,bus_gen,24:24,0.2
Stage2,Scenario18,bus_gen,24:25,0.56
Stage2,Scenario18,bus_gen,24:80,0.5
Stage2,Scenario18,bus_gen,25:26,0.2
Stage2,Scenario18,bus_gen,25:27,0.2
Stage2,Scenario18,bus_gen,25:28,0.76
Stage2,Scenario18,bus_gen,25:29,0.76
Stage2,Scenario18,bus_gen,3:115,0.0
Stage2,Scenario18,bus_gen,30:30,0.2199999999999989
Stage2,Scenario18,bus_gen,30:31,0.2199999999999989
Stage2,Scenario18,bus_gen,35:116,2.0
Stage2,Scenario18,bus_gen,36:152,0.132
Stage2,Scenario18,bus_gen,36:32,3.136
Stage2,Scenario18,bus_gen,36:33,0.55
Stage2,Scenario18,bus_gen,36:34,0.55
Stage2,Scenario18,bus_gen,37:81,0.0
Stage2,Scenario18,bus_gen,38:111,0.0
Stage2,Scenario18,bus_gen,38:35,0.55
Stage2,Scenario18,bus_gen,38:36,0.55
Stage2,Scenario18,bus_gen,38:82,0.5
Stage2,Scenario18,bus_gen,38:83,0.49477772386170993
Stage2,Scenario18,bus_gen,38:84,0.0
Stage2,Scenario18,bus_gen,39:37,1.55
Stage2,Scenario18,bus_gen,41:38,3.33
Stage2,Scenario18,bus_gen,44:39,2.1139999999999985
Stage2,Scenario18,bus_gen,45:85,0.5
Stage2,Scenario18,bus_gen,45:86,0.5
Stage2,Scenario18,bus_gen,45:87,0.5
Stage2,Scenario18,bus_gen,45:88,0.5
Stage2,Scenario18,bus_gen,45:89,0.5
Stage2,Scenario18,bus_gen,45:90,0.5
Stage2,Scenario18,bus_gen,46:40,0.7699999999999984
Stage2,Scenario18,bus_gen,46:41,0.7699999999999984
Stage2,Scenario18,bus_gen,46:42,1.7999999999999985
Stage2,Scenario18,bus_gen,46:43,0.55
Stage2,Scenario18,bus_gen,46:44,0.55
Stage2,Scenario18,bus_gen,46:45,0.55
Stage2,Scenario18,bus_gen,48:46,0.07999999999999831
Stage2,Scenario18,bus_gen,48:47,0.07999999999999831
Stage2,Scenario18,bus_gen,48:48,0.2199999999999989
Stage2,Scenario18,bus_gen,48:49,0.2199999999999989
Stage2,Scenario18,bus_gen,49:50,0.2
Stage2,Scenario18,bus_gen,49:51,0.2
Stage2,Scenario18,bus_gen,49:52,0.55
Stage2,Scenario18,bus_gen,49:53,0.55
Stage2,Scenario18,bus_gen,50:155,0.0
Stage2,Scenario18,bus_gen,54:54,0.2199999999999989
Stage2,Scenario18,bus_gen,54:55,0.2199999999999989
Stage2,Scenario18,bus_gen,55:122,0.0
Stage2,Scenario18,bus_gen,56:153,0.0
Stage2,Scenario18,bus_gen,57:103,0.517
Stage2,Scenario18,bus_gen,57:106,0.5159999999999999
Stage2,Scenario18,bus_gen,59:105,0.941
Stage2,Scenario18,bus_gen,6:8,3.5500000000000007
Stage2,Scenario18,bus_gen,60:102,0.9329999999999998
Stage2,Scenario18,bus_gen,60:123,1.0170000000000001
Stage2,Scenario18,bus_gen,60:124,0.6310000000000001
Stage2,Scenario18,bus_gen,60:125,0.6540000000000001
Stage2,Scenario18,bus_gen,60:126,0.67
Stage2,Scenario18,bus_gen,60:127,0.648
Stage2,Scenario18,bus_gen,60:128,0.638
Stage2,Scenario18,bus_gen,60:129,0.5622222761383369
Stage2,Scenario18,bus_gen,60:130,0.6659999999999999
Stage2,Scenario18,bus_gen,60:131,0.624
Stage2,Scenario18,bus_gen,60:132,0.669
Stage2,Scenario18,bus_gen,60:133,0.652
Stage2,Scenario18,bus_gen,60:134,0.278
Stage2,Scenario18,bus_gen,60:138,0.272
Stage2,Scenario18,bus_gen,60:157,0.5
Stage2,Scenario18,bus_gen,60:56,1.6999999999999984
Stage2,Scenario18,bus_gen,60:99,0.951
Stage2,Scenario18,bus_gen,61:100,0.0
Stage2,Scenario18,bus_gen,61:101,0.0
Stage2,Scenario18,bus_gen,61:91,0.0
Stage2,Scenario18,bus_gen,61:97,0.0
Stage2,Scenario18,bus_gen,61:98,0.0
Stage2,Scenario18,bus_gen,62:57,0.049999999999998934
Stage2,Scenario18,bus_gen,62:58,0.049999999999998934
Stage2,Scenario18,bus_gen,62:59,0.049999999999998934
Stage2,Scenario18,bus_gen,62:60,0.049999999999998934
Stage2,Scenario18,bus_gen,62:61,0.049999999999998934
Stage2,Scenario18,bus_gen,62:62,0.2199999999999989
Stage2,Scenario18,bus_gen,62:63,0.2199999999999989
Stage2,Scenario18,bus_gen,62:64,0.2199999999999989
Stage2,Scenario18,bus_gen,63:65,1.2500000000000002
Stage2,Scenario18,bus_gen,64:154,0.0
Stage2,Scenario18,bus_gen,65:66,2.9160000000000004
Stage2,Scenario18,bus_gen,66:110,0.0
Stage2,Scenario18,bus_gen,67:135,0.2729999999999999
Stage2,Scenario18,bus_gen,67:136,0.27
Stage2,Scenario18,bus_gen,67:137,0.28300000000000003
Stage2,Scenario18,bus_gen,67:139,0.27
Stage2,Scenario18,bus_gen,67:140,0.282
Stage2,Scenario18,bus_gen,67:147,0.094
Stage2,Scenario18,bus_gen,67:96,0.516
Stage2,Scenario18,bus_gen,68:67,1.6999999999999984
Stage2,Scenario18,bus_gen,69:68,0.2199999999999989
Stage2,Scenario18,bus_gen,69:69,0.2199999999999989
Stage2,Scenario18,bus_gen,69:92,0.5
Stage2,Scenario18,bus_gen,69:93,0.5
Stage2,Scenario18,bus_gen,69:94,0.5
Stage2,Scenario18,bus_gen,69:95,0.5
Stage2,Scenario18,bus_gen,70:70,1.9069999999999985
Stage2,Scenario18,bus_gen,70:71,1.9069999999999985
Stage2,Scenario18,bus_gen,71:104,0.49700000000000005
Stage2,Scenario18,bus_gen,71:107,0.516
Stage2,Scenario18,bus_gen,71:108,0.51
Stage2,Scenario18,cvar,None,27.453684210526298
Stage2,Scenario18,gen_curtailment,0:0,0.0
Stage2,Scenario18,gen_curtailment,0:1,0.0
Stage2,Scenario18,gen_curtailment,0:113,0.0
Stage2,Scenario18,gen_curtailment,0:117,0.0
Stage2,Scenario18,gen_curtailment,0:118,0.0
Stage2,Scenario18,gen_curtailment,0:119,0.0
Stage2,Scenario18,gen_curtailment,0:2,0.0
Stage2,Scenario18,gen_curtailment,0:3,0.0
Stage2,Scenario18,gen_curtailment,1:112,0.0
Stage2,Scenario18,gen_curtailment,1:114,0.0
Stage2,Scenario18,gen_curtailment,1:4,0.0
Stage2,Scenario18,gen_curtailment,1:5,0.0
Stage2,Scenario18,gen_curtailment,1:6,0.0
Stage2,Scenario18,gen_curtailment,1:7,0.0
Stage2,Scenario18,gen_curtailment,12:10,0.0
Stage2,Scenario18,gen_curtailment,12:109,0.0
Stage2,Scenario18,gen_curtailment,12:11,0.0
Stage2,Scenario18,gen_curtailment,12:12,0.0
Stage2,Scenario18,gen_curtailment,12:9,0.0
Stage2,Scenario18,gen_curtailment,13:72,0.0
Stage2,Scenario18,gen_curtailment,14:13,0.0
Stage2,Scenario18,gen_curtailment,14:14,0.0
Stage2,Scenario18,gen_curtailment,14:15,0.0
Stage2,Scenario18,gen_curtailment,15:16,0.0
Stage2,Scenario18,gen_curtailment,17:141,0.0
Stage2,Scenario18,gen_curtailment,17:142,0.0
Stage2,Scenario18,gen_curtailment,17:143,0.0
Stage2,Scenario18,gen_curtailment,17:144,0.0
Stage2,Scenario18,gen_curtailment,17:145,0.0
Stage2,Scenario18,gen_curtailment,17:146,0.0
Stage2,Scenario18,gen_curtailment,17:148,0.0
Stage2,Scenario18,gen_curtailment,17:149,0.0
Stage2,Scenario18,gen_curtailment,17:150,0.0
Stage2,Scenario18,gen_curtailment,17:151,0.0
Stage2,Scenario18,gen_curtailment,17:17,0.0
Stage2,Scenario18,gen_curtailment,18:121,0.0
Stage2,Scenario18,gen_curtailment,2:120,0.0
Stage2,Scenario18,gen_curtailment,20:73,0.0
Stage2,Scenario18,gen_curtailment,21:156,0.0
Stage2,Scenario18,gen_curtailment,21:74,0.0
Stage2,Scenario18,gen_curtailment,21:75,0.0
Stage2,Scenario18,gen_curtailment,21:76,0.0
Stage2,Scenario18,gen_curtailment,21:77,0.0
Stage2,Scenario18,gen_curtailment,21:78,0.0
Stage2,Scenario18,gen_curtailment,21:79,0.0
Stage2,Scenario18,gen_curtailment,22:18,0.0
Stage2,Scenario18,gen_curtailment,22:19,0.0
Stage2,Scenario18,gen_curtailment,22:20,0.0
Stage2,Scenario18,gen_curtailment,22:21,0.0
Stage2,Scenario18,gen_curtailment,22:22,0.0
Stage2,Scenario18,gen_curtailment,24:23,0.0
Stage2,Scenario18,gen_curtailment,24:24,0.0
Stage2,Scenario18,gen_curtailment,24:25,0.0
Stage2,Scenario18,gen_curtailment,24:80,0.0
Stage2,Scenario18,gen_curtailment,25:26,0.0
Stage2,Scenario18,gen_curtailment,25:27,0.0
Stage2,Scenario18,gen_curtailment,25:28,0.0
Stage2,Scenario18,gen_curtailment,25:29,0.0
Stage2,Scenario18,gen_curtailment,3:115,0.0
Stage2,Scenario18,gen_curtailment,30:30,0.0
Stage2,Scenario18,gen_curtailment,30:31,0.0
Stage2,Scenario18,gen_curtailment,35:116,0.0
Stage2,Scenario18,gen_curtailment,36:152,0.0
Stage2,Scenario18,gen_curtailment,36:32,0.0
Stage2,Scenario18,gen_curtailment,36:33,0.0
Stage2,Scenario18,gen_curtailment,36:34,0.0
Stage2,Scenario18,gen_curtailment,37:81,0.0
Stage2,Scenario18,gen_curtailment,38:111,0.0
Stage2,Scenario18,gen_curtailment,38:35,0.0
Stage2,Scenario18,gen_curtailment,38:36,0.0
Stage2,Scenario18,gen_curtailment,38:82,0.0
Stage2,Scenario18,gen_curtailment,38:83,0.0
Stage2,Scenario18,gen_curtailment,38:84,0.0
Stage2,Scenario18,gen_curtailment,39:37,0.0
Stage2,Scenario18,gen_curtailment,41:38,0.0
Stage2,Scenario18,gen_curtailment,44:39,0.0
Stage2,Scenario18,gen_curtailment,45:85,0.0
Stage2,Scenario18,gen_curtailment,45:86,0.0
Stage2,Scenario18,gen_curtailment,45:87,0.0
Stage2,Scenario18,gen_curtailment,45:88,0.0
Stage2,Scenario18,gen_curtailment,45:89,0.0
Stage2,Scenario18,gen_curtailment,45:90,0.0
Stage2,Scenario18,gen_curtailment,46:40,0.0
Stage2,Scenario18,gen_curtailment,46:41,0.0
Stage2,Scenario18,gen_curtailment,46:42,0.0
Stage2,Scenario18,gen_curtailment,46:43,0.0
Stage2,Scenario18,gen_curtailment,46:44,0.0
Stage2,Scenario18,gen_curtailment,46:45,0.0
Stage2,Scenario18,gen_curtailment,48:46,0.0
Stage2,Scenario18,gen_curtailment,48:47,0.0
Stage2,Scenario18,gen_curtailment,48:48,0.0
Stage2,Scenario18,gen_curtailment,48:49,0.0
Stage2,Scenario18,gen_curtailment,49:50,0.0
Stage2,Scenario18,gen_curtailment,49:51,0.0
Stage2,Scenario18,gen_curtailment,49:52,0.0
Stage2,Scenario18,gen_curtailment,49:53,0.0
Stage2,Scenario18,gen_curtailment,50:155,0.0
Stage2,Scenario18,gen_curtailment,54:54,0.0
Stage2,Scenario18,gen_curtailment,54:55,0.0
Stage2,Scenario18,gen_curtailment,55:122,0.0
Stage2,Scenario18,gen_curtailment,56:153,0.0
Stage2,Scenario18,gen_curtailment,57:103,0.0
Stage2,Scenario18,gen_curtailment,57:106,0.0
Stage2,Scenario18,gen_curtailment,59:105,0.0
Stage2,Scenario18,gen_curtailment,6:8,0.0
Stage2,Scenario18,gen_curtailment,60:102,0.0
Stage2,Scenario18,gen_curtailment,60:123,0.0
Stage2,Scenario18,gen_curtailment,60:124,0.0
Stage2,Scenario18,gen_curtailment,60:125,0.0
Stage2,Scenario18,gen_curtailment,60:126,0.0
Stage2,Scenario18,gen_curtailment,60:127,0.0
Stage2,Scenario18,gen_curtailment,60:128,0.0
Stage2,Scenario18,gen_curtailment,60:129,0.0
Stage2,Scenario18,gen_curtailment,60:130,0.0
Stage2,Scenario18,gen_curtailment,60:131,0.0
Stage2,Scenario18,gen_curtailment,60:132,0.0
Stage2,Scenario18,gen_curtailment,60:133,0.0
Stage2,Scenario18,gen_curtailment,60:134,0.0
Stage2,Scenario18,gen_curtailment,60:138,0.0
Stage2,Scenario18,gen_curtailment,60:157,0.0
Stage2,Scenario18,gen_curtailment,60:56,0.0
Stage2,Scenario18,gen_curtailment,60:99,0.0
Stage2,Scenario18,gen_curtailment,61:100,0.0
Stage2,Scenario18,gen_curtailment,61:101,0.0
Stage2,Scenario18,gen_curtailment,61:91,0.0
Stage2,Scenario18,gen_curtailment,61:97,0.0
Stage2,Scenario18,gen_curtailment,61:98,0.0
Stage2,Scenario18,gen_curtailment,62:57,0.0
Stage2,Scenario18,gen_curtailment,62:58,0.0
Stage2,Scenario18,gen_curtailment,62:59,0.0
Stage2,Scenario18,gen_curtailment,62:60,0.0
Stage2,Scenario18,gen_curtailment,62:61,0.0
Stage2,Scenario18,gen_curtailment,62:62,0.0
Stage2,Scenario18,gen_curtailment,62:63,0.0
Stage2,Scenario18,gen_curtailment,62:64,0.0
Stage2,Scenario18,gen_curtailment,63:65,0.0
Stage2,Scenario18,gen_curtailment,64:154,0.0
Stage2,Scenario18,gen_curtailment,65:66,0.0
Stage2,Scenario18,gen_curtailment,66:110,0.0
Stage2,Scenario18,gen_curtailment,67:135,0.0
Stage2,Scenario18,gen_curtailment,67:136,0.0
Stage2,Scenario18,gen_curtailment,67:137,0.0
Stage2,Scenario18,gen_curtailment,67:139,0.0
Stage2,Scenario18,gen_curtailment,67:140,0.0
Stage2,Scenario18,gen_curtailment,67:147,0.0
Stage2,Scenario18,gen_curtailment,67:96,0.0
Stage2,Scenario18,gen_curtailment,68:67,0.0
Stage2,Scenario18,gen_curtailment,69:68,0.0
Stage2,Scenario18,gen_curtailment,69:69,0.0
Stage2,Scenario18,gen_curtailment,69:92,0.0
Stage2,Scenario18,gen_curtailment,69:93,0.0
Stage2,Scenario18,gen_curtailment,69:94,0.0
Stage2,Scenario18,gen_curtailment,69:95,0.0
Stage2,Scenario18,gen_curtailment,70:70,0.0
Stage2,Scenario18,gen_curtailment,70:71,0.0
Stage2,Scenario18,gen_curtailment,71:104,0.0
Stage2,Scenario18,gen_curtailment,71:107,0.0
Stage2,Scenario18,gen_curtailment,71:108,0.0
Stage2,Scenario18,load_shed,0,0.0
Stage2,Scenario18,load_shed,1,0.0
Stage2,Scenario18,load_shed,10,0.0
Stage2,Scenario18,load_shed,11,0.0
Stage2,Scenario18,load_shed,12,0.0
Stage2,Scenario18,load_shed,13,0.0
Stage2,Scenario18,load_shed,14,0.0
Stage2,Scenario18,load_shed,15,0.0
Stage2,Scenario18,load_shed,16,0.0
Stage2,Scenario18,load_shed,17,0.0
Stage2,Scenario18,load_shed,18,0.0
Stage2,Scenario18,load_shed,19,0.0
Stage2,Scenario18,load_shed,2,0.0
Stage2,Scenario18,load_shed,20,0.0
Stage2,Scenario18,load_shed,21,0.0
Stage2,Scenario18,load_shed,22,0.0
Stage2,Scenario18,load_shed,23,0.0
Stage2,Scenario18,load_shed,24,0.0
Stage2,Scenario18,load_shed,25,0.0
Stage2,Scenario18,load_shed,26,0.0
Stage2,Scenario18,load_shed,27,0.0
Stage2,Scenario18,load_shed,28,0.0
Stage2,Scenario18,load_shed,29,0.0
Stage2,Scenario18,load_shed,3,0.0
Stage2,Scenario18,load_shed,30,0.0
Stage2,Scenario18,load_shed,31,0.0
Stage2,Scenario18,load_shed,32,0.0
Stage2,Scenario18,load_shed,33,0.0
Stage2,Scenario18,load_shed,34,0.0
Stage2,Scenario18,load_shed,35,0.0
Stage2,Scenario18,load_shed,36,0.0
Stage2,Scenario18,load_shed,37,0.0
Stage2,Scenario18,load_shed,38,0.0
Stage2,Scenario18,load_shed,39,0.0
Stage2,Scenario18,load_shed,4,0.0
Stage2,Scenario18,load_shed,40,0.0
Stage2,Scenario18,load_shed,41,0.0
Stage2,Scenario18,load_shed,42,0.0
Stage2,Scenario18,load_shed,43,0.0
Stage2,Scenario18,load_shed,44,0.0
Stage2,Scenario18,load_shed,45,0.0
Stage2,Scenario18,load_shed,46,0.0
Stage2,Scenario18,load_shed,47,0.0
Stage2,Scenario18,load_shed,48,0.0
Stage2,Scenario18,load_shed,49,0.0
Stage2,Scenario18,load_shed,5,0.0
Stage2,Scenario18,load_shed,50,0.0
Stage2,Scenario18,load_shed,51,0.0
Stage2,Scenario18,load_shed,52,0.0
Stage2,Scenario18,load_shed,53,0.0
Stage2,Scenario18,load_shed,54,0.0
Stage2,Scenario18,load_shed,55,0.0
Stage2,Scenario18,load_shed,56,0.0
Stage2,Scenario18,load_shed,57,0.0
Stage2,Scenario18,load_shed,58,0.0
Stage2,Scenario18,load_shed,59,0.0
Stage2,Scenario18,load_shed,6,0.0
Stage2,Scenario18,load_shed,60,0.0
Stage2,Scenario18,load_shed,61,0.0
Stage2,Scenario18,load_shed,62,0.0
Stage2,Scenario18,load_shed,63,0.0
Stage2,Scenario18,load_shed,64,0.0
Stage2,Scenario18,load_shed,65,0.0
Stage2,Scenario18,load_shed,66,0.0
Stage2,Scenario18,load_shed,67,0.0
Stage2,Scenario18,load_shed,68,0.0
Stage2,Scenario18,load_shed,69,0.0
Stage2,Scenario18,load_shed,7,0.0
Stage2,Scenario18,load_shed,70,0.0
Stage2,Scenario18,load_shed,71,0.0
Stage2,Scenario18,load_shed,72,0.0
Stage2,Scenario18,load_shed,8,0.0
Stage2,Scenario18,load_shed,9,0.0
Stage2,Scenario18,load_shed_value,None,0.0
Stage2,Scenario18,nu,None,0.0
Stage2,Scenario18,theta,0,-0.27202596902989656
Stage2,Scenario18,theta,1,-0.27422142914022957
Stage2,Scenario18,theta,10,-0.28544053674788084
Stage2,Scenario18,theta,11,-0.12139791488893832
Stage2,Scenario18,theta,12,0.0
Stage2,Scenario18,theta,13,-0.27143283663834755
Stage2,Scenario18,theta,14,-0.1435860090546041
Stage2,Scenario18,theta,15,-0.1372953531511461
Stage2,Scenario18,theta,16,-0.11056454594093566
Stage2,Scenario18,theta,17,-0.09849089842879534
Stage2,Scenario18,theta,18,-0.10589006566037416
Stage2,Scenario18,theta,19,-0.005512174372075053
Stage2,Scenario18,theta,2,-0.29017016498577036
Stage2,Scenario18,theta,20,-0.08189765431037932
Stage2,Scenario18,theta,21,-0.09316556547152285
Stage2,Scenario18,theta,22,0.03617174573220719
Stage2,Scenario18,theta,23,-0.19911840092711353
Stage2,Scenario18,theta,24,-0.11518230101387057
Stage2,Scenario18,theta,25,-0.11467118327348946
Stage2,Scenario18,theta,26,-0.14913214701871397
Stage2,Scenario18,theta,27,-0.1979500304089567
Stage2,Scenario18,theta,28,-0.1369090376177878
Stage2,Scenario18,theta,29,-0.1641596894143281
Stage2,Scenario18,theta,3,-0.3232678732523894
Stage2,Scenario18,theta,30,-0.4003647409129979
Stage2,Scenario18,theta,31,-0.35095474091299783
Stage2,Scenario18,theta,32,-0.1891868816065047
Stage2,Scenario18,theta,33,-0.09692260021949041
Stage2,Scenario18,theta,34,0.02521641885529783
Stage2,Scenario18,theta,35,0.21117973133612353
Stage2,Scenario18,theta,36,0.20650528781131672
Stage2,Scenario18,theta,37,0.030834935057956397
Stage2,Scenario18,theta,38,0.12205170258964959
Stage2,Scenario18,theta,39,0.15318761258073865
Stage2,Scenario18,theta,4,-0.3227871165362228
Stage2,Scenario18,theta,40,0.16638539917708656
Stage2,Scenario18,theta,41,0.17956181050978196
Stage2,Scenario18,theta,42,0.218684508700497
Stage2,Scenario18,theta,43,0.31183833141333034
Stage2,Scenario18,theta,44,0.19179704960442767
Stage2,Scenario18,theta,45,0.30562368411853635
Stage2,Scenario18,theta,46,0.3771529339053886
Stage2,Scenario18,theta,47,0.019315580051146725
Stage2,Scenario18,theta,48,0.7676588144429233
Stage2,Scenario18,theta,49,0.7731301239745938
Stage2,Scenario18,theta,5,-0.36650164148942715
Stage2,Scenario18,theta,50,0.7786594559023643
Stage2,Scenario18,theta,51,0.765261608419819
Stage2,Scenario18,theta,52,0.7708086114005248
Stage2,Scenario18,theta,53,0.7583009346784686
Stage2,Scenario18,theta,54,0.5788538386407851
Stage2,Scenario18,theta,55,0.6282638386407853
Stage2,Scenario18,theta,56,0.8357780996190587
Stage2,Scenario18,theta,57,0.8365495776625121
Stage2,Scenario18,theta,58,0.9773316552196539
Stage2,Scenario18,theta,59,1.0546403867368896
Stage2,Scenario18,theta,6,-0.11069086221631591
Stage2,Scenario18,theta,60,1.2173316552196538
Stage2,Scenario18,theta,61,0.9053977505941148
Stage2,Scenario18,theta,62,0.8878043721812765
Stage2,Scenario18,theta,63,0.9188077417153813
Stage2,Scenario18,theta,64,0.8881370550365999
Stage2,Scenario18,theta,65,0.857656050623774
Stage2,Scenario18,theta,66,0.9873628619176162
Stage2,Scenario18,theta,67,1.0831760099195602
Stage2,Scenario18,theta,68,0.8947971504016624
Stage2,Scenario18,theta,69,0.9928821996223313
Stage2,Scenario18,theta,7,-0.25099086221631595
Stage2,Scenario18,theta,70,1.128085241320629
Stage2,Scenario18,theta,71,0.8956487209609405
Stage2,Scenario18,theta,72,-0.08189765431037932
Stage2,Scenario18,theta,8,-0.28647189047809507
Stage2,Scenario18,theta,9,-0.31285983395453687
Stage2,Scenario18,xij,0,1.0
Stage2,Scenario18,xij,1,1.0
Stage2,Scenario18,xij,10,1.0
Stage2,Scenario18,xij,100,1.0
Stage2,Scenario18,xij,101,1.0
Stage2,Scenario18,xij,102,1.0
Stage2,Scenario18,xij,103,1.0
Stage2,Scenario18,xij,104,1.0
Stage2,Scenario18,xij,105,1.0
Stage2,Scenario18,xij,106,1.0
Stage2,Scenario18,xij,107,1.0
Stage2,Scenario18,xij,108,1.0
Stage2,Scenario18,xij,109,1.0
Stage2,Scenario18,xij,11,0.0
Stage2,Scenario18,xij,110,1.0
Stage2,Scenario18,xij,111,1.0
Stage2,Scenario18,xij,112,1.0
Stage2,Scenario18,xij,113,1.0
Stage2,Scenario18,xij,114,1.0
Stage2,Scenario18,xij,115,1.0
Stage2,Scenario18,xij,116,1.0
Stage2,Scenario18,xij,117,1.0
Stage2,Scenario18,xij,118,1.0
Stage2,Scenario18,xij,119,0.0
Stage2,Scenario18,xij,12,1.0
Stage2,Scenario18,xij,13,1.0
Stage2,Scenario18,xij,14,1.0
Stage2,Scenario18,xij,15,1.0
Stage2,Scenario18,xij,16,1.0
Stage2,Scenario18,xij,17,1.0
Stage2,Scenario18,xij,18,0.0
Stage2,Scenario18,xij,19,1.0
Stage2,Scenario18,xij,2,1.0
Stage2,Scenario18,xij,20,1.0
Stage2,Scenario18,xij,21,1.0
Stage2,Scenario18,xij,22,1.0
Stage2,Scenario18,xij,23,1.0
Stage2,Scenario18,xij,24,1.0
Stage2,Scenario18,xij,25,1.0
Stage2,Scenario18,xij,26,1.0
Stage2,Scenario18,xij,27,1.0
Stage2,Scenario18,xij,28,1.0
Stage2,Scenario18,xij,29,1.0
Stage2,Scenario18,xij,3,1.0
Stage2,Scenario18,xij,30,1.0
Stage2,Scenario18,xij,31,1.0
Stage2,Scenario18,xij,32,1.0
Stage2,Scenario18,xij,33,1.0
Stage2,Scenario18,xij,34,1.0
Stage2,Scenario18,xij,35,0.0
Stage2,Scenario18,xij,36,1.0
Stage2,Scenario18,xij,37,1.0
Stage2,Scenario18,xij,38,1.0
Stage2,Scenario18,xij,39,1.0
Stage2,Scenario18,xij,4,1.0
Stage2,Scenario18,xij,40,1.0
Stage2,Scenario18,xij,41,1.0
Stage2,Scenario18,xij,42,1.0
Stage2,Scenario18,xij,43,1.0
Stage2,Scenario18,xij,44,1.0
Stage2,Scenario18,xij,45,1.0
Stage2,Scenario18,xij,46,1.0
Stage2,Scenario18,xij,47,1.0
Stage2,Scenario18,xij,48,1.0
Stage2,Scenario18,xij,49,1.0
Stage2,Scenario18,xij,5,1.0
Stage2,Scenario18,xij,50,1.0
Stage2,Scenario18,xij,51,1.0
Stage2,Scenario18,xij,52,1.0
Stage2,Scenario18,xij,53,1.0
Stage2,Scenario18,xij,54,1.0
Stage2,Scenario18,xij,55,0.0
Stage2,Scenario18,xij,56,1.0
Stage2,Scenario18,xij,57,1.0
Stage2,Scenario18,xij,58,1.0
Stage2,Scenario18,xij,59,1.0
Stage2,Scenario18,xij,6,1.0
Stage2,Scenario18,xij,60,1.0
Stage2,Scenario18,xij,61,1.0
Stage2,Scenario18,xij,62,1.0
Stage2,Scenario18,xij,63,1.0
Stage2,Scenario18,xij,64,1.0
Stage2,Scenario18,xij,65,1.0
Stage2,Scenario18,xij,66,1.0
Stage2,Scenario18,xij,67,1.0
Stage2,Scenario18,xij,68,1.0
Stage2,Scenario18,xij,69,1.0
Stage2,Scenario18,xij,7,1.0
Stage2,Scenario18,xij,70,1.0
Stage2,Scenario18,xij,71,1.0
Stage2,Scenario18,xij,72,1.0
Stage2,Scenario18,xij,73,1.0
Stage2,Scenario18,xij,74,1.0
Stage2,Scenario18,xij,75,1.0
Stage2,Scenario18,xij,76,1.0
Stage2,Scenario18,xij,77,1.0
Stage2,Scenario18,xij,78,1.0
Stage2,Scenario18,xij,79,1.0
Stage2,Scenario18,xij,8,1.0
Stage2,Scenario18,xij,80,1.0
Stage2,Scenario18,xij,81,1.0
Stage2,Scenario18,xij,82,1.0
Stage2,Scenario18,xij,83,1.0
Stage2,Scenario18,xij,84,1.0
Stage2,Scenario18,xij,85,1.0
Stage2,Scenario18,xij,86,1.0
Stage2,Scenario18,xij,87,1.0
Stage2,Scenario18,xij,88,1.0
Stage2,Scenario18,xij,89,1.0
Stage2,Scenario18,xij,9,1.0
Stage2,Scenario18,xij,90,1.0
Stage2,Scenario18,xij,91,1.0
Stage2,Scenario18,xij,92,1.0
Stage2,Scenario18,xij,93,1.0
Stage2,Scenario18,xij,94,1.0
Stage2,Scenario18,xij,95,1.0
Stage2,Scenario18,xij,96,1.0
Stage2,Scenario18,xij,97,1.0
Stage2,Scenario18,xij,98,1.0
Stage2,Scenario18,xij,99,1.0
Stage2,Scenario19,Pij,0,0.04497714957530414
Stage2,Scenario19,Pij,1,-0.2235946198588267
Stage2,Scenario19,Pij,10,2.2619157084745773
Stage2,Scenario19,Pij,100,1.0516175235119394
Stage2,Scenario19,Pij,101,1.301851936079672
Stage2,Scenario19,Pij,102,-3.321198588844561
Stage2,Scenario19,Pij,103,0.0
Stage2,Scenario19,Pij,104,0.24485957238671793
Stage2,Scenario19,Pij,105,0.8163390164578337
Stage2,Scenario19,Pij,106,3.029140427613285
Stage2,Scenario19,Pij,107,-4.798487080378175
Stage2,Scenario19,Pij,108,3.2616210984840337
Stage2,Scenario19,Pij,109,-0.23248067087074809
Stage2,Scenario19,Pij,11,-0.3759157084745772
Stage2,Scenario19,Pij,110,0.0
Stage2,Scenario19,Pij,111,-2.152378901515966
Stage2,Scenario19,Pij,112,-2.3632435401890874
Stage2,Scenario19,Pij,113,-2.3632435401890874
Stage2,Scenario19,Pij,114,-2.0092435401890874
Stage2,Scenario19,Pij,115,-2.0092435401890874
Stage2,Scenario19,Pij,116,-0.20751932912924967
Stage2,Scenario19,Pij,117,0.0
Stage2,Scenario19,Pij,118,5.0
Stage2,Scenario19,Pij,119,0.0
Stage2,Scenario19,Pij,12,-0.0733249736897433
Stage2,Scenario19,Pij,13,0.6252406821643207
Stage2,Scenario19,Pij,14,-0.6438487822139823
Stage2,Scenario19,Pij,15,-1.7406172065930257
Stage2,Scenario19,Pij,16,-2.005267767453369
Stage2,Scenario19,Pij,17,0.0
Stage2,Scenario19,Pij,18,-2.2667723934577655
Stage2,Scenario19,Pij,19,-0.382344156209586
Stage2,Scenario19,Pij,2,0.7786174702835191
Stage2,Scenario19,Pij,20,0.0
Stage2,Scenario19,Pij,21,-1.7406172065930257
Stage2,Scenario19,Pij,22,-1.7807723934577655
Stage2,Scenario19,Pij,23,0.0
Stage2,Scenario19,Pij,24,-2.322344156209586
Stage2,Scenario19,Pij,25,-0.3842534123823696
Stage2,Scenario19,Pij,26,-1.439548561441342
Stage2,Scenario19,Pij,27,-1.439548561441342
Stage2,Scenario19,Pij,28,1.4433505352650513
Stage2,Scenario19,Pij,29,-1.324902877117324
Stage2,Scenario19,Pij,3,0.1441030694765103
Stage2,Scenario19,Pij,30,-1.1316946914746318
Stage2,Scenario19,Pij,31,-0.895410988706483
Stage2,Scenario19,Pij,32,-0.4294918884108409
Stage2,Scenario19,Pij,33,-0.6547054943532414
Stage2,Scenario19,Pij,34,-0.6547054943532414
Stage2,Scenario19,Pij,35,-1.137847345737316
Stage2,Scenario19,Pij,36,-1.137847345737316
Stage2,Scenario19,Pij,37,-1.777847345737316
Stage2,Scenario19,Pij,38,-1.777847345737316
Stage2,Scenario19,Pij,39,-0.22850811158916673
Stage2,Scenario19,Pij,4,0.6108740800987905
Stage2,Scenario19,Pij,40,-2.7070842915254265
Stage2,Scenario19,Pij,41,-0.4593926943374504
Stage2,Scenario19,Pij,42,-0.2106848780340483
Stage2,Scenario19,Pij,43,0.31007757237149536
Stage2,Scenario19,Pij,44,0.17220842131079864
Stage2,Scenario19,Pij,45,0.3183988843517511
Stage2,Scenario19,Pij,46,0.007085351825666685
Stage2,Scenario19,Pij,47,-2.393685938334292
Stage2,Scenario19,Pij,48,-0.5677915786892014
Stage2,Scenario19,Pij,49,-0.3999224276285046
Stage2,Scenario19,Pij,5,0.03475591540622469
Stage2,Scenario19,Pij,50,-1.041601115648249
Stage2,Scenario19,Pij,51,-0.8100000000000023
Stage2,Scenario19,Pij,52,-1.3653780982369663
Stage2,Scenario19,Pij,53,-1.154621901763036
Stage2,Scenario19,Pij,54,-1.5134437675766017
Stage2,Scenario19,Pij,55,-2.1626405575238987
Stage2,Scenario19,Pij,56,-1.9436773069308717
Stage2,Scenario19,Pij,57,-2.602468138108917
Stage2,Scenario19,Pij,58,-2.6773124046913597
Stage2,Scenario19,Pij,59,-0.7798086698161134
Stage2,Scenario19,Pij,6,-1.4433505352650513
Stage2,Scenario19,Pij,60,-1.507135190811358
Stage2,Scenario19,Pij,61,-2.957973504821459
Stage2,Scenario19,Pij,62,-2.466447595502717
Stage2,Scenario19,Pij,63,-2.7198086698161132
Stage2,Scenario19,Pij,64,0.3080387259331872
Stage2,Scenario19,Pij,65,-1.0103623321337396
Stage2,Scenario19,Pij,66,-1.0103623321337396
Stage2,Scenario19,Pij,67,2.393685938334292
Stage2,Scenario19,Pij,68,-0.38619104420709366
Stage2,Scenario19,Pij,69,-1.4755788996758208
Stage2,Scenario19,Pij,7,-0.5958969305234897
Stage2,Scenario19,Pij,70,-1.6556831654086288
Stage2,Scenario19,Pij,71,-1.437592170323891
Stage2,Scenario19,Pij,72,-0.8278415827043144
Stage2,Scenario19,Pij,73,-0.8278415827043144
Stage2,Scenario19,Pij,74,-1.64278944983791
Stage2,Scenario19,Pij,75,-1.64278944983791
Stage2,Scenario19,Pij,76,-2.28278944983791
Stage2,Scenario19,Pij,77,-2.28278944983791
Stage2,Scenario19,Pij,78,-1.562407829676109
Stage2,Scenario19,Pij,79,-0.3796515646679188
Stage2,Scenario19,Pij,8,0.06861747028351914
Stage2,Scenario19,Pij,80,0.03702346489771972
Stage2,Scenario19,Pij,81,-0.1373719002298066
Stage2,Scenario19,Pij,82,-0.0976744230299549
Stage2,Scenario19,Pij,83,0.008022858362032759
Stage2,Scenario19,Pij,84,-0.9466375186444465
Stage2,Scenario19,Pij,85,-0.8163390164578337
Stage2,Scenario19,Pij,86,-0.8376744230299549
Stage2,Scenario19,Pij,87,-0.8473719002298065
Stage2,Scenario19,Pij,88,-1.3519771416379673
Stage2,Scenario19,Pij,89,-0.8100000000000023
Stage2,Scenario19,Pij,9,-0.7491259199012096
Stage2,Scenario19,Pij,90,-0.9463411360167189
Stage2,Scenario19,Pij,91,-0.8336588639833007
Stage2,Scenario19,Pij,92,-1.905666322638898
Stage2,Scenario19,Pij,93,-2.5749867550522083
Stage2,Scenario19,Pij,94,-2.1518980192379953
Stage2,Scenario19,Pij,95,-2.831109886613079
Stage2,Scenario19,Pij,96,-4.824416277956525
Stage2,Scenario19,Pij,97,0.766851936079672
Stage2,Scenario19,Pij,98,-3.6179661985315335
Stage2,Scenario19,Pij,99,-0.8471304431337616
Stage2,Scenario19,bus_gen,0:0,0.0799999999999983
Stage2,Scenario19,bus_gen,0:1,0.0799999999999983
Stage2,Scenario19,bus_gen,0:113,0.0
Stage2,Scenario19,bus_gen,0:117,0.0
Stage2,Scenario19,bus_gen,0:118,0.0
Stage2,Scenario19,bus_gen,0:119,0.0
Stage2,Scenario19,bus_gen,0:2,0.7600000000000001
Stage2,Scenario19,bus_gen,0:3,0.7600000000000001
Stage2,Scenario19,bus_gen,1:112,0.0
Stage2,Scenario19,bus_gen,1:114,0.0
Stage2,Scenario19,bus_gen,1:4,0.0799999999999983
Stage2,Scenario19,bus_gen,1:5,0.0799999999999983
Stage2,Scenario19,bus_gen,1:6,0.7600000000000001
Stage2,Scenario19,bus_gen,1:7,0.7600000000000001
Stage2,Scenario19,bus_gen,12:10,0.55
Stage2,Scenario19,bus_gen,12:109,0.936
Stage2,Scenario19,bus_gen,12:11,0.55
Stage2,Scenario19,bus_gen,12:12,0.55
Stage2,Scenario19,bus_gen,12:9,0.55
Stage2,Scenario19,bus_gen,13:72,0.0
Stage2,Scenario19,bus_gen,14:13,0.049999999999998934
Stage2,Scenario19,bus_gen,14:14,0.049999999999998934
Stage2,Scenario19,bus_gen,14:15,1.2500000000000002
Stage2,Scenario19,bus_gen,15:16,1.2500000000000002
Stage2,Scenario19,bus_gen,17:141,0.093
Stage2,Scenario19,bus_gen,17:142,0.09699999999999999
Stage2,Scenario19,bus_gen,17:143,0.094
Stage2,Scenario19,bus_gen,17:144,0.09100000000000003
Stage2,Scenario19,bus_gen,17:145,0.09100000000000003
Stage2,Scenario19,bus_gen,17:146,0.09699999999999999
Stage2,Scenario19,bus_gen,17:148,0.11800000000000001
Stage2,Scenario19,bus_gen,17:149,0.11199999999999997
Stage2,Scenario19,bus_gen,17:150,0.10300000000000001
Stage2,Scenario19,bus_gen,17:151,0.04499999999999999
Stage2,Scenario19,bus_gen,17:17,1.9750000000000003
Stage2,Scenario19,bus_gen,18:121,0.6659999999999999
Stage2,Scenario19,bus_gen,2:120,0.615
Stage2,Scenario19,bus_gen,20:73,3.9599999999999995
Stage2,Scenario19,bus_gen,21:156,0.0
Stage2,Scenario19,bus_gen,21:74,0.0
Stage2,Scenario19,bus_gen,21:75,0.0
Stage2,Scenario19,bus_gen,21:76,0.1580000000000077
Stage2,Scenario19,bus_gen,21:77,0.0
Stage2,Scenario19,bus_gen,21:78,0.0
Stage2,Scenario19,bus_gen,21:79,0.5
Stage2,Scenario19,bus_gen,22:18,0.9199999999999984
Stage2,Scenario19,bus_gen,22:19,1.7999999999999985
Stage2,Scenario19,bus_gen,22:20,0.55
Stage2,Scenario19,bus_gen,22:21,0.55
Stage2,Scenario19,bus_gen,22:22,0.55
Stage2,Scenario19,bus_gen,24:23,0.0799999999999983
Stage2,Scenario19,bus_gen,24:24,0.0799999999999983
Stage2,Scenario19,bus_gen,24:25,0.56
Stage2,Scenario19,bus_gen,24:80,0.0
Stage2,Scenario19,bus_gen,25:26,0.2
Stage2,Scenario19,bus_gen,25:27,0.2
Stage2,Scenario19,bus_gen,25:28,0.7600000000000001
Stage2,Scenario19,bus_gen,25:29,0.7600000000000001
Stage2,Scenario19,bus_gen,3:115,0.0
Stage2,Scenario19,bus_gen,30:30,0.21999999999999886
Stage2,Scenario19,bus_gen,30:31,0.21999999999999886
Stage2,Scenario19,bus_gen,35:116,0.29999999999999893
Stage2,Scenario19,bus_gen,36:152,0.132
Stage2,Scenario19,bus_gen,36:32,3.136
Stage2,Scenario19,bus_gen,36:33,0.55
Stage2,Scenario19,bus_gen,36:34,0.55
Stage2,Scenario19,bus_gen,37:81,0.0
Stage2,Scenario19,bus_gen,38:111,1.251
Stage2,Scenario19,bus_gen,38:35,0.55
Stage2,Scenario19,bus_gen,38:36,0.55
Stage2,Scenario19,bus_gen,38:82,0.5
Stage2,Scenario19,bus_gen,38:83,0.5
Stage2,Scenario19,bus_gen,38:84,0.5
Stage2,Scenario19,bus_gen,39:37,1.55
Stage2,Scenario19,bus_gen,41:38,3.3300000000000005
Stage2,Scenario19,bus_gen,44:39,2.1139999999999985
Stage2,Scenario19,bus_gen,45:85,0.5
Stage2,Scenario19,bus_gen,45:86,0.5
Stage2,Scenario19,bus_gen,45:87,0.5
Stage2,Scenario19,bus_gen,45:88,0.5
Stage2,Scenario19,bus_gen,45:89,0.5
Stage2,Scenario19,bus_gen,45:90,0.5
Stage2,Scenario19,bus_gen,46:40,0.7699999999999984
Stage2,Scenario19,bus_gen,46:41,0.7699999999999984
Stage2,Scenario19,bus_gen,46:42,1.7999999999999985
Stage2,Scenario19,bus_gen,46:43,0.55
Stage2,Scenario19,bus_gen,46:44,0.55
Stage2,Scenario19,bus_gen,46:45,0.55
Stage2,Scenario19,bus_gen,48:46,0.0799999999999983
Stage2,Scenario19,bus_gen,48:47,0.0799999999999983
Stage2,Scenario19,bus_gen,48:48,0.21999999999999886
Stage2,Scenario19,bus_gen,48:49,0.21999999999999886
Stage2,Scenario19,bus_gen,49:50,0.0799999999999983
Stage2,Scenario19,bus_gen,49:51,0.0799999999999983
Stage2,Scenario19,bus_gen,49:52,0.55
Stage2,Scenario19,bus_gen,49:53,0.55
Stage2,Scenario19,bus_gen,50:155,0.0
Stage2,Scenario19,bus_gen,54:54,0.21999999999999886
Stage2,Scenario19,bus_gen,54:55,0.21999999999999886
Stage2,Scenario19,bus_gen,55:122,0.7399999999999823
Stage2,Scenario19,bus_gen,56:153,0.0
Stage2,Scenario19,bus_gen,57:103,0.0
Stage2,Scenario19,bus_gen,57:106,0.0
Stage2,Scenario19,bus_gen,59:105,0.941
Stage2,Scenario19,bus_gen,6:8,3.136
Stage2,Scenario19,bus_gen,60:102,0.9329999999999998
Stage2,Scenario19,bus_gen,60:123,1.0170000000000001
Stage2,Scenario19,bus_gen,60:124,0.631
Stage2,Scenario19,bus_gen,60:125,0.654
Stage2,Scenario19,bus_gen,60:126,0.6699999999999999
Stage2,Scenario19,bus_gen,60:127,0.648
Stage2,Scenario19,bus_gen,60:128,0.638
Stage2,Scenario19,bus_gen,60:129,0.6409999999999999
Stage2,Scenario19,bus_gen,60:130,0.6659999999999999
Stage2,Scenario19,bus_gen,60:131,0.624
Stage2,Scenario19,bus_gen,60:132,0.669
Stage2,Scenario19,bus_gen,60:133,0.652
Stage2,Scenario19,bus_gen,60:134,0.278
Stage2,Scenario19,bus_gen,60:138,0.272
Stage2,Scenario19,bus_gen,60:157,0.5
Stage2,Scenario19,bus_gen,60:56,1.6999999999999982
Stage2,Scenario19,bus_gen,60:99,0.951
Stage2,Scenario19,bus_gen,61:100,0.927
Stage2,Scenario19,bus_gen,61:101,0.516
Stage2,Scenario19,bus_gen,61:91,0.0
Stage2,Scenario19,bus_gen,61:97,0.516
Stage2,Scenario19,bus_gen,61:98,0.516
Stage2,Scenario19,bus_gen,62:57,0.049999999999998934
Stage2,Scenario19,bus_gen,62:58,0.049999999999998934
Stage2,Scenario19,bus_gen,62:59,0.049999999999998934
Stage2,Scenario19,bus_gen,62:60,0.049999999999998934
Stage2,Scenario19,bus_gen,62:61,0.049999999999998934
Stage2,Scenario19,bus_gen,62:62,0.21999999999999886
Stage2,Scenario19,bus_gen,62:63,0.21999999999999886
Stage2,Scenario19,bus_gen,62:64,0.21999999999999886
Stage2,Scenario19,bus_gen,63:65,1.2500000000000002
Stage2,Scenario19,bus_gen,64:154,0.0
Stage2,Scenario19,bus_gen,65:66,2.916000000000001
Stage2,Scenario19,bus_gen,66:110,1.882
Stage2,Scenario19,bus_gen,67:135,0.2729999999999999
Stage2,Scenario19,bus_gen,67:136,0.27
Stage2,Scenario19,bus_gen,67:137,0.28300000000000003
Stage2,Scenario19,bus_gen,67:139,0.27
Stage2,Scenario19,bus_gen,67:140,0.282
Stage2,Scenario19,bus_gen,67:147,0.094
Stage2,Scenario19,bus_gen,67:96,0.516
Stage2,Scenario19,bus_gen,68:67,1.6999999999999982
Stage2,Scenario19,bus_gen,69:68,0.21999999999999886
Stage2,Scenario19,bus_gen,69:69,0.21999999999999886
Stage2,Scenario19,bus_gen,69:92,0.0
Stage2,Scenario19,bus_gen,69:93,0.0
Stage2,Scenario19,bus_gen,69:94,0.0
Stage2,Scenario19,bus_gen,69:95,0.0
Stage2,Scenario19,bus_gen,70:70,1.9069999999999985
Stage2,Scenario19,bus_gen,70:71,1.9069999999999985
Stage2,Scenario19,bus_gen,71:104,0.0
Stage2,Scenario19,bus_gen,71:107,0.0
Stage2,Scenario19,bus_gen,71:108,0.0
Stage2,Scenario19,cvar,None,27.4536842105263
Stage2,Scenario19,gen_curtailment,0:0,0.0
Stage2,Scenario19,gen_curtailment,0:1,0.0
Stage2,Scenario19,gen_curtailment,0:113,0.0
Stage2,Scenario19,gen_curtailment,0:117,0.0
Stage2,Scenario19,gen_curtailment,0:118,0.0
Stage2,Scenario19,gen_curtailment,0:119,0.0
Stage2,Scenario19,gen_curtailment,0:2,0.0
Stage2,Scenario19,gen_curtailment,0:3,0.0
Stage2,Scenario19,gen_curtailment,1:112,0.0
Stage2,Scenario19,gen_curtailment,1:114,0.0
Stage2,Scenario19,gen_curtailment,1:4,0.0
Stage2,Scenario19,gen_curtailment,1:5,0.0
Stage2,Scenario19,gen_curtailment,1:6,0.0
Stage2,Scenario19,gen_curtailment,1:7,0.0
Stage2,Scenario19,gen_curtailment,12:10,0.0
Stage2,Scenario19,gen_curtailment,12:109,0.0
Stage2,Scenario19,gen_curtailment,12:11,0.0
Stage2,Scenario19,gen_curtailment,12:12,0.0
Stage2,Scenario19,gen_curtailment,12:9,0.0
Stage2,Scenario19,gen_curtailment,13:72,0.0
Stage2,Scenario19,gen_curtailment,14:13,0.0
Stage2,Scenario19,gen_curtailment,14:14,0.0
Stage2,Scenario19,gen_curtailment,14:15,0.0
Stage2,Scenario19,gen_curtailment,15:16,0.0
Stage2,Scenario19,gen_curtailment,17:141,0.0
Stage2,Scenario19,gen_curtailment,17:142,0.0
Stage2,Scenario19,gen_curtailment,17:143,0.0
Stage2,Scenario19,gen_curtailment,17:144,0.0
Stage2,Scenario19,gen_curtailment,17:145,0.0
Stage2,Scenario19,gen_curtailment,17:146,0.0
Stage2,Scenario19,gen_curtailment,17:148,0.0
Stage2,Scenario19,gen_curtailment,17:149,0.0
Stage2,Scenario19,gen_curtailment,17:150,0.0
Stage2,Scenario19,gen_curtailment,17:151,0.0
Stage2,Scenario19,gen_curtailment,17:17,0.0
Stage2,Scenario19,gen_curtailment,18:121,0.0
Stage2,Scenario19,gen_curtailment,2:120,0.0
Stage2,Scenario19,gen_curtailment,20:73,0.0
Stage2,Scenario19,gen_curtailment,21:156,0.0
Stage2,Scenario19,gen_curtailment,21:74,0.0
Stage2,Scenario19,gen_curtailment,21:75,0.0
Stage2,Scenario19,gen_curtailment,21:76,0.0
Stage2,Scenario19,gen_curtailment,21:77,0.0
Stage2,Scenario19,gen_curtailment,21:78,0.0
Stage2,Scenario19,gen_curtailment,21:79,0.0
Stage2,Scenario19,gen_curtailment,22:18,0.0
Stage2,Scenario19,gen_curtailment,22:19,0.0
Stage2,Scenario19,gen_curtailment,22:20,0.0
Stage2,Scenario19,gen_curtailment,22:21,0.0
Stage2,Scenario19,gen_curtailment,22:22,0.0
Stage2,Scenario19,gen_curtailment,24:23,0.0
Stage2,Scenario19,gen_curtailment,24:24,0.0
Stage2,Scenario19,gen_curtailment,24:25,0.0
Stage2,Scenario19,gen_curtailment,24:80,0.0
Stage2,Scenario19,gen_curtailment,25:26,0.0
Stage2,Scenario19,gen_curtailment,25:27,0.0
Stage2,Scenario19,gen_curtailment,25:28,0.0
Stage2,Scenario19,gen_curtailment,25:29,0.0
Stage2,Scenario19,gen_curtailment,3:115,0.0
Stage2,Scenario19,gen_curtailment,30:30,0.0
Stage2,Scenario19,gen_curtailment,30:31,0.0
Stage2,Scenario19,gen_curtailment,35:116,0.0
Stage2,Scenario19,gen_curtailment,36:152,0.0
Stage2,Scenario19,gen_curtailment,36:32,0.0
Stage2,Scenario19,gen_curtailment,36:33,0.0
Stage2,Scenario19,gen_curtailment,36:34,0.0
Stage2,Scenario19,gen_curtailment,37:81,0.0
Stage2,Scenario19,gen_curtailment,38:111,0.0
Stage2,Scenario19,gen_curtailment,38:35,0.0
Stage2,Scenario19,gen_curtailment,38:36,0.0
Stage2,Scenario19,gen_curtailment,38:82,0.0
Stage2,Scenario19,gen_curtailment,38:83,0.0
Stage2,Scenario19,gen_curtailment,38:84,0.0
Stage2,Scenario19,gen_curtailment,39:37,0.0
Stage2,Scenario19,gen_curtailment,41:38,0.0
Stage2,Scenario19,gen_curtailment,44:39,0.0
Stage2,Scenario19,gen_curtailment,45:85,0.0
Stage2,Scenario19,gen_curtailment,45:86,0.0
Stage2,Scenario19,gen_curtailment,45:87,0.0
Stage2,Scenario19,gen_curtailment,45:88,0.0
Stage2,Scenario19,gen_curtailment,45:89,0.0
Stage2,Scenario19,gen_curtailment,45:90,0.0
Stage2,Scenario19,gen_curtailment,46:40,0.0
Stage2,Scenario19,gen_curtailment,46:41,0.0
Stage2,Scenario19,gen_curtailment,46:42,0.0
Stage2,Scenario19,gen_curtailment,46:43,0.0
Stage2,Scenario19,gen_curtailment,46:44,0.0
Stage2,Scenario19,gen_curtailment,46:45,0.0
Stage2,Scenario19,gen_curtailment,48:46,0.0
Stage2,Scenario19,gen_curtailment,48:47,0.0
Stage2,Scenario19,gen_curtailment,48:48,0.0
Stage2,Scenario19,gen_curtailment,48:49,0.0
Stage2,Scenario19,gen_curtailment,49:50,0.0
Stage2,Scenario19,gen_curtailment,49:51,0.0
Stage2,Scenario19,gen_curtailment,49:52,0.0
Stage2,Scenario19,gen_curtailment,49:53,0.0
Stage2,Scenario19,gen_curtailment,50:155,0.0
Stage2,Scenario19,gen_curtailment,54:54,0.0
Stage2,Scenario19,gen_curtailment,54:55,0.0
Stage2,Scenario19,gen_curtailment,55:122,0.0
Stage2,Scenario19,gen_curtailment,56:153,0.0
Stage2,Scenario19,gen_curtailment,57:103,0.0
Stage2,Scenario19,gen_curtailment,57:106,0.0
Stage2,Scenario19,gen_curtailment,59:105,0.0
Stage2,Scenario19,gen_curtailment,6:8,0.0
Stage2,Scenario19,gen_curtailment,60:102,0.0
Stage2,Scenario19,gen_curtailment,60:123,0.0
Stage2,Scenario19,gen_curtailment,60:124,0.0
Stage2,Scenario19,gen_curtailment,60:125,0.0
Stage2,Scenario19,gen_curtailment,60:126,0.0
Stage2,Scenario19,gen_curtailment,60:127,0.0
Stage2,Scenario19,gen_curtailment,60:128,0.0
Stage2,Scenario19,gen_curtailment,60:129,0.0
Stage2,Scenario19,gen_curtailment,60:130,0.0
Stage2,Scenario19,gen_curtailment,60:131,0.0
Stage2,Scenario19,gen_curtailment,60:132,0.0
Stage2,Scenario19,gen_curtailment,60:133,0.0
Stage2,Scenario19,gen_curtailment,60:134,0.0
Stage2,Scenario19,gen_curtailment,60:138,0.0
Stage2,Scenario19,gen_curtailment,60:157,0.0
Stage2,Scenario19,gen_curtailment,60:56,0.0
Stage2,Scenario19,gen_curtailment,60:99,0.0
Stage2,Scenario19,gen_curtailment,61:100,0.0
Stage2,Scenario19,gen_curtailment,61:101,0.0
Stage2,Scenario19,gen_curtailment,61:91,0.0
Stage2,Scenario19,gen_curtailment,61:97,0.0
Stage2,Scenario19,gen_curtailment,61:98,0.0
Stage2,Scenario19,gen_curtailment,62:57,0.0
Stage2,Scenario19,gen_curtailment,62:58,0.0
Stage2,Scenario19,gen_curtailment,62:59,0.0
Stage2,Scenario19,gen_curtailment,62:60,0.0
Stage2,Scenario19,gen_curtailment,62:61,0.0
Stage2,Scenario19,gen_curtailment,62:62,0.0
Stage2,Scenario19,gen_curtailment,62:63,0.0
Stage2,Scenario19,gen_curtailment,62:64,0.0
Stage2,Scenario19,gen_curtailment,63:65,0.0
Stage2,Scenario19,gen_curtailment,64:154,0.0
Stage2,Scenario19,gen_curtailment,65:66,0.0
Stage2,Scenario19,gen_curtailment,66:110,0.0
Stage2,Scenario19,gen_curtailment,67:135,0.0
Stage2,Scenario19,gen_curtailment,67:136,0.0
Stage2,Scenario19,gen_curtailment,67:137,0.0
Stage2,Scenario19,gen_curtailment,67:139,0.0
Stage2,Scenario19,gen_curtailment,67:140,0.0
Stage2,Scenario19,gen_curtailment,67:147,0.0
Stage2,Scenario19,gen_curtailment,67:96,0.0
Stage2,Scenario19,gen_curtailment,68:67,0.0
Stage2,Scenario19,gen_curtailment,69:68,0.0
Stage2,Scenario19,gen_curtailment,69:69,0.0
Stage2,Scenario19,gen_curtailment,69:92,0.0
Stage2,Scenario19,gen_curtailment,69:93,0.0
Stage2,Scenario19,gen_curtailment,69:94,0.0
Stage2,Scenario19,gen_curtailment,69:95,0.0
Stage2,Scenario19,gen_curtailment,70:70,0.0
Stage2,Scenario19,gen_curtailment,70:71,0.0
Stage2,Scenario19,gen_curtailment,71:104,0.0
Stage2,Scenario19,gen_curtailment,71:107,0.0
Stage2,Scenario19,gen_curtailment,71:108,0.0
Stage2,Scenario19,load_shed,0,0.0
Stage2,Scenario19,load_shed,1,0.0
Stage2,Scenario19,load_shed,10,0.0
Stage2,Scenario19,load_shed,11,0.0
Stage2,Scenario19,load_shed,12,0.0
Stage2,Scenario19,load_shed,13,0.0
Stage2,Scenario19,load_shed,14,0.0
Stage2,Scenario19,load_shed,15,0.0
Stage2,Scenario19,load_shed,16,0.0
Stage2,Scenario19,load_shed,17,0.0
Stage2,Scenario19,load_shed,18,0.0
Stage2,Scenario19,load_shed,19,0.0
Stage2,Scenario19,load_shed,2,0.0
Stage2,Scenario19,load_shed,20,0.0
Stage2,Scenario19,load_shed,21,0.0
Stage2,Scenario19,load_shed,22,0.0
Stage2,Scenario19,load_shed,23,0.0
Stage2,Scenario19,load_shed,24,0.0
Stage2,Scenario19,load_shed,25,0.0
Stage2,Scenario19,load_shed,26,0.0
Stage2,Scenario19,load_shed,27,0.0
Stage2,Scenario19,load_shed,28,0.0
Stage2,Scenario19,load_shed,29,0.0
Stage2,Scenario19,load_shed,3,0.0
Stage2,Scenario19,load_shed,30,0.0
Stage2,Scenario19,load_shed,31,0.0
Stage2,Scenario19,load_shed,32,0.0
Stage2,Scenario19,load_shed,33,0.0
Stage2,Scenario19,load_shed,34,0.0
Stage2,Scenario19,load_shed,35,0.0
Stage2,Scenario19,load_shed,36,0.0
Stage2,Scenario19,load_shed,37,0.0
Stage2,Scenario19,load_shed,38,0.0
Stage2,Scenario19,load_shed,39,0.0
Stage2,Scenario19,load_shed,4,0.0
Stage2,Scenario19,load_shed,40,0.0
Stage2,Scenario19,load_shed,41,0.0
Stage2,Scenario19,load_shed,42,0.0
Stage2,Scenario19,load_shed,43,0.0
Stage2,Scenario19,load_shed,44,0.0
Stage2,Scenario19,load_shed,45,0.0
Stage2,Scenario19,load_shed,46,0.0
Stage2,Scenario19,load_shed,47,0.0
Stage2,Scenario19,load_shed,48,0.0
Stage2,Scenario19,load_shed,49,0.0
Stage2,Scenario19,load_shed,5,0.0
Stage2,Scenario19,load_shed,50,0.0
Stage2,Scenario19,load_shed,51,0.0
Stage2,Scenario19,load_shed,52,0.0
Stage2,Scenario19,load_shed,53,0.0
Stage2,Scenario19,load_shed,54,0.0
Stage2,Scenario19,load_shed,55,0.0
Stage2,Scenario19,load_shed,56,0.0
Stage2,Scenario19,load_shed,57,0.0
Stage2,Scenario19,load_shed,58,0.0
Stage2,Scenario19,load_shed,59,0.0
Stage2,Scenario19,load_shed,6,0.0
Stage2,Scenario19,load_shed,60,0.0
Stage2,Scenario19,load_shed,61,0.0
Stage2,Scenario19,load_shed,62,0.0
Stage2,Scenario19,load_shed,63,0.0
Stage2,Scenario19,load_shed,64,0.0
Stage2,Scenario19,load_shed,65,0.0
Stage2,Scenario19,load_shed,66,0.0
Stage2,Scenario19,load_shed,67,0.0
Stage2,Scenario19,load_shed,68,0.0
Stage2,Scenario19,load_shed,69,0.0
Stage2,Scenario19,load_shed,7,0.0
Stage2,Scenario19,load_shed,70,0.0
Stage2,Scenario19,load_shed,71,0.0
Stage2,Scenario19,load_shed,72,0.0
Stage2,Scenario19,load_shed,8,0.0
Stage2,Scenario19,load_shed,9,0.0
Stage2,Scenario19,load_shed_value,None,0.0
Stage2,Scenario19,nu,None,0.0
Stage2,Scenario19,theta,0,-0.2075533823799984
Stage2,Scenario19,theta,1,-0.20818306247405266
Stage2,Scenario19,theta,10,-0.10880507488597274
Stage2,Scenario19,theta,11,-0.013912670808697902
Stage2,Scenario19,theta,12,0.0
Stage2,Scenario19,theta,13,-0.09274662032517013
Stage2,Scenario19,theta,14,0.03773937688069518
Stage2,Scenario19,theta,15,0.04427168489119546
Stage2,Scenario19,theta,16,0.07871915969624589
Stage2,Scenario19,theta,17,0.09125491353813665
Stage2,Scenario19,theta,18,0.07030066279511199
Stage2,Scenario19,theta,19,0.11581455662460464
Stage2,Scenario19,theta,2,-0.16037491758978578
Stage2,Scenario19,theta,20,0.10827725639132094
Stage2,Scenario19,theta,21,0.12381580797938418
Stage2,Scenario19,theta,22,0.1549271982308256
Stage2,Scenario19,theta,23,-0.03731485095308748
Stage2,Scenario19,theta,24,-0.02256471416576215
Stage2,Scenario19,theta,25,-0.016133216445037846
Stage2,Scenario19,theta,26,0.021889795099422016
Stage2,Scenario19,theta,27,-0.03800368595150927
Stage2,Scenario19,theta,28,-0.048921307817339256
Stage2,Scenario19,theta,29,-0.07726580224057406
Stage2,Scenario19,theta,3,-0.22648415229756946
Stage2,Scenario19,theta,30,-0.25365074797693193
Stage2,Scenario19,theta,31,-0.20424074797693179
Stage2,Scenario19,theta,32,0.02104663823216768
Stage2,Scenario19,theta,33,-0.01372813418603086
Stage2,Scenario19,theta,34,0.15198979300289528
Stage2,Scenario19,theta,35,0.20815829926913543
Stage2,Scenario19,theta,36,0.28050078842808057
Stage2,Scenario19,theta,37,0.18474175713517205
Stage2,Scenario19,theta,38,0.3504471269951869
Stage2,Scenario19,theta,39,0.34521046865432276
Stage2,Scenario19,theta,4,-0.27373586735409755
Stage2,Scenario19,theta,40,0.35525143580370716
Stage2,Scenario19,theta,41,0.378431000119428
Stage2,Scenario19,theta,42,0.37914878334686664
Stage2,Scenario19,theta,43,0.44486036134038304
Stage2,Scenario19,theta,44,0.39995488126974016
Stage2,Scenario19,theta,45,0.5061986136877157
Stage2,Scenario19,theta,46,0.49508172923681704
Stage2,Scenario19,theta,47,0.22597545820180376
Stage2,Scenario19,theta,48,0.9788029574175975
Stage2,Scenario19,theta,49,0.9841180793229486
Stage2,Scenario19,theta,5,-0.3254708858530204
Stage2,Scenario19,theta,50,0.9709910063241791
Stage2,Scenario19,theta,51,0.9965227310477529
Stage2,Scenario19,theta,52,0.9904795689371312
Stage2,Scenario19,theta,53,0.9825776905174382
Stage2,Scenario19,theta,54,0.8780845836001094
Stage2,Scenario19,theta,55,0.9274945836001096
Stage2,Scenario19,theta,56,1.0836408710428682
Stage2,Scenario19,theta,57,1.0650482961573542
Stage2,Scenario19,theta,58,1.2485191212775857
Stage2,Scenario19,theta,59,1.3064287250899853
Stage2,Scenario19,theta,6,-0.038632633964984925
Stage2,Scenario19,theta,60,1.4800911026194987
Stage2,Scenario19,theta,61,1.2163113399622394
Stage2,Scenario19,theta,62,1.0830416997231813
Stage2,Scenario19,theta,63,1.1395020757335388
Stage2,Scenario19,theta,64,1.0607444246155933
Stage2,Scenario19,theta,65,1.015081729236817
Stage2,Scenario19,theta,66,1.249867278582237
Stage2,Scenario19,theta,67,1.3443970201898003
Stage2,Scenario19,theta,68,1.0710435806762322
Stage2,Scenario19,theta,69,1.0851548950570218
Stage2,Scenario19,theta,7,-0.17660949218193417
Stage2,Scenario19,theta,70,1.38860037807396
Stage2,Scenario19,theta,71,1.040592070867374
Stage2,Scenario19,theta,72,1.38860037807396
Stage2,Scenario19,theta,8,-0.16451087152312652
Stage2,Scenario19,theta,9,-0.279774204739047
Stage2,Scenario19,xij,0,1.0
Stage2,Scenario19,xij,1,1.0
Stage2,Scenario19,xij,10,1.0
Stage2,Scenario19,xij,100,1.0
Stage2,Scenario19,xij,101,1.0
Stage2,Scenario19,xij,102,1.0
Stage2,Scenario19,xij,103,0.0
Stage2,Scenario19,xij,104,1.0
Stage2,Scenario19,xij,105,1.0
Stage2,Scenario19,xij,106,1.0
Stage2,Scenario19,xij,107,1.0
Stage2,Scenario19,xij,108,1.0
Stage2,Scenario19,xij,109,1.0
Stage2,Scenario19,xij,11,1.0
Stage2,Scenario19,xij,110,0.0
Stage2,Scenario19,xij,111,1.0
Stage2,Scenario19,xij,112,1.0
Stage2,Scenario19,xij,113,1.0
Stage2,Scenario19,xij,114,1.0
Stage2,Scenario19,xij,115,1.0
Stage2,Scenario19,xij,116,1.0
Stage2,Scenario19,xij,117,0.0
Stage2,Scenario19,xij,118,1.0
Stage2,Scenario19,xij,119,1.0
Stage2,Scenario19,xij,12,1.0
Stage2,Scenario19,xij,13,1.0
Stage2,Scenario19,xij,14,1.0
Stage2,Scenario19,xij,15,1.0
Stage2,Scenario19,xij,16,1.0
Stage2,Scenario19,xij,17,0.0
Stage2,Scenario19,xij,18,1.0
Stage2,Scenario19,xij,19,1.0
Stage2,Scenario19,xij,2,1.0
Stage2,Scenario19,xij,20,0.0
Stage2,Scenario19,xij,21,1.0
Stage2,Scenario19,xij,22,1.0
Stage2,Scenario19,xij,23,0.0
Stage2,Scenario19,xij,24,1.0
Stage2,Scenario19,xij,25,1.0
Stage2,Scenario19,xij,26,1.0
Stage2,Scenario19,xij,27,1.0
Stage2,Scenario19,xij,28,1.0
Stage2,Scenario19,xij,29,1.0
Stage2,Scenario19,xij,3,1.0
Stage2,Scenario19,xij,30,1.0
Stage2,Scenario19,xij,31,1.0
Stage2,Scenario19,xij,32,1.0
Stage2,Scenario19,xij,33,1.0
Stage2,Scenario19,xij,34,1.0
Stage2,Scenario19,xij,35,1.0
Stage2,Scenario19,xij,36,1.0
Stage2,Scenario19,xij,37,1.0
Stage2,Scenario19,xij,38,1.0
Stage2,Scenario19,xij,39,1.0
Stage2,Scenario19,xij,4,1.0
Stage2,Scenario19,xij,40,1.0
Stage2,Scenario19,xij,41,1.0
Stage2,Scenario19,xij,42,1.0
Stage2,Scenario19,xij,43,1.0
Stage2,Scenario19,xij,44,1.0
Stage2,Scenario19,xij,45,1.0
Stage2,Scenario19,xij,46,1.0
Stage2,Scenario19,xij,47,1.0
Stage2,Scenario19,xij,48,1.0
Stage2,Scenario19,xij,49,1.0
Stage2,Scenario19,xij,5,1.0
Stage2,Scenario19,xij,50,1.0
Stage2,Scenario19,xij,51,1.0
Stage2,Scenario19,xij,52,1.0
Stage2,Scenario19,xij,53,1.0
Stage2,Scenario19,xij,54,1.0
Stage2,Scenario19,xij,55,1.0
Stage2,Scenario19,xij,56,1.0
Stage2,Scenario19,xij,57,1.0
Stage2,Scenario19,xij,58,1.0
Stage2,Scenario19,xij,59,1.0
Stage2,Scenario19,xij,6,1.0
Stage2,Scenario19,xij,60,1.0
Stage2,Scenario19,xij,61,1.0
Stage2,Scenario19,xij,62,1.0
Stage2,Scenario19,xij,63,1.0
Stage2,Scenario19,xij,64,1.0
Stage2,Scenario19,xij,65,1.0
Stage2,Scenario19,xij,66,1.0
Stage2,Scenario19,xij,67,1.0
Stage2,Scenario19,xij,68,1.0
Stage2,Scenario19,xij,69,1.0
Stage2,Scenario19,xij,7,1.0
Stage2,Scenario19,xij,70,1.0
Stage2,Scenario19,xij,71,1.0
Stage2,Scenario19,xij,72,1.0
Stage2,Scenario19,xij,73,1.0
Stage2,Scenario19,xij,74,1.0
Stage2,Scenario19,xij,75,1.0
Stage2,Scenario19,xij,76,1.0
Stage2,Scenario19,xij,77,1.0
Stage2,Scenario19,xij,78,1.0
Stage2,Scenario19,xij,79,1.0
Stage2,Scenario19,xij,8,1.0
Stage2,Scenario19,xij,80,1.0
Stage2,Scenario19,xij,81,1.0
Stage2,Scenario19,xij,82,1.0
Stage2,Scenario19,xij,83,1.0
Stage2,Scenario19,xij,84,1.0
Stage2,Scenario19,xij,85,1.0
Stage2,Scenario19,xij,86,1.0
Stage2,Scenario19,xij,87,1.0
Stage2,Scenario19,xij,88,1.0
Stage2,Scenario19,xij,89,1.0
Stage2,Scenario19,xij,9,1.0
Stage2,Scenario19,xij,90,1.0
Stage2,Scenario19,xij,91,1.0
Stage2,Scenario19,xij,92,1.0
Stage2,Scenario19,xij,93,1.0
Stage2,Scenario19,xij,94,1.0
Stage2,Scenario19,xij,95,1.0
Stage2,Scenario19,xij,96,1.0
Stage2,Scenario19,xij,97,1.0
Stage2,Scenario19,xij,98,1.0
Stage2,Scenario19,xij,99,1.0
Stage2,Scenario2,Pij,0,0.14661466309253895
Stage2,Scenario2,Pij,1,-0.4084418738516794
Stage2,Scenario2,Pij,10,0.31372575162518057
Stage2,Scenario2,Pij,100,1.164031101467635
Stage2,Scenario2,Pij,101,-1.2547054394961021
Stage2,Scenario2,Pij,102,-4.409270913315604
Stage2,Scenario2,Pij,103,0.37793202275055054
Stage2,Scenario2,Pij,104,0.37793202275055054
Stage2,Scenario2,Pij,105,1.3934068678143678
Stage2,Scenario2,Pij,106,-5.0
Stage2,Scenario2,Pij,107,-0.41397635281170575
Stage2,Scenario2,Pij,108,0.0
Stage2,Scenario2,Pij,109,1.1188223967696094
Stage2,Scenario2,Pij,11,1.5722742483748193
Stage2,Scenario2,Pij,110,-2.0073432211353532
Stage2,Scenario2,Pij,111,-2.0073432211353532
Stage2,Scenario2,Pij,112,-1.1119881764058528
Stage2,Scenario2,Pij,113,-1.1119881764058528
Stage2,Scenario2,Pij,114,-0.7579881764058529
Stage2,Scenario2,Pij,115,-0.7579881764058529
Stage2,Scenario2,Pij,116,-1.558822396769607
Stage2,Scenario2,Pij,117,2.2091359544987497
Stage2,Scenario2,Pij,118,3.6006864422707068
Stage2,Scenario2,Pij,119,2.2091359544987497
Stage2,Scenario2,Pij,12,-0.8458557527543277
Stage2,Scenario2,Pij,13,-0.5504184956204918
Stage2,Scenario2,Pij,14,-1.2390895927990166
Stage2,Scenario2,Pij,15,-1.2998559283470597
Stage2,Scenario2,Pij,16,-1.8291482406292974
Stage2,Scenario2,Pij,17,-1.8908126008406119
Stage2,Scenario2,Pij,18,-1.3720156756741737
Stage2,Scenario2,Pij,19,-1.6962221577541325
Stage2,Scenario2,Pij,2,0.4618272107591371
Stage2,Scenario2,Pij,20,-1.2624843558488263
Stage2,Scenario2,Pij,21,-1.928184173338847
Stage2,Scenario2,Pij,22,-1.4532714452083282
Stage2,Scenario2,Pij,23,-0.6952285863146701
Stage2,Scenario2,Pij,24,-3.6362221577541325
Stage2,Scenario2,Pij,25,1.6625389361218936
Stage2,Scenario2,Pij,26,-3.0759534109403677
Stage2,Scenario2,Pij,27,-3.0759534109403677
Stage2,Scenario2,Pij,28,2.6693678857588403
Stage2,Scenario2,Pij,29,-4.372406735848584
Stage2,Scenario2,Pij,3,0.06798421970109203
Stage2,Scenario2,Pij,30,2.6487235142163446
Stage2,Scenario2,Pij,31,-1.7661964414106295
Stage2,Scenario2,Pij,32,-2.606210294437954
Stage2,Scenario2,Pij,33,-1.5605982207053146
Stage2,Scenario2,Pij,34,-1.5605982207053146
Stage2,Scenario2,Pij,35,0.7523617571081721
Stage2,Scenario2,Pij,36,0.7523617571081721
Stage2,Scenario2,Pij,37,0.11236175710817209
Stage2,Scenario2,Pij,38,0.11236175710817209
Stage2,Scenario2,Pij,39,-3.0639673087926145
Stage2,Scenario2,Pij,4,0.3886304433914436
Stage2,Scenario2,Pij,40,0.5132678956691648
Stage2,Scenario2,Pij,41,-0.21797496440949343
Stage2,Scenario2,Pij,42,-0.17847895564451285
Stage2,Scenario2,Pij,43,0.03645392005400283
Stage2,Scenario2,Pij,44,-0.02591242555999229
Stage2,Scenario2,Pij,45,0.11793746115049576
Stage2,Scenario2,Pij,46,-0.40620470726969343
Stage2,Scenario2,Pij,47,0.0
Stage2,Scenario2,Pij,48,-0.7659124255599923
Stage2,Scenario2,Pij,49,-0.6735460799459971
Stage2,Scenario2,Pij,5,0.4609260119071608
Stage2,Scenario2,Pij,50,-1.2420625388495043
Stage2,Scenario2,Pij,51,-0.8100000000000024
Stage2,Scenario2,Pij,52,-1.3503755999255578
Stage2,Scenario2,Pij,53,-1.1696244000744447
Stage2,Scenario2,Pij,54,-2.3724681713440905
Stage2,Scenario2,Pij,55,-1.9000245614111537
Stage2,Scenario2,Pij,56,-2.7573292770364115
Stage2,Scenario2,Pij,57,-2.277903741833532
Stage2,Scenario2,Pij,58,-3.1654016613580525
Stage2,Scenario2,Pij,59,-1.9643957870224495
Stage2,Scenario2,Pij,6,-2.6693678857588403
Stage2,Scenario2,Pij,60,0.0
Stage2,Scenario2,Pij,61,-3.8779283032446874
Stage2,Scenario2,Pij,62,-2.1074016613580544
Stage2,Scenario2,Pij,63,-3.9043957870224495
Stage2,Scenario2,Pij,64,1.9001017340281563
Stage2,Scenario2,Pij,65,-1.2871651601714142
Stage2,Scenario2,Pij,66,-1.2871651601714142
Stage2,Scenario2,Pij,67,0.0
Stage2,Scenario2,Pij,68,-2.6389375753263358
Stage2,Scenario2,Pij,69,0.8846435223320401
Stage2,Scenario2,Pij,7,-0.40401578029890794
Stage2,Scenario2,Pij,70,-0.7917942729034528
Stage2,Scenario2,Pij,71,-1.3338754067537177
Stage2,Scenario2,Pij,72,-0.6028971364517263
Stage2,Scenario2,Pij,73,-0.6028971364517263
Stage2,Scenario2,Pij,74,-0.46267823883397996
Stage2,Scenario2,Pij,75,-0.46267823883397996
Stage2,Scenario2,Pij,76,-1.10267823883398
Stage2,Scenario2,Pij,77,-1.10267823883398
Stage2,Scenario2,Pij,78,-1.666124593246282
Stage2,Scenario2,Pij,79,0.007853437328461362
Stage2,Scenario2,Pij,8,-0.2481727892408629
Stage2,Scenario2,Pij,80,-0.3119004370667652
Stage2,Scenario2,Pij,81,-0.1759530002617019
Stage2,Scenario2,Pij,82,-0.32234491378667185
Stage2,Scenario2,Pij,83,-0.0398016488848727
Stage2,Scenario2,Pij,84,-0.718493569252397
Stage2,Scenario2,Pij,85,-1.3934068678143678
Stage2,Scenario2,Pij,86,-1.0623449137866718
Stage2,Scenario2,Pij,87,-0.8859530002617019
Stage2,Scenario2,Pij,88,-1.399801648884873
Stage2,Scenario2,Pij,89,-0.8100000000000024
Stage2,Scenario2,Pij,9,-0.9713695566085565
Stage2,Scenario2,Pij,90,0.0
Stage2,Scenario2,Pij,91,-1.75
Stage2,Scenario2,Pij,92,-1.5657726314427205
Stage2,Scenario2,Pij,93,-1.9650658515963488
Stage2,Scenario2,Pij,94,-2.2737802719830227
Stage2,Scenario2,Pij,95,-2.6789743771635512
Stage2,Scenario2,Pij,96,-4.524847463929638
Stage2,Scenario2,Pij,97,0.6852945605038977
Stage2,Scenario2,Pij,98,-3.805121434602725
Stage2,Scenario2,Pij,99,-0.8389187941571761
Stage2,Scenario2,bus_gen,0:0,0.07999999999999828
Stage2,Scenario2,bus_gen,0:1,0.07999999999999828
Stage2,Scenario2,bus_gen,0:113,0.0
Stage2,Scenario2,bus_gen,0:117,0.0
Stage2,Scenario2,bus_gen,0:118,0.0
Stage2,Scenario2,bus_gen,0:119,0.0
Stage2,Scenario2,bus_gen,0:2,0.56
Stage2,Scenario2,bus_gen,0:3,0.56
Stage2,Scenario2,bus_gen,1:112,0.0
Stage2,Scenario2,bus_gen,1:114,0.0
Stage2,Scenario2,bus_gen,1:4,0.07999999999999828
Stage2,Scenario2,bus_gen,1:5,0.07999999999999828
Stage2,Scenario2,bus_gen,1:6,0.56
Stage2,Scenario2,bus_gen,1:7,0.56
Stage2,Scenario2,bus_gen,12:10,0.55
Stage2,Scenario2,bus_gen,12:109,0.9359999999999999
Stage2,Scenario2,bus_gen,12:11,0.55
Stage2,Scenario2,bus_gen,12:12,0.55
Stage2,Scenario2,bus_gen,12:9,0.55
Stage2,Scenario2,bus_gen,13:72,0.0
Stage2,Scenario2,bus_gen,14:13,0.049999999999998934
Stage2,Scenario2,bus_gen,14:14,0.049999999999998934
Stage2,Scenario2,bus_gen,14:15,1.2500000000000002
Stage2,Scenario2,bus_gen,15:16,1.2500000000000002
Stage2,Scenario2,bus_gen,17:141,0.0
Stage2,Scenario2,bus_gen,17:142,0.0
Stage2,Scenario2,bus_gen,17:143,0.0
Stage2,Scenario2,bus_gen,17:144,0.0
Stage2,Scenario2,bus_gen,17:145,0.0
Stage2,Scenario2,bus_gen,17:146,0.0
Stage2,Scenario2,bus_gen,17:148,0.0
Stage2,Scenario2,bus_gen,17:149,0.0
Stage2,Scenario2,bus_gen,17:150,0.0
Stage2,Scenario2,bus_gen,17:151,0.0
Stage2,Scenario2,bus_gen,17:17,1.9750000000000003
Stage2,Scenario2,bus_gen,18:121,0.6659999999999999
Stage2,Scenario2,bus_gen,2:120,0.0
Stage2,Scenario2,bus_gen,20:73,4.0
Stage2,Scenario2,bus_gen,21:156,5.670177603230568
Stage2,Scenario2,bus_gen,21:74,0.0
Stage2,Scenario2,bus_gen,21:75,0.0
Stage2,Scenario2,bus_gen,21:76,0.0
Stage2,Scenario2,bus_gen,21:77,0.0
Stage2,Scenario2,bus_gen,21:78,0.0
Stage2,Scenario2,bus_gen,21:79,0.0
Stage2,Scenario2,bus_gen,22:18,0.6199999999999983
Stage2,Scenario2,bus_gen,22:19,1.3999999999999986
Stage2,Scenario2,bus_gen,22:20,0.55
Stage2,Scenario2,bus_gen,22:21,0.55
Stage2,Scenario2,bus_gen,22:22,0.55
Stage2,Scenario2,bus_gen,24:23,0.07999999999999828
Stage2,Scenario2,bus_gen,24:24,0.07999999999999828
Stage2,Scenario2,bus_gen,24:25,0.56
Stage2,Scenario2,bus_gen,24:80,0.0
Stage2,Scenario2,bus_gen,25:26,0.07999999999999828
Stage2,Scenario2,bus_gen,25:27,0.07999999999999828
Stage2,Scenario2,bus_gen,25:28,0.56
Stage2,Scenario2,bus_gen,25:29,0.56
Stage2,Scenario2,bus_gen,3:115,0.268
Stage2,Scenario2,bus_gen,30:30,0.21999999999999884
Stage2,Scenario2,bus_gen,30:31,0.21999999999999884
Stage2,Scenario2,bus_gen,35:116,0.29999999999999893
Stage2,Scenario2,bus_gen,36:152,0.132
Stage2,Scenario2,bus_gen,36:32,3.136
Stage2,Scenario2,bus_gen,36:33,0.21999999999999884
Stage2,Scenario2,bus_gen,36:34,0.21999999999999884
Stage2,Scenario2,bus_gen,37:81,0.0
Stage2,Scenario2,bus_gen,38:111,1.251
Stage2,Scenario2,bus_gen,38:35,0.2199999999999989
Stage2,Scenario2,bus_gen,38:36,0.2199999999999989
Stage2,Scenario2,bus_gen,38:82,0.5
Stage2,Scenario2,bus_gen,38:83,0.5
Stage2,Scenario2,bus_gen,38:84,0.5
Stage2,Scenario2,bus_gen,39:37,1.2500000000000002
Stage2,Scenario2,bus_gen,41:38,2.916000000000001
Stage2,Scenario2,bus_gen,44:39,2.1139999999999985
Stage2,Scenario2,bus_gen,45:85,0.5
Stage2,Scenario2,bus_gen,45:86,0.5
Stage2,Scenario2,bus_gen,45:87,0.5
Stage2,Scenario2,bus_gen,45:88,0.5
Stage2,Scenario2,bus_gen,45:89,0.5
Stage2,Scenario2,bus_gen,45:90,0.5
Stage2,Scenario2,bus_gen,46:40,0.7699999999999984
Stage2,Scenario2,bus_gen,46:41,0.7699999999999984
Stage2,Scenario2,bus_gen,46:42,1.3999999999999986
Stage2,Scenario2,bus_gen,46:43,0.55
Stage2,Scenario2,bus_gen,46:44,0.55
Stage2,Scenario2,bus_gen,46:45,0.55
Stage2,Scenario2,bus_gen,48:46,0.07999999999999828
Stage2,Scenario2,bus_gen,48:47,0.07999999999999828
Stage2,Scenario2,bus_gen,48:48,0.21999999999999884
Stage2,Scenario2,bus_gen,48:49,0.21999999999999884
Stage2,Scenario2,bus_gen,49:50,0.07999999999999828
Stage2,Scenario2,bus_gen,49:51,0.07999999999999828
Stage2,Scenario2,bus_gen,49:52,0.21999999999999884
Stage2,Scenario2,bus_gen,49:53,0.21999999999999884
Stage2,Scenario2,bus_gen,50:155,0.0
Stage2,Scenario2,bus_gen,54:54,0.21999999999999884
Stage2,Scenario2,bus_gen,54:55,0.21999999999999884
Stage2,Scenario2,bus_gen,55:122,0.7700000000000023
Stage2,Scenario2,bus_gen,56:153,0.0
Stage2,Scenario2,bus_gen,57:103,0.5169999999999999
Stage2,Scenario2,bus_gen,57:106,0.516
Stage2,Scenario2,bus_gen,59:105,0.0
Stage2,Scenario2,bus_gen,6:8,3.136
Stage2,Scenario2,bus_gen,60:102,0.9329999999999999
Stage2,Scenario2,bus_gen,60:123,1.0170000000000001
Stage2,Scenario2,bus_gen,60:124,0.631
Stage2,Scenario2,bus_gen,60:125,0.6539999999999997
Stage2,Scenario2,bus_gen,60:126,0.67
Stage2,Scenario2,bus_gen,60:127,0.6480000000000001
Stage2,Scenario2,bus_gen,60:128,0.638
Stage2,Scenario2,bus_gen,60:129,0.6409999999999999
Stage2,Scenario2,bus_gen,60:130,0.6659999999999999
Stage2,Scenario2,bus_gen,60:131,0.624
Stage2,Scenario2,bus_gen,60:132,0.669
Stage2,Scenario2,bus_gen,60:133,0.652
Stage2,Scenario2,bus_gen,60:134,0.278
Stage2,Scenario2,bus_gen,60:138,0.272
Stage2,Scenario2,bus_gen,60:157,0.5
Stage2,Scenario2,bus_gen,60:56,1.6999999999999984
Stage2,Scenario2,bus_gen,60:99,0.9509999999999998
Stage2,Scenario2,bus_gen,61:100,0.0
Stage2,Scenario2,bus_gen,61:101,0.0
Stage2,Scenario2,bus_gen,61:91,0.0
Stage2,Scenario2,bus_gen,61:97,0.0
Stage2,Scenario2,bus_gen,61:98,0.0
Stage2,Scenario2,bus_gen,62:57,0.049999999999998934
Stage2,Scenario2,bus_gen,62:58,0.049999999999998934
Stage2,Scenario2,bus_gen,62:59,0.049999999999998934
Stage2,Scenario2,bus_gen,62:60,0.049999999999998934
Stage2,Scenario2,bus_gen,62:61,0.049999999999998934
Stage2,Scenario2,bus_gen,62:62,0.21999999999999884
Stage2,Scenario2,bus_gen,62:63,0.21999999999999884
Stage2,Scenario2,bus_gen,62:64,0.21999999999999884
Stage2,Scenario2,bus_gen,63:65,1.2500000000000002
Stage2,Scenario2,bus_gen,64:154,6.118822396769609
Stage2,Scenario2,bus_gen,65:66,2.916000000000001
Stage2,Scenario2,bus_gen,66:110,0.0
Stage2,Scenario2,bus_gen,67:135,0.273
Stage2,Scenario2,bus_gen,67:136,0.27
Stage2,Scenario2,bus_gen,67:137,0.28300000000000003
Stage2,Scenario2,bus_gen,67:139,0.27
Stage2,Scenario2,bus_gen,67:140,0.282
Stage2,Scenario2,bus_gen,67:147,0.09399999999999999
Stage2,Scenario2,bus_gen,67:96,0.516
Stage2,Scenario2,bus_gen,68:67,1.6999999999999984
Stage2,Scenario2,bus_gen,69:68,0.21999999999999884
Stage2,Scenario2,bus_gen,69:69,0.21999999999999884
Stage2,Scenario2,bus_gen,69:92,0.0
Stage2,Scenario2,bus_gen,69:93,0.0
Stage2,Scenario2,bus_gen,69:94,0.0
Stage2,Scenario2,bus_gen,69:95,0.0
Stage2,Scenario2,bus_gen,70:70,1.6999999999999984
Stage2,Scenario2,bus_gen,70:71,1.6999999999999984
Stage2,Scenario2,bus_gen,71:104,0.0
Stage2,Scenario2,bus_gen,71:107,0.0
Stage2,Scenario2,bus_gen,71:108,0.0
Stage2,Scenario2,cvar,None,27.4536842105263
Stage2,Scenario2,gen_curtailment,0:0,0.0
Stage2,Scenario2,gen_curtailment,0:1,0.0
Stage2,Scenario2,gen_curtailment,0:113,0.0
Stage2,Scenario2,gen_curtailment,0:117,0.0
Stage2,Scenario2,gen_curtailment,0:118,0.0
Stage2,Scenario2,gen_curtailment,0:119,0.0
Stage2,Scenario2,gen_curtailment,0:2,0.0
Stage2,Scenario2,gen_curtailment,0:3,0.0
Stage2,Scenario2,gen_curtailment,1:112,0.0
Stage2,Scenario2,gen_curtailment,1:114,0.0
Stage2,Scenario2,gen_curtailment,1:4,0.0
Stage2,Scenario2,gen_curtailment,1:5,0.0
Stage2,Scenario2,gen_curtailment,1:6,0.0
Stage2,Scenario2,gen_curtailment,1:7,0.0
Stage2,Scenario2,gen_curtailment,12:10,0.0
Stage2,Scenario2,gen_curtailment,12:109,0.0
Stage2,Scenario2,gen_curtailment,12:11,0.0
Stage2,Scenario2,gen_curtailment,12:12,0.0
Stage2,Scenario2,gen_curtailment,12:9,0.0
Stage2,Scenario2,gen_curtailment,13:72,0.0
Stage2,Scenario2,gen_curtailment,14:13,0.0
Stage2,Scenario2,gen_curtailment,14:14,0.0
Stage2,Scenario2,gen_curtailment,14:15,0.0
Stage2,Scenario2,gen_curtailment,15:16,0.0
Stage2,Scenario2,gen_curtailment,17:141,0.0
Stage2,Scenario2,gen_curtailment,17:142,0.0
Stage2,Scenario2,gen_curtailment,17:143,0.0
Stage2,Scenario2,gen_curtailment,17:144,0.0
Stage2,Scenario2,gen_curtailment,17:145,0.0
Stage2,Scenario2,gen_curtailment,17:146,0.0
Stage2,Scenario2,gen_curtailment,17:148,0.0
Stage2,Scenario2,gen_curtailment,17:149,0.0
Stage2,Scenario2,gen_curtailment,17:150,0.0
Stage2,Scenario2,gen_curtailment,17:151,0.0
Stage2,Scenario2,gen_curtailment,17:17,0.0
Stage2,Scenario2,gen_curtailment,18:121,0.0
Stage2,Scenario2,gen_curtailment,2:120,0.0
Stage2,Scenario2,gen_curtailment,20:73,0.0
Stage2,Scenario2,gen_curtailment,21:156,0.0
Stage2,Scenario2,gen_curtailment,21:74,0.0
Stage2,Scenario2,gen_curtailment,21:75,0.0
Stage2,Scenario2,gen_curtailment,21:76,0.0
Stage2,Scenario2,gen_curtailment,21:77,0.0
Stage2,Scenario2,gen_curtailment,21:78,0.0
Stage2,Scenario2,gen_curtailment,21:79,0.0
Stage2,Scenario2,gen_curtailment,22:18,0.0
Stage2,Scenario2,gen_curtailment,22:19,0.0
Stage2,Scenario2,gen_curtailment,22:20,0.0
Stage2,Scenario2,gen_curtailment,22:21,0.0
Stage2,Scenario2,gen_curtailment,22:22,0.0
Stage2,Scenario2,gen_curtailment,24:23,0.0
Stage2,Scenario2,gen_curtailment,24:24,0.0
Stage2,Scenario2,gen_curtailment,24:25,0.0
Stage2,Scenario2,gen_curtailment,24:80,0.0
Stage2,Scenario2,gen_curtailment,25:26,0.0
Stage2,Scenario2,gen_curtailment,25:27,0.0
Stage2,Scenario2,gen_curtailment,25:28,0.0
Stage2,Scenario2,gen_curtailment,25:29,0.0
Stage2,Scenario2,gen_curtailment,3:115,0.0
Stage2,Scenario2,gen_curtailment,30:30,0.0
Stage2,Scenario2,gen_curtailment,30:31,0.0
Stage2,Scenario2,gen_curtailment,35:116,0.0
Stage2,Scenario2,gen_curtailment,36:152,0.0
Stage2,Scenario2,gen_curtailment,36:32,0.0
Stage2,Scenario2,gen_curtailment,36:33,0.0
Stage2,Scenario2,gen_curtailment,36:34,0.0
Stage2,Scenario2,gen_curtailment,37:81,0.0
Stage2,Scenario2,gen_curtailment,38:111,0.0
Stage2,Scenario2,gen_curtailment,38:35,0.0
Stage2,Scenario2,gen_curtailment,38:36,0.0
Stage2,Scenario2,gen_curtailment,38:82,0.0
Stage2,Scenario2,gen_curtailment,38:83,0.0
Stage2,Scenario2,gen_curtailment,38:84,0.0
Stage2,Scenario2,gen_curtailment,39:37,0.0
Stage2,Scenario2,gen_curtailment,41:38,0.0
Stage2,Scenario2,gen_curtailment,44:39,0.0
Stage2,Scenario2,gen_curtailment,45:85,0.0
Stage2,Scenario2,gen_curtailment,45:86,0.0
Stage2,Scenario2,gen_curtailment,45:87,0.0
Stage2,Scenario2,gen_curtailment,45:88,0.0
Stage2,Scenario2,gen_curtailment,45:89,0.0
Stage2,Scenario2,gen_curtailment,45:90,0.0
Stage2,Scenario2,gen_curtailment,46:40,0.0
Stage2,Scenario2,gen_curtailment,46:41,0.0
Stage2,Scenario2,gen_curtailment,46:42,0.0
Stage2,Scenario2,gen_curtailment,46:43,0.0
Stage2,Scenario2,gen_curtailment,46:44,0.0
Stage2,Scenario2,gen_curtailment,46:45,0.0
Stage2,Scenario2,gen_curtailment,48:46,0.0
Stage2,Scenario2,gen_curtailment,48:47,0.0
Stage2,Scenario2,gen_curtailment,48:48,0.0
Stage2,Scenario2,gen_curtailment,48:49,0.0
Stage2,Scenario2,gen_curtailment,49:50,0.0
Stage2,Scenario2,gen_curtailment,49:51,0.0
Stage2,Scenario2,gen_curtailment,49:52,0.0
Stage2,Scenario2,gen_curtailment,49:53,0.0
Stage2,Scenario2,gen_curtailment,50:155,0.0
Stage2,Scenario2,gen_curtailment,54:54,0.0
Stage2,Scenario2,gen_curtailment,54:55,0.0
Stage2,Scenario2,gen_curtailment,55:122,0.0
Stage2,Scenario2,gen_curtailment,56:153,0.0
Stage2,Scenario2,gen_curtailment,57:103,0.0
Stage2,Scenario2,gen_curtailment,57:106,0.0
Stage2,Scenario2,gen_curtailment,59:105,0.0
Stage2,Scenario2,gen_curtailment,6:8,0.0
Stage2,Scenario2,gen_curtailment,60:102,0.0
Stage2,Scenario2,gen_curtailment,60:123,0.0
Stage2,Scenario2,gen_curtailment,60:124,0.0
Stage2,Scenario2,gen_curtailment,60:125,0.0
Stage2,Scenario2,gen_curtailment,60:126,0.0
Stage2,Scenario2,gen_curtailment,60:127,0.0
Stage2,Scenario2,gen_curtailment,60:128,0.0
Stage2,Scenario2,gen_curtailment,60:129,0.0
Stage2,Scenario2,gen_curtailment,60:130,0.0
Stage2,Scenario2,gen_curtailment,60:131,0.0
Stage2,Scenario2,gen_curtailment,60:132,0.0
Stage2,Scenario2,gen_curtailment,60:133,0.0
Stage2,Scenario2,gen_curtailment,60:134,0.0
Stage2,Scenario2,gen_curtailment,60:138,0.0
Stage2,Scenario2,gen_curtailment,60:157,0.0
Stage2,Scenario2,gen_curtailment,60:56,0.0
Stage2,Scenario2,gen_curtailment,60:99,0.0
Stage2,Scenario2,gen_curtailment,61:100,0.0
Stage2,Scenario2,gen_curtailment,61:101,0.0
Stage2,Scenario2,gen_curtailment,61:91,0.0
Stage2,Scenario2,gen_curtailment,61:97,0.0
Stage2,Scenario2,gen_curtailment,61:98,0.0
Stage2,Scenario2,gen_curtailment,62:57,0.0
Stage2,Scenario2,gen_curtailment,62:58,0.0
Stage2,Scenario2,gen_curtailment,62:59,0.0
Stage2,Scenario2,gen_curtailment,62:60,0.0
Stage2,Scenario2,gen_curtailment,62:61,0.0
Stage2,Scenario2,gen_curtailment,62:62,0.0
Stage2,Scenario2,gen_curtailment,62:63,0.0
Stage2,Scenario2,gen_curtailment,62:64,0.0
Stage2,Scenario2,gen_curtailment,63:65,0.0
Stage2,Scenario2,gen_curtailment,64:154,0.0
Stage2,Scenario2,gen_curtailment,65:66,0.0
Stage2,Scenario2,gen_curtailment,66:110,0.0
Stage2,Scenario2,gen_curtailment,67:135,0.0
Stage2,Scenario2,gen_curtailment,67:136,0.0
Stage2,Scenario2,gen_curtailment,67:137,0.0
Stage2,Scenario2,gen_curtailment,67:139,0.0
Stage2,Scenario2,gen_curtailment,67:140,0.0
Stage2,Scenario2,gen_curtailment,67:147,0.0
Stage2,Scenario2,gen_curtailment,67:96,0.0
Stage2,Scenario2,gen_curtailment,68:67,0.0
Stage2,Scenario2,gen_curtailment,69:68,0.0
Stage2,Scenario2,gen_curtailment,69:69,0.0
Stage2,Scenario2,gen_curtailment,69:92,0.0
Stage2,Scenario2,gen_curtailment,69:93,0.0
Stage2,Scenario2,gen_curtailment,69:94,0.0
Stage2,Scenario2,gen_curtailment,69:95,0.0
Stage2,Scenario2,gen_curtailment,70:70,0.0
Stage2,Scenario2,gen_curtailment,70:71,0.0
Stage2,Scenario2,gen_curtailment,71:104,0.0
Stage2,Scenario2,gen_curtailment,71:107,0.0
Stage2,Scenario2,gen_curtailment,71:108,0.0
Stage2,Scenario2,load_shed,0,0.0
Stage2,Scenario2,load_shed,1,0.0
Stage2,Scenario2,load_shed,10,0.0
Stage2,Scenario2,load_shed,11,0.0
Stage2,Scenario2,load_shed,12,0.0
Stage2,Scenario2,load_shed,13,0.0
Stage2,Scenario2,load_shed,14,0.0
Stage2,Scenario2,load_shed,15,0.0
Stage2,Scenario2,load_shed,16,0.0
Stage2,Scenario2,load_shed,17,0.0
Stage2,Scenario2,load_shed,18,0.0
Stage2,Scenario2,load_shed,19,0.0
Stage2,Scenario2,load_shed,2,0.0
Stage2,Scenario2,load_shed,20,0.0
Stage2,Scenario2,load_shed,21,0.0
Stage2,Scenario2,load_shed,22,0.0
Stage2,Scenario2,load_shed,23,0.0
Stage2,Scenario2,load_shed,24,0.0
Stage2,Scenario2,load_shed,25,0.0
Stage2,Scenario2,load_shed,26,0.0
Stage2,Scenario2,load_shed,27,0.0
Stage2,Scenario2,load_shed,28,0.0
Stage2,Scenario2,load_shed,29,0.0
Stage2,Scenario2,load_shed,3,0.0
Stage2,Scenario2,load_shed,30,0.0
Stage2,Scenario2,load_shed,31,0.0
Stage2,Scenario2,load_shed,32,0.0
Stage2,Scenario2,load_shed,33,0.0
Stage2,Scenario2,load_shed,34,0.0
Stage2,Scenario2,load_shed,35,0.0
Stage2,Scenario2,load_shed,36,0.0
Stage2,Scenario2,load_shed,37,0.0
Stage2,Scenario2,load_shed,38,0.0
Stage2,Scenario2,load_shed,39,0.0
Stage2,Scenario2,load_shed,4,0.0
Stage2,Scenario2,load_shed,40,0.0
Stage2,Scenario2,load_shed,41,0.0
Stage2,Scenario2,load_shed,42,0.0
Stage2,Scenario2,load_shed,43,0.0
Stage2,Scenario2,load_shed,44,0.0
Stage2,Scenario2,load_shed,45,0.0
Stage2,Scenario2,load_shed,46,0.0
Stage2,Scenario2,load_shed,47,0.0
Stage2,Scenario2,load_shed,48,0.0
Stage2,Scenario2,load_shed,49,0.0
Stage2,Scenario2,load_shed,5,0.0
Stage2,Scenario2,load_shed,50,0.0
Stage2,Scenario2,load_shed,51,0.0
Stage2,Scenario2,load_shed,52,0.0
Stage2,Scenario2,load_shed,53,0.0
Stage2,Scenario2,load_shed,54,0.0
Stage2,Scenario2,load_shed,55,0.0
Stage2,Scenario2,load_shed,56,0.0
Stage2,Scenario2,load_shed,57,0.0
Stage2,Scenario2,load_shed,58,0.0
Stage2,Scenario2,load_shed,59,0.0
Stage2,Scenario2,load_shed,6,0.0
Stage2,Scenario2,load_shed,60,0.0
Stage2,Scenario2,load_shed,61,0.0
Stage2,Scenario2,load_shed,62,0.0
Stage2,Scenario2,load_shed,63,0.0
Stage2,Scenario2,load_shed,64,0.0
Stage2,Scenario2,load_shed,65,0.0
Stage2,Scenario2,load_shed,66,0.0
Stage2,Scenario2,load_shed,67,0.0
Stage2,Scenario2,load_shed,68,0.0
Stage2,Scenario2,load_shed,69,0.0
Stage2,Scenario2,load_shed,7,0.0
Stage2,Scenario2,load_shed,70,0.0
Stage2,Scenario2,load_shed,71,0.0
Stage2,Scenario2,load_shed,72,0.0
Stage2,Scenario2,load_shed,8,0.0
Stage2,Scenario2,load_shed,9,0.0
Stage2,Scenario2,load_shed_value,None,0.0
Stage2,Scenario2,nu,None,0.0
Stage2,Scenario2,theta,0,-0.20439382396708347
Stage2,Scenario2,theta,1,-0.206446429250379
Stage2,Scenario2,theta,10,-0.06585675243236033
Stage2,Scenario2,theta,11,-0.06059924908074366
Stage2,Scenario2,theta,12,0.0
Stage2,Scenario2,theta,13,0.005384578193313241
Stage2,Scenario2,theta,14,0.24818484741487928
Stage2,Scenario2,theta,15,0.21992168550080712
Stage2,Scenario2,theta,16,0.3336042606328703
Stage2,Scenario2,theta,17,0.3583310108126191
Stage2,Scenario2,theta,18,0.15900104467383117
Stage2,Scenario2,theta,19,0.1289065743895043
Stage2,Scenario2,theta,2,-0.11821258858437911
Stage2,Scenario2,theta,20,0.3989065645509573
Stage2,Scenario2,theta,21,0.6072563415488554
Stage2,Scenario2,theta,22,0.12643461573312453
Stage2,Scenario2,theta,23,0.10937771735541964
Stage2,Scenario2,theta,24,-0.5842869259849277
Stage2,Scenario2,theta,25,-0.5812352764831948
Stage2,Scenario2,theta,26,-0.5466278663439323
Stage2,Scenario2,theta,27,-0.5779443984370758
Stage2,Scenario2,theta,28,-0.5873855091895179
Stage2,Scenario2,theta,29,-0.6038792690240901
Stage2,Scenario2,theta,3,-0.2150804251524177
Stage2,Scenario2,theta,30,-0.7705114801665538
Stage2,Scenario2,theta,31,-0.7211014801665536
Stage2,Scenario2,theta,32,-0.49828950617883655
Stage2,Scenario2,theta,33,-0.5281134541542702
Stage2,Scenario2,theta,34,-0.2930235599941458
Stage2,Scenario2,theta,35,-0.3338993811255433
Stage2,Scenario2,theta,36,-0.1410842802489593
Stage2,Scenario2,theta,37,-0.21051893693920293
Stage2,Scenario2,theta,38,0.05214214397360026
Stage2,Scenario2,theta,39,0.019840414495121594
Stage2,Scenario2,theta,4,-0.24364913688161013
Stage2,Scenario2,theta,40,0.08845279145360634
Stage2,Scenario2,theta,41,0.0995379112742547
Stage2,Scenario2,theta,42,-0.0005063865185153255
Stage2,Scenario2,theta,43,0.018000743034843864
Stage2,Scenario2,theta,44,0.11521323682199956
Stage2,Scenario2,theta,45,0.22850970916274674
Stage2,Scenario2,theta,46,0.04225966428919142
Stage2,Scenario2,theta,47,-0.5466278663439323
Stage2,Scenario2,theta,48,0.2303706282523395
Stage2,Scenario2,theta,49,0.23026068012974105
Stage2,Scenario2,theta,5,-0.28106347438153617
Stage2,Scenario2,theta,50,0.29618162047342694
Stage2,Scenario2,theta,51,0.2711984841806484
Stage2,Scenario2,theta,52,0.24532663327458418
Stage2,Scenario2,theta,53,0.2379025967156366
Stage2,Scenario2,theta,54,-0.014869502702386262
Stage2,Scenario2,theta,55,0.03454049729761388
Stage2,Scenario2,theta,56,0.3816823552144622
Stage2,Scenario2,theta,57,0.3232904972976139
Stage2,Scenario2,theta,58,0.5171530032868864
Stage2,Scenario2,theta,59,0.5516998526945783
Stage2,Scenario2,theta,6,-0.2934917123555864
Stage2,Scenario2,theta,60,0.7343456815555091
Stage2,Scenario2,theta,61,0.48837063174572265
Stage2,Scenario2,theta,62,0.48744064714962754
Stage2,Scenario2,theta,63,0.5623982526759927
Stage2,Scenario2,theta,64,0.6923982526759926
Stage2,Scenario2,theta,65,0.4167310542853314
Stage2,Scenario2,theta,66,0.571919708790662
Stage2,Scenario2,theta,67,0.616399235846896
Stage2,Scenario2,theta,68,0.4689219780348506
Stage2,Scenario2,theta,69,0.5749219010151838
Stage2,Scenario2,theta,7,-0.31262898320579535
Stage2,Scenario2,theta,70,0.6330749757278248
Stage2,Scenario2,theta,71,0.41498349002327994
Stage2,Scenario2,theta,72,0.613192752137336
Stage2,Scenario2,theta,8,-0.17306278400133127
Stage2,Scenario2,theta,9,-0.22180993142841424
Stage2,Scenario2,xij,0,1.0
Stage2,Scenario2,xij,1,1.0
Stage2,Scenario2,xij,10,1.0
Stage2,Scenario2,xij,100,1.0
Stage2,Scenario2,xij,101,1.0
Stage2,Scenario2,xij,102,1.0
Stage2,Scenario2,xij,103,1.0
Stage2,Scenario2,xij,104,1.0
Stage2,Scenario2,xij,105,1.0
Stage2,Scenario2,xij,106,1.0
Stage2,Scenario2,xij,107,1.0
Stage2,Scenario2,xij,108,0.0
Stage2,Scenario2,xij,109,1.0
Stage2,Scenario2,xij,11,1.0
Stage2,Scenario2,xij,110,1.0
Stage2,Scenario2,xij,111,1.0
Stage2,Scenario2,xij,112,1.0
Stage2,Scenario2,xij,113,1.0
Stage2,Scenario2,xij,114,1.0
Stage2,Scenario2,xij,115,1.0
Stage2,Scenario2,xij,116,1.0
Stage2,Scenario2,xij,117,1.0
Stage2,Scenario2,xij,118,1.0
Stage2,Scenario2,xij,119,1.0
Stage2,Scenario2,xij,12,1.0
Stage2,Scenario2,xij,13,1.0
Stage2,Scenario2,xij,14,1.0
Stage2,Scenario2,xij,15,1.0
Stage2,Scenario2,xij,16,1.0
Stage2,Scenario2,xij,17,1.0
Stage2,Scenario2,xij,18,1.0
Stage2,Scenario2,xij,19,1.0
Stage2,Scenario2,xij,2,1.0
Stage2,Scenario2,xij,20,1.0
Stage2,Scenario2,xij,21,1.0
Stage2,Scenario2,xij,22,1.0
Stage2,Scenario2,xij,23,1.0
Stage2,Scenario2,xij,24,1.0
Stage2,Scenario2,xij,25,1.0
Stage2,Scenario2,xij,26,1.0
Stage2,Scenario2,xij,27,1.0
Stage2,Scenario2,xij,28,1.0
Stage2,Scenario2,xij,29,1.0
Stage2,Scenario2,xij,3,1.0
Stage2,Scenario2,xij,30,1.0
Stage2,Scenario2,xij,31,1.0
Stage2,Scenario2,xij,32,1.0
Stage2,Scenario2,xij,33,1.0
Stage2,Scenario2,xij,34,1.0
Stage2,Scenario2,xij,35,1.0
Stage2,Scenario2,xij,36,1.0
Stage2,Scenario2,xij,37,1.0
Stage2,Scenario2,xij,38,1.0
Stage2,Scenario2,xij,39,1.0
Stage2,Scenario2,xij,4,1.0
Stage2,Scenario2,xij,40,1.0
Stage2,Scenario2,xij,41,1.0
Stage2,Scenario2,xij,42,1.0
Stage2,Scenario2,xij,43,1.0
Stage2,Scenario2,xij,44,1.0
Stage2,Scenario2,xij,45,1.0
Stage2,Scenario2,xij,46,1.0
Stage2,Scenario2,xij,47,1.0
Stage2,Scenario2,xij,48,1.0
Stage2,Scenario2,xij,49,1.0
Stage2,Scenario2,xij,5,1.0
Stage2,Scenario2,xij,50,1.0
Stage2,Scenario2,xij,51,1.0
Stage2,Scenario2,xij,52,1.0
Stage2,Scenario2,xij,53,1.0
Stage2,Scenario2,xij,54,1.0
Stage2,Scenario2,xij,55,1.0
Stage2,Scenario2,xij,56,1.0
Stage2,Scenario2,xij,57,1.0
Stage2,Scenario2,xij,58,1.0
Stage2,Scenario2,xij,59,1.0
Stage2,Scenario2,xij,6,1.0
Stage2,Scenario2,xij,60,0.0
Stage2,Scenario2,xij,61,1.0
Stage2,Scenario2,xij,62,1.0
Stage2,Scenario2,xij,63,1.0
Stage2,Scenario2,xij,64,1.0
Stage2,Scenario2,xij,65,1.0
Stage2,Scenario2,xij,66,1.0
Stage2,Scenario2,xij,67,0.0
Stage2,Scenario2,xij,68,1.0
Stage2,Scenario2,xij,69,1.0
Stage2,Scenario2,xij,7,1.0
Stage2,Scenario2,xij,70,1.0
Stage2,Scenario2,xij,71,1.0
Stage2,Scenario2,xij,72,1.0
Stage2,Scenario2,xij,73,1.0
Stage2,Scenario2,xij,74,1.0
Stage2,Scenario2,xij,75,1.0
Stage2,Scenario2,xij,76,1.0
Stage2,Scenario2,xij,77,1.0
Stage2,Scenario2,xij,78,1.0
Stage2,Scenario2,xij,79,1.0
Stage2,Scenario2,xij,8,1.0
Stage2,Scenario2,xij,80,1.0
Stage2,Scenario2,xij,81,1.0
Stage2,Scenario2,xij,82,1.0
Stage2,Scenario2,xij,83,1.0
Stage2,Scenario2,xij,84,1.0
Stage2,Scenario2,xij,85,1.0
Stage2,Scenario2,xij,86,1.0
Stage2,Scenario2,xij,87,1.0
Stage2,Scenario2,xij,88,1.0
Stage2,Scenario2,xij,89,1.0
Stage2,Scenario2,xij,9,1.0
Stage2,Scenario2,xij,90,0.0
Stage2,Scenario2,xij,91,1.0
Stage2,Scenario2,xij,92,1.0
Stage2,Scenario2,xij,93,1.0
Stage2,Scenario2,xij,94,1.0
Stage2,Scenario2,xij,95,1.0
Stage2,Scenario2,xij,96,1.0
Stage2,Scenario2,xij,97,1.0
Stage2,Scenario2,xij,98,1.0
Stage2,Scenario2,xij,99,1.0
Stage2,Scenario20,Pij,0,-0.1076570793859569
Stage2,Scenario20,Pij,1,0.23608744172642881
Stage2,Scenario20,Pij,10,0.9270445486379989
Stage2,Scenario20,Pij,100,1.0204547117104035
Stage2,Scenario20,Pij,101,-1.967150755420273
Stage2,Scenario20,Pij,102,-1.1880933316305542
Stage2,Scenario20,Pij,103,-1.595325732218082
Stage2,Scenario20,Pij,104,-1.595325732218082
Stage2,Scenario20,Pij,105,2.1187447960667027
Stage2,Scenario20,Pij,106,-4.368096561494391
Stage2,Scenario20,Pij,107,1.4628524744435618
Stage2,Scenario20,Pij,108,4.260607852621865
Stage2,Scenario20,Pij,109,-0.6377044141162553
Stage2,Scenario20,Pij,11,1.3729554513620008
Stage2,Scenario20,Pij,110,-0.15582206072378835
Stage2,Scenario20,Pij,111,-0.15582206072378835
Stage2,Scenario20,Pij,112,-0.17357376277821912
Stage2,Scenario20,Pij,113,-0.17357376277821912
Stage2,Scenario20,Pij,114,-1.6271475255564383
Stage2,Scenario20,Pij,115,0.0
Stage2,Scenario20,Pij,116,-1.8022955858837424
Stage2,Scenario20,Pij,117,1.732748025930516
Stage2,Scenario20,Pij,118,4.158251974069442
Stage2,Scenario20,Pij,119,1.732748025930516
Stage2,Scenario20,Pij,12,-0.43089497278820066
Stage2,Scenario20,Pij,13,-0.3520604785738003
Stage2,Scenario20,Pij,14,-1.7966083550172898
Stage2,Scenario20,Pij,15,-2.006701102966018
Stage2,Scenario20,Pij,16,-1.9757242132473845
Stage2,Scenario20,Pij,17,-2.188921780131315
Stage2,Scenario20,Pij,18,-1.5130309480785522
Stage2,Scenario20,Pij,19,-2.259301620186122
Stage2,Scenario20,Pij,2,0.07156963765952473
Stage2,Scenario20,Pij,20,-1.1343387699009695
Stage2,Scenario20,Pij,21,-3.061284113196365
Stage2,Scenario20,Pij,22,0.0
Stage2,Scenario20,Pij,23,-2.1613697179795217
Stage2,Scenario20,Pij,24,-4.199301620186121
Stage2,Scenario20,Pij,25,0.0
Stage2,Scenario20,Pij,26,-0.8399999999999997
Stage2,Scenario20,Pij,27,-0.8399999999999997
Stage2,Scenario20,Pij,28,0.0
Stage2,Scenario20,Pij,29,-5.0
Stage2,Scenario20,Pij,3,0.066498073078463
Stage2,Scenario20,Pij,30,1.350698379813878
Stage2,Scenario20,Pij,31,-3.4541593288163766
Stage2,Scenario20,Pij,32,-1.5458406711836234
Stage2,Scenario20,Pij,33,-2.404579664408188
Stage2,Scenario20,Pij,34,-2.404579664408188
Stage2,Scenario20,Pij,35,0.0
Stage2,Scenario20,Pij,36,0.20669837981387773
Stage2,Scenario20,Pij,37,-0.5366508100930611
Stage2,Scenario20,Pij,38,-0.5366508100930611
Stage2,Scenario20,Pij,39,-0.7564113028858603
Stage2,Scenario20,Pij,4,0.13584484753557713
Stage2,Scenario20,Pij,40,0.2354142666175103
Stage2,Scenario20,Pij,41,-0.5570445486379989
Stage2,Scenario20,Pij,42,0.4270445486379992
Stage2,Scenario20,Pij,43,0.71
Stage2,Scenario20,Pij,44,0.74
Stage2,Scenario20,Pij,45,-0.34704454863799883
Stage2,Scenario20,Pij,46,0.0
Stage2,Scenario20,Pij,47,0.0
Stage2,Scenario20,Pij,48,0.0
Stage2,Scenario20,Pij,49,0.0
Stage2,Scenario20,Pij,5,-0.9489125582735712
Stage2,Scenario20,Pij,50,-1.7070445486379988
Stage2,Scenario20,Pij,51,-0.8100000000000023
Stage2,Scenario20,Pij,52,-1.4509182935594471
Stage2,Scenario20,Pij,53,-1.0690817064405553
Stage2,Scenario20,Pij,54,-1.2902772635063882
Stage2,Scenario20,Pij,55,-1.9106410300530592
Stage2,Scenario20,Pij,56,-2.048297275547617
Stage2,Scenario20,Pij,57,-2.6778289795309385
Stage2,Scenario20,Pij,58,-2.5858034822073197
Stage2,Scenario20,Pij,59,-0.7527710568466821
Stage2,Scenario20,Pij,6,0.0
Stage2,Scenario20,Pij,60,-1.467597793006946
Stage2,Scenario20,Pij,61,-2.820872216577056
Stage2,Scenario20,Pij,62,-2.335401275214265
Stage2,Scenario20,Pij,63,-2.692771056846682
Stage2,Scenario20,Pij,64,-0.4723792211129718
Stage2,Scenario20,Pij,65,-1.6181212354679857
Stage2,Scenario20,Pij,66,-1.6181212354679857
Stage2,Scenario20,Pij,67,0.0
Stage2,Scenario20,Pij,68,-2.1131717956815383
Stage2,Scenario20,Pij,69,-0.5019784822781155
Stage2,Scenario20,Pij,7,-0.673501926921537
Stage2,Scenario20,Pij,70,-0.6042602626403839
Stage2,Scenario20,Pij,71,-1.2734972664236441
Stage2,Scenario20,Pij,72,-0.30213013132019195
Stage2,Scenario20,Pij,73,-0.30213013132019195
Stage2,Scenario20,Pij,74,-1.1559892411390578
Stage2,Scenario20,Pij,75,-1.1559892411390578
Stage2,Scenario20,Pij,76,0.0
Stage2,Scenario20,Pij,77,-3.5919784822781153
Stage2,Scenario20,Pij,78,-1.7265027335763559
Stage2,Scenario20,Pij,79,0.1399265882430692
Stage2,Scenario20,Pij,8,-0.6384303623404752
Stage2,Scenario20,Pij,80,-0.4944545034254112
Stage2,Scenario20,Pij,81,-0.1254720848176638
Stage2,Scenario20,Pij,82,-0.21748193780887815
Stage2,Scenario20,Pij,83,-0.012591473948058374
Stage2,Scenario20,Pij,84,-0.17570970735870833
Stage2,Scenario20,Pij,85,-2.1187447960667027
Stage2,Scenario20,Pij,86,-0.9574819378088781
Stage2,Scenario20,Pij,87,-0.8354720848176639
Stage2,Scenario20,Pij,88,-1.3725914739480585
Stage2,Scenario20,Pij,89,-0.8100000000000023
Stage2,Scenario20,Pij,9,-1.224155152464423
Stage2,Scenario20,Pij,90,-1.3844020749242198
Stage2,Scenario20,Pij,91,-1.1355979250757824
Stage2,Scenario20,Pij,92,-1.9984375389817453
Stage2,Scenario20,Pij,93,-2.26915618111006
Stage2,Scenario20,Pij,94,-2.5094710368014637
Stage2,Scenario20,Pij,95,-2.784190447040044
Stage2,Scenario20,Pij,96,-4.480757820362937
Stage2,Scenario20,Pij,97,-0.027150755420273013
Stage2,Scenario20,Pij,98,-3.9927874679266573
Stage2,Scenario20,Pij,99,-1.0605591602234459
Stage2,Scenario20,bus_gen,0:0,0.0799999999999983
Stage2,Scenario20,bus_gen,0:1,0.0799999999999983
Stage2,Scenario20,bus_gen,0:113,0.0
Stage2,Scenario20,bus_gen,0:117,0.0
Stage2,Scenario20,bus_gen,0:118,0.0
Stage2,Scenario20,bus_gen,0:119,0.0
Stage2,Scenario20,bus_gen,0:2,0.56
Stage2,Scenario20,bus_gen,0:3,0.56
Stage2,Scenario20,bus_gen,1:112,0.0
Stage2,Scenario20,bus_gen,1:114,0.0
Stage2,Scenario20,bus_gen,1:4,0.0799999999999983
Stage2,Scenario20,bus_gen,1:5,0.0799999999999983
Stage2,Scenario20,bus_gen,1:6,0.56
Stage2,Scenario20,bus_gen,1:7,0.56
Stage2,Scenario20,bus_gen,12:10,0.55
Stage2,Scenario20,bus_gen,12:109,0.9359999999999999
Stage2,Scenario20,bus_gen,12:11,0.55
Stage2,Scenario20,bus_gen,12:12,0.55
Stage2,Scenario20,bus_gen,12:9,0.55
Stage2,Scenario20,bus_gen,13:72,0.0
Stage2,Scenario20,bus_gen,14:13,0.12
Stage2,Scenario20,bus_gen,14:14,0.12
Stage2,Scenario20,bus_gen,14:15,1.2500000000000002
Stage2,Scenario20,bus_gen,15:16,1.55
Stage2,Scenario20,bus_gen,17:141,0.0
Stage2,Scenario20,bus_gen,17:142,0.0
Stage2,Scenario20,bus_gen,17:143,0.0
Stage2,Scenario20,bus_gen,17:144,0.0
Stage2,Scenario20,bus_gen,17:145,0.0
Stage2,Scenario20,bus_gen,17:146,0.0
Stage2,Scenario20,bus_gen,17:148,0.0
Stage2,Scenario20,bus_gen,17:149,0.0
Stage2,Scenario20,bus_gen,17:150,0.0
Stage2,Scenario20,bus_gen,17:151,0.0
Stage2,Scenario20,bus_gen,17:17,1.9750000000000003
Stage2,Scenario20,bus_gen,18:121,0.6659999999999999
Stage2,Scenario20,bus_gen,2:120,0.615
Stage2,Scenario20,bus_gen,20:73,4.0
Stage2,Scenario20,bus_gen,21:156,2.302251974069484
Stage2,Scenario20,bus_gen,21:74,0.0
Stage2,Scenario20,bus_gen,21:75,0.0
Stage2,Scenario20,bus_gen,21:76,0.0
Stage2,Scenario20,bus_gen,21:77,0.0
Stage2,Scenario20,bus_gen,21:78,0.0
Stage2,Scenario20,bus_gen,21:79,0.0
Stage2,Scenario20,bus_gen,22:18,0.9199999999999984
Stage2,Scenario20,bus_gen,22:19,1.7999999999999985
Stage2,Scenario20,bus_gen,22:20,0.55
Stage2,Scenario20,bus_gen,22:21,0.55
Stage2,Scenario20,bus_gen,22:22,0.55
Stage2,Scenario20,bus_gen,24:23,0.2
Stage2,Scenario20,bus_gen,24:24,0.2
Stage2,Scenario20,bus_gen,24:25,0.7599999999999999
Stage2,Scenario20,bus_gen,24:80,0.5
Stage2,Scenario20,bus_gen,25:26,0.2
Stage2,Scenario20,bus_gen,25:27,0.2
Stage2,Scenario20,bus_gen,25:28,0.7599999999999999
Stage2,Scenario20,bus_gen,25:29,0.7599999999999999
Stage2,Scenario20,bus_gen,3:115,0.0
Stage2,Scenario20,bus_gen,30:30,0.21999999999999884
Stage2,Scenario20,bus_gen,30:31,0.21999999999999884
Stage2,Scenario20,bus_gen,35:116,0.29999999999999893
Stage2,Scenario20,bus_gen,36:152,0.132
Stage2,Scenario20,bus_gen,36:32,3.1359999999999997
Stage2,Scenario20,bus_gen,36:33,0.55
Stage2,Scenario20,bus_gen,36:34,0.55
Stage2,Scenario20,bus_gen,37:81,0.0
Stage2,Scenario20,bus_gen,38:111,0.5227480259305786
Stage2,Scenario20,bus_gen,38:35,0.55
Stage2,Scenario20,bus_gen,38:36,0.55
Stage2,Scenario20,bus_gen,38:82,0.0
Stage2,Scenario20,bus_gen,38:83,0.0
Stage2,Scenario20,bus_gen,38:84,0.0
Stage2,Scenario20,bus_gen,39:37,1.55
Stage2,Scenario20,bus_gen,41:38,3.33
Stage2,Scenario20,bus_gen,44:39,2.1139999999999985
Stage2,Scenario20,bus_gen,45:85,0.5
Stage2,Scenario20,bus_gen,45:86,0.5
Stage2,Scenario20,bus_gen,45:87,0.5
Stage2,Scenario20,bus_gen,45:88,0.5
Stage2,Scenario20,bus_gen,45:89,0.5
Stage2,Scenario20,bus_gen,45:90,0.5
Stage2,Scenario20,bus_gen,46:40,0.7699999999999984
Stage2,Scenario20,bus_gen,46:41,0.7699999999999984
Stage2,Scenario20,bus_gen,46:42,1.3999999999999986
Stage2,Scenario20,bus_gen,46:43,0.55
Stage2,Scenario20,bus_gen,46:44,0.55
Stage2,Scenario20,bus_gen,46:45,0.55
Stage2,Scenario20,bus_gen,48:46,0.0799999999999983
Stage2,Scenario20,bus_gen,48:47,0.0799999999999983
Stage2,Scenario20,bus_gen,48:48,0.21999999999999884
Stage2,Scenario20,bus_gen,48:49,0.21999999999999884
Stage2,Scenario20,bus_gen,49:50,0.0799999999999983
Stage2,Scenario20,bus_gen,49:51,0.0799999999999983
Stage2,Scenario20,bus_gen,49:52,0.21999999999999884
Stage2,Scenario20,bus_gen,49:53,0.21999999999999884
Stage2,Scenario20,bus_gen,50:155,0.0
Stage2,Scenario20,bus_gen,54:54,0.21999999999999884
Stage2,Scenario20,bus_gen,54:55,0.21999999999999884
Stage2,Scenario20,bus_gen,55:122,0.0
Stage2,Scenario20,bus_gen,56:153,0.0
Stage2,Scenario20,bus_gen,57:103,0.0
Stage2,Scenario20,bus_gen,57:106,0.0
Stage2,Scenario20,bus_gen,59:105,0.0
Stage2,Scenario20,bus_gen,6:8,3.55
Stage2,Scenario20,bus_gen,60:102,0.933
Stage2,Scenario20,bus_gen,60:123,1.0170000000000001
Stage2,Scenario20,bus_gen,60:124,0.631
Stage2,Scenario20,bus_gen,60:125,0.654
Stage2,Scenario20,bus_gen,60:126,0.67
Stage2,Scenario20,bus_gen,60:127,0.648
Stage2,Scenario20,bus_gen,60:128,0.638
Stage2,Scenario20,bus_gen,60:129,0.6409999999999999
Stage2,Scenario20,bus_gen,60:130,0.6659999999999999
Stage2,Scenario20,bus_gen,60:131,0.624
Stage2,Scenario20,bus_gen,60:132,0.669
Stage2,Scenario20,bus_gen,60:133,0.652
Stage2,Scenario20,bus_gen,60:134,0.278
Stage2,Scenario20,bus_gen,60:138,0.272
Stage2,Scenario20,bus_gen,60:157,0.49999999999999845
Stage2,Scenario20,bus_gen,60:56,1.6999999999999982
Stage2,Scenario20,bus_gen,60:99,0.951
Stage2,Scenario20,bus_gen,61:100,0.0
Stage2,Scenario20,bus_gen,61:101,0.0
Stage2,Scenario20,bus_gen,61:91,0.0
Stage2,Scenario20,bus_gen,61:97,0.0
Stage2,Scenario20,bus_gen,61:98,0.0
Stage2,Scenario20,bus_gen,62:57,0.049999999999998934
Stage2,Scenario20,bus_gen,62:58,0.049999999999998934
Stage2,Scenario20,bus_gen,62:59,0.049999999999998934
Stage2,Scenario20,bus_gen,62:60,0.049999999999998934
Stage2,Scenario20,bus_gen,62:61,0.049999999999998934
Stage2,Scenario20,bus_gen,62:62,0.21999999999999884
Stage2,Scenario20,bus_gen,62:63,0.21999999999999884
Stage2,Scenario20,bus_gen,62:64,0.21999999999999884
Stage2,Scenario20,bus_gen,63:65,1.2500000000000002
Stage2,Scenario20,bus_gen,64:154,7.9910000000000005
Stage2,Scenario20,bus_gen,65:66,2.9160000000000004
Stage2,Scenario20,bus_gen,66:110,0.0
Stage2,Scenario20,bus_gen,67:135,0.0
Stage2,Scenario20,bus_gen,67:136,0.0
Stage2,Scenario20,bus_gen,67:137,0.0
Stage2,Scenario20,bus_gen,67:139,0.0
Stage2,Scenario20,bus_gen,67:140,0.0
Stage2,Scenario20,bus_gen,67:147,0.0
Stage2,Scenario20,bus_gen,67:96,0.0
Stage2,Scenario20,bus_gen,68:67,1.6999999999999982
Stage2,Scenario20,bus_gen,69:68,0.21999999999999884
Stage2,Scenario20,bus_gen,69:69,0.21999999999999884
Stage2,Scenario20,bus_gen,69:92,0.5
Stage2,Scenario20,bus_gen,69:93,0.5
Stage2,Scenario20,bus_gen,69:94,0.5
Stage2,Scenario20,bus_gen,69:95,0.5
Stage2,Scenario20,bus_gen,70:70,1.6999999999999982
Stage2,Scenario20,bus_gen,70:71,1.6999999999999982
Stage2,Scenario20,bus_gen,71:104,0.0
Stage2,Scenario20,bus_gen,71:107,0.0
Stage2,Scenario20,bus_gen,71:108,0.0
Stage2,Scenario20,cvar,None,27.453684210526305
Stage2,Scenario20,gen_curtailment,0:0,0.0
Stage2,Scenario20,gen_curtailment,0:1,0.0
Stage2,Scenario20,gen_curtailment,0:113,0.0
Stage2,Scenario20,gen_curtailment,0:117,0.0
Stage2,Scenario20,gen_curtailment,0:118,0.0
Stage2,Scenario20,gen_curtailment,0:119,0.0
Stage2,Scenario20,gen_curtailment,0:2,0.0
Stage2,Scenario20,gen_curtailment,0:3,0.0
Stage2,Scenario20,gen_curtailment,1:112,0.0
Stage2,Scenario20,gen_curtailment,1:114,0.0
Stage2,Scenario20,gen_curtailment,1:4,0.0
Stage2,Scenario20,gen_curtailment,1:5,0.0
Stage2,Scenario20,gen_curtailment,1:6,0.0
Stage2,Scenario20,gen_curtailment,1:7,0.0
Stage2,Scenario20,gen_curtailment,12:10,0.0
Stage2,Scenario20,gen_curtailment,12:109,0.0
Stage2,Scenario20,gen_curtailment,12:11,0.0
Stage2,Scenario20,gen_curtailment,12:12,0.0
Stage2,Scenario20,gen_curtailment,12:9,0.0
Stage2,Scenario20,gen_curtailment,13:72,0.0
Stage2,Scenario20,gen_curtailment,14:13,0.0
Stage2,Scenario20,gen_curtailment,14:14,0.0
Stage2,Scenario20,gen_curtailment,14:15,0.0
Stage2,Scenario20,gen_curtailment,15:16,0.0
Stage2,Scenario20,gen_curtailment,17:141,0.0
Stage2,Scenario20,gen_curtailment,17:142,0.0
Stage2,Scenario20,gen_curtailment,17:143,0.0
Stage2,Scenario20,gen_curtailment,17:144,0.0
Stage2,Scenario20,gen_curtailment,17:145,0.0
Stage2,Scenario20,gen_curtailment,17:146,0.0
Stage2,Scenario20,gen_curtailment,17:148,0.0
Stage2,Scenario20,gen_curtailment,17:149,0.0
Stage2,Scenario20,gen_curtailment,17:150,0.0
Stage2,Scenario20,gen_curtailment,17:151,0.0
Stage2,Scenario20,gen_curtailment,17:17,0.0
Stage2,Scenario20,gen_curtailment,18:121,0.0
Stage2,Scenario20,gen_curtailment,2:120,0.0
Stage2,Scenario20,gen_curtailment,20:73,0.0
Stage2,Scenario20,gen_curtailment,21:156,0.0
Stage2,Scenario20,gen_curtailment,21:74,0.0
Stage2,Scenario20,gen_curtailment,21:75,0.0
Stage2,Scenario20,gen_curtailment,21:76,0.0
Stage2,Scenario20,gen_curtailment,21:77,0.0
Stage2,Scenario20,gen_curtailment,21:78,0.0
Stage2,Scenario20,gen_curtailment,21:79,0.0
Stage2,Scenario20,gen_curtailment,22:18,0.0
Stage2,Scenario20,gen_curtailment,22:19,0.0
Stage2,Scenario20,gen_curtailment,22:20,0.0
Stage2,Scenario20,gen_curtailment,22:21,0.0
Stage2,Scenario20,gen_curtailment,22:22,0.0
Stage2,Scenario20,gen_curtailment,24:23,0.0
Stage2,Scenario20,gen_curtailment,24:24,0.0
Stage2,Scenario20,gen_curtailment,24:25,0.0
Stage2,Scenario20,gen_curtailment,24:80,0.0
Stage2,Scenario20,gen_curtailment,25:26,0.0
Stage2,Scenario20,gen_curtailment,25:27,0.0
Stage2,Scenario20,gen_curtailment,25:28,0.0
Stage2,Scenario20,gen_curtailment,25:29,0.0
Stage2,Scenario20,gen_curtailment,3:115,0.0
Stage2,Scenario20,gen_curtailment,30:30,0.0
Stage2,Scenario20,gen_curtailment,30:31,0.0
Stage2,Scenario20,gen_curtailment,35:116,0.0
Stage2,Scenario20,gen_curtailment,36:152,0.0
Stage2,Scenario20,gen_curtailment,36:32,0.0
Stage2,Scenario20,gen_curtailment,36:33,0.0
Stage2,Scenario20,gen_curtailment,36:34,0.0
Stage2,Scenario20,gen_curtailment,37:81,0.0
Stage2,Scenario20,gen_curtailment,38:111,0.0
Stage2,Scenario20,gen_curtailment,38:35,0.0
Stage2,Scenario20,gen_curtailment,38:36,0.0
Stage2,Scenario20,gen_curtailment,38:82,0.0
Stage2,Scenario20,gen_curtailment,38:83,0.0
Stage2,Scenario20,gen_curtailment,38:84,0.0
Stage2,Scenario20,gen_curtailment,39:37,0.0
Stage2,Scenario20,gen_curtailment,41:38,0.0
Stage2,Scenario20,gen_curtailment,44:39,0.0
Stage2,Scenario20,gen_curtailment,45:85,0.0
Stage2,Scenario20,gen_curtailment,45:86,0.0
Stage2,Scenario20,gen_curtailment,45:87,0.0
Stage2,Scenario20,gen_curtailment,45:88,0.0
Stage2,Scenario20,gen_curtailment,45:89,0.0
Stage2,Scenario20,gen_curtailment,45:90,0.0
Stage2,Scenario20,gen_curtailment,46:40,0.0
Stage2,Scenario20,gen_curtailment,46:41,0.0
Stage2,Scenario20,gen_curtailment,46:42,0.0
Stage2,Scenario20,gen_curtailment,46:43,0.0
Stage2,Scenario20,gen_curtailment,46:44,0.0
Stage2,Scenario20,gen_curtailment,46:45,0.0
Stage2,Scenario20,gen_curtailment,48:46,0.0
Stage2,Scenario20,gen_curtailment,48:47,0.0
Stage2,Scenario20,gen_curtailment,48:48,0.0
Stage2,Scenario20,gen_curtailment,48:49,0.0
Stage2,Scenario20,gen_curtailment,49:50,0.0
Stage2,Scenario20,gen_curtailment,49:51,0.0
Stage2,Scenario20,gen_curtailment,49:52,0.0
Stage2,Scenario20,gen_curtailment,49:53,0.0
Stage2,Scenario20,gen_curtailment,50:155,0.0
Stage2,Scenario20,gen_curtailment,54:54,0.0
Stage2,Scenario20,gen_curtailment,54:55,0.0
Stage2,Scenario20,gen_curtailment,55:122,0.0
Stage2,Scenario20,gen_curtailment,56:153,0.0
Stage2,Scenario20,gen_curtailment,57:103,0.0
Stage2,Scenario20,gen_curtailment,57:106,0.0
Stage2,Scenario20,gen_curtailment,59:105,0.0
Stage2,Scenario20,gen_curtailment,6:8,0.0
Stage2,Scenario20,gen_curtailment,60:102,0.0
Stage2,Scenario20,gen_curtailment,60:123,0.0
Stage2,Scenario20,gen_curtailment,60:124,0.0
Stage2,Scenario20,gen_curtailment,60:125,0.0
Stage2,Scenario20,gen_curtailment,60:126,0.0
Stage2,Scenario20,gen_curtailment,60:127,0.0
Stage2,Scenario20,gen_curtailment,60:128,0.0
Stage2,Scenario20,gen_curtailment,60:129,0.0
Stage2,Scenario20,gen_curtailment,60:130,0.0
Stage2,Scenario20,gen_curtailment,60:131,0.0
Stage2,Scenario20,gen_curtailment,60:132,0.0
Stage2,Scenario20,gen_curtailment,60:133,0.0
Stage2,Scenario20,gen_curtailment,60:134,0.0
Stage2,Scenario20,gen_curtailment,60:138,0.0
Stage2,Scenario20,gen_curtailment,60:157,0.0
Stage2,Scenario20,gen_curtailment,60:56,0.0
Stage2,Scenario20,gen_curtailment,60:99,0.0
Stage2,Scenario20,gen_curtailment,61:100,0.0
Stage2,Scenario20,gen_curtailment,61:101,0.0
Stage2,Scenario20,gen_curtailment,61:91,0.0
Stage2,Scenario20,gen_curtailment,61:97,0.0
Stage2,Scenario20,gen_curtailment,61:98,0.0
Stage2,Scenario20,gen_curtailment,62:57,0.0
Stage2,Scenario20,gen_curtailment,62:58,0.0
Stage2,Scenario20,gen_curtailment,62:59,0.0
Stage2,Scenario20,gen_curtailment,62:60,0.0
Stage2,Scenario20,gen_curtailment,62:61,0.0
Stage2,Scenario20,gen_curtailment,62:62,0.0
Stage2,Scenario20,gen_curtailment,62:63,0.0
Stage2,Scenario20,gen_curtailment,62:64,0.0
Stage2,Scenario20,gen_curtailment,63:65,0.0
Stage2,Scenario20,gen_curtailment,64:154,0.0
Stage2,Scenario20,gen_curtailment,65:66,0.0
Stage2,Scenario20,gen_curtailment,66:110,0.0
Stage2,Scenario20,gen_curtailment,67:135,0.0
Stage2,Scenario20,gen_curtailment,67:136,0.0
Stage2,Scenario20,gen_curtailment,67:137,0.0
Stage2,Scenario20,gen_curtailment,67:139,0.0
Stage2,Scenario20,gen_curtailment,67:140,0.0
Stage2,Scenario20,gen_curtailment,67:147,0.0
Stage2,Scenario20,gen_curtailment,67:96,0.0
Stage2,Scenario20,gen_curtailment,68:67,0.0
Stage2,Scenario20,gen_curtailment,69:68,0.0
Stage2,Scenario20,gen_curtailment,69:69,0.0
Stage2,Scenario20,gen_curtailment,69:92,0.0
Stage2,Scenario20,gen_curtailment,69:93,0.0
Stage2,Scenario20,gen_curtailment,69:94,0.0
Stage2,Scenario20,gen_curtailment,69:95,0.0
Stage2,Scenario20,gen_curtailment,70:70,0.0
Stage2,Scenario20,gen_curtailment,70:71,0.0
Stage2,Scenario20,gen_curtailment,71:104,0.0
Stage2,Scenario20,gen_curtailment,71:107,0.0
Stage2,Scenario20,gen_curtailment,71:108,0.0
Stage2,Scenario20,load_shed,0,0.0
Stage2,Scenario20,load_shed,1,0.0
Stage2,Scenario20,load_shed,10,0.0
Stage2,Scenario20,load_shed,11,0.0
Stage2,Scenario20,load_shed,12,0.0
Stage2,Scenario20,load_shed,13,0.0
Stage2,Scenario20,load_shed,14,0.0
Stage2,Scenario20,load_shed,15,0.0
Stage2,Scenario20,load_shed,16,0.0
Stage2,Scenario20,load_shed,17,0.0
Stage2,Scenario20,load_shed,18,0.0
Stage2,Scenario20,load_shed,19,0.0
Stage2,Scenario20,load_shed,2,0.0
Stage2,Scenario20,load_shed,20,0.0
Stage2,Scenario20,load_shed,21,0.0
Stage2,Scenario20,load_shed,22,0.0
Stage2,Scenario20,load_shed,23,0.0
Stage2,Scenario20,load_shed,24,0.0
Stage2,Scenario20,load_shed,25,0.0
Stage2,Scenario20,load_shed,26,0.0
Stage2,Scenario20,load_shed,27,0.0
Stage2,Scenario20,load_shed,28,0.0
Stage2,Scenario20,load_shed,29,0.0
Stage2,Scenario20,load_shed,3,0.0
Stage2,Scenario20,load_shed,30,0.0
Stage2,Scenario20,load_shed,31,0.0
Stage2,Scenario20,load_shed,32,0.0
Stage2,Scenario20,load_shed,33,0.0
Stage2,Scenario20,load_shed,34,0.0
Stage2,Scenario20,load_shed,35,0.0
Stage2,Scenario20,load_shed,36,0.0
Stage2,Scenario20,load_shed,37,0.0
Stage2,Scenario20,load_shed,38,0.0
Stage2,Scenario20,load_shed,39,0.0
Stage2,Scenario20,load_shed,4,0.0
Stage2,Scenario20,load_shed,40,0.0
Stage2,Scenario20,load_shed,41,0.0
Stage2,Scenario20,load_shed,42,0.0
Stage2,Scenario20,load_shed,43,0.0
Stage2,Scenario20,load_shed,44,0.0
Stage2,Scenario20,load_shed,45,0.0
Stage2,Scenario20,load_shed,46,0.0
Stage2,Scenario20,load_shed,47,0.0
Stage2,Scenario20,load_shed,48,0.0
Stage2,Scenario20,load_shed,49,0.0
Stage2,Scenario20,load_shed,5,0.0
Stage2,Scenario20,load_shed,50,0.0
Stage2,Scenario20,load_shed,51,0.0
Stage2,Scenario20,load_shed,52,0.0
Stage2,Scenario20,load_shed,53,0.0
Stage2,Scenario20,load_shed,54,0.0
Stage2,Scenario20,load_shed,55,0.0
Stage2,Scenario20,load_shed,56,0.0
Stage2,Scenario20,load_shed,57,0.0
Stage2,Scenario20,load_shed,58,0.0
Stage2,Scenario20,load_shed,59,0.0
Stage2,Scenario20,load_shed,6,0.0
Stage2,Scenario20,load_shed,60,0.0
Stage2,Scenario20,load_shed,61,0.0
Stage2,Scenario20,load_shed,62,0.0
Stage2,Scenario20,load_shed,63,0.0
Stage2,Scenario20,load_shed,64,0.0
Stage2,Scenario20,load_shed,65,0.0
Stage2,Scenario20,load_shed,66,0.0
Stage2,Scenario20,load_shed,67,0.0
Stage2,Scenario20,load_shed,68,0.0
Stage2,Scenario20,load_shed,69,0.0
Stage2,Scenario20,load_shed,7,0.0
Stage2,Scenario20,load_shed,70,0.0
Stage2,Scenario20,load_shed,71,0.0
Stage2,Scenario20,load_shed,72,0.0
Stage2,Scenario20,load_shed,8,0.0
Stage2,Scenario20,load_shed,9,0.0
Stage2,Scenario20,load_shed_value,None,0.0
Stage2,Scenario20,nu,None,0.0
Stage2,Scenario20,theta,0,-0.29117418461414496
Stage2,Scenario20,theta,1,-0.28966698550274156
Stage2,Scenario20,theta,10,-0.07262548550777052
Stage2,Scenario20,theta,11,-0.05444826095524654
Stage2,Scenario20,theta,12,0.0
Stage2,Scenario20,theta,13,0.0222651825400466
Stage2,Scenario20,theta,14,0.46974128000906984
Stage2,Scenario20,theta,15,0.27002397813102774
Stage2,Scenario20,theta,16,0.4000239781310277
Stage2,Scenario20,theta,17,0.448382208734457
Stage2,Scenario20,theta,18,0.23895791539530856
Stage2,Scenario20,theta,19,0.2306899802027535
Stage2,Scenario20,theta,2,-0.34098863481842145
Stage2,Scenario20,theta,20,0.5109012800090698
Stage2,Scenario20,theta,21,0.5623372486053082
Stage2,Scenario20,theta,22,0.24249629802480083
Stage2,Scenario20,theta,23,0.46974128000906984
Stage2,Scenario20,theta,24,-0.37355542133366576
Stage2,Scenario20,theta,25,-0.3657567976527338
Stage2,Scenario20,theta,26,-0.46366182109628357
Stage2,Scenario20,theta,27,-0.4597367976527338
Stage2,Scenario20,theta,28,-0.4339054213336658
Stage2,Scenario20,theta,29,-0.299124244314238
Stage2,Scenario20,theta,3,-0.29811224078370635
Stage2,Scenario20,theta,30,-0.4208030084100119
Stage2,Scenario20,theta,31,-0.3713930084100117
Stage2,Scenario20,theta,32,-0.13199148997270296
Stage2,Scenario20,theta,33,-0.19499452684732005
Stage2,Scenario20,theta,34,-0.020356701134130233
Stage2,Scenario20,theta,35,0.033317171947487734
Stage2,Scenario20,theta,36,0.10376186601182111
Stage2,Scenario20,theta,37,0.011259683253430415
Stage2,Scenario20,theta,38,0.16210272884846413
Stage2,Scenario20,theta,39,0.17013317560738467
Stage2,Scenario20,theta,4,-0.29725760381520455
Stage2,Scenario20,theta,40,0.22507564229510507
Stage2,Scenario20,theta,41,0.23353528597207046
Stage2,Scenario20,theta,42,0.18167868069978135
Stage2,Scenario20,theta,43,0.22791825034534363
Stage2,Scenario20,theta,44,0.24139066938639542
Stage2,Scenario20,theta,45,0.3587928552695877
Stage2,Scenario20,theta,46,0.30694177695546215
Stage2,Scenario20,theta,47,-0.46366182109628357
Stage2,Scenario20,theta,48,0.27013158402793985
Stage2,Scenario20,theta,49,0.2681726117925369
Stage2,Scenario20,theta,5,-0.31574919622957237
Stage2,Scenario20,theta,50,0.3744614842507016
Stage2,Scenario20,theta,51,0.29579281789426437
Stage2,Scenario20,theta,52,0.28079671123744127
Stage2,Scenario20,theta,53,0.2705901747905641
Stage2,Scenario20,theta,54,0.1175345970638914
Stage2,Scenario20,theta,55,0.16694459706389156
Stage2,Scenario20,theta,56,0.39537093942638785
Stage2,Scenario20,theta,57,0.35431825470139566
Stage2,Scenario20,theta,58,0.5682757552990885
Stage2,Scenario20,theta,59,0.5916983322160303
Stage2,Scenario20,theta,6,-0.24261599342700163
Stage2,Scenario20,theta,60,0.7833521306765094
Stage2,Scenario20,theta,61,0.56941608702674
Stage2,Scenario20,theta,62,0.6652803949588166
Stage2,Scenario20,theta,63,0.6854779815965361
Stage2,Scenario20,theta,64,0.7990484921953902
Stage2,Scenario20,theta,65,0.7393999822586841
Stage2,Scenario20,theta,66,0.6518323746843342
Stage2,Scenario20,theta,67,0.6587753251954629
Stage2,Scenario20,theta,68,0.7434513558375027
Stage2,Scenario20,theta,69,0.866007455677597
Stage2,Scenario20,theta,7,-0.2991657108939196
Stage2,Scenario20,theta,70,0.6945725707577045
Stage2,Scenario20,theta,71,0.5551056655633486
Stage2,Scenario20,theta,72,0.6789778385243298
Stage2,Scenario20,theta,8,-0.22806804038386647
Stage2,Scenario20,theta,9,-0.2410757319292425
Stage2,Scenario20,xij,0,1.0
Stage2,Scenario20,xij,1,1.0
Stage2,Scenario20,xij,10,1.0
Stage2,Scenario20,xij,100,1.0
Stage2,Scenario20,xij,101,1.0
Stage2,Scenario20,xij,102,1.0
Stage2,Scenario20,xij,103,1.0
Stage2,Scenario20,xij,104,1.0
Stage2,Scenario20,xij,105,1.0
Stage2,Scenario20,xij,106,1.0
Stage2,Scenario20,xij,107,1.0
Stage2,Scenario20,xij,108,1.0
Stage2,Scenario20,xij,109,1.0
Stage2,Scenario20,xij,11,1.0
Stage2,Scenario20,xij,110,1.0
Stage2,Scenario20,xij,111,1.0
Stage2,Scenario20,xij,112,1.0
Stage2,Scenario20,xij,113,1.0
Stage2,Scenario20,xij,114,1.0
Stage2,Scenario20,xij,115,0.0
Stage2,Scenario20,xij,116,1.0
Stage2,Scenario20,xij,117,1.0
Stage2,Scenario20,xij,118,1.0
Stage2,Scenario20,xij,119,1.0
Stage2,Scenario20,xij,12,1.0
Stage2,Scenario20,xij,13,1.0
Stage2,Scenario20,xij,14,1.0
Stage2,Scenario20,xij,15,1.0
Stage2,Scenario20,xij,16,1.0
Stage2,Scenario20,xij,17,1.0
Stage2,Scenario20,xij,18,1.0
Stage2,Scenario20,xij,19,1.0
Stage2,Scenario20,xij,2,1.0
Stage2,Scenario20,xij,20,1.0
Stage2,Scenario20,xij,21,1.0
Stage2,Scenario20,xij,22,0.0
Stage2,Scenario20,xij,23,1.0
Stage2,Scenario20,xij,24,1.0
Stage2,Scenario20,xij,25,0.0
Stage2,Scenario20,xij,26,1.0
Stage2,Scenario20,xij,27,1.0
Stage2,Scenario20,xij,28,1.0
Stage2,Scenario20,xij,29,1.0
Stage2,Scenario20,xij,3,1.0
Stage2,Scenario20,xij,30,1.0
Stage2,Scenario20,xij,31,1.0
Stage2,Scenario20,xij,32,1.0
Stage2,Scenario20,xij,33,1.0
Stage2,Scenario20,xij,34,1.0
Stage2,Scenario20,xij,35,0.0
Stage2,Scenario20,xij,36,1.0
Stage2,Scenario20,xij,37,1.0
Stage2,Scenario20,xij,38,1.0
Stage2,Scenario20,xij,39,1.0
Stage2,Scenario20,xij,4,1.0
Stage2,Scenario20,xij,40,1.0
Stage2,Scenario20,xij,41,1.0
Stage2,Scenario20,xij,42,1.0
Stage2,Scenario20,xij,43,1.0
Stage2,Scenario20,xij,44,1.0
Stage2,Scenario20,xij,45,1.0
Stage2,Scenario20,xij,46,0.0
Stage2,Scenario20,xij,47,1.0
Stage2,Scenario20,xij,48,0.0
Stage2,Scenario20,xij,49,0.0
Stage2,Scenario20,xij,5,1.0
Stage2,Scenario20,xij,50,1.0
Stage2,Scenario20,xij,51,1.0
Stage2,Scenario20,xij,52,1.0
Stage2,Scenario20,xij,53,1.0
Stage2,Scenario20,xij,54,1.0
Stage2,Scenario20,xij,55,1.0
Stage2,Scenario20,xij,56,1.0
Stage2,Scenario20,xij,57,1.0
Stage2,Scenario20,xij,58,1.0
Stage2,Scenario20,xij,59,1.0
Stage2,Scenario20,xij,6,0.0
Stage2,Scenario20,xij,60,1.0
Stage2,Scenario20,xij,61,1.0
Stage2,Scenario20,xij,62,1.0
Stage2,Scenario20,xij,63,1.0
Stage2,Scenario20,xij,64,1.0
Stage2,Scenario20,xij,65,1.0
Stage2,Scenario20,xij,66,1.0
Stage2,Scenario20,xij,67,0.0
Stage2,Scenario20,xij,68,1.0
Stage2,Scenario20,xij,69,1.0
Stage2,Scenario20,xij,7,1.0
Stage2,Scenario20,xij,70,1.0
Stage2,Scenario20,xij,71,1.0
Stage2,Scenario20,xij,72,1.0
Stage2,Scenario20,xij,73,1.0
Stage2,Scenario20,xij,74,1.0
Stage2,Scenario20,xij,75,1.0
Stage2,Scenario20,xij,76,0.0
Stage2,Scenario20,xij,77,1.0
Stage2,Scenario20,xij,78,1.0
Stage2,Scenario20,xij,79,1.0
Stage2,Scenario20,xij,8,1.0
Stage2,Scenario20,xij,80,1.0
Stage2,Scenario20,xij,81,1.0
Stage2,Scenario20,xij,82,1.0
Stage2,Scenario20,xij,83,1.0
Stage2,Scenario20,xij,84,1.0
Stage2,Scenario20,xij,85,1.0
Stage2,Scenario20,xij,86,1.0
Stage2,Scenario20,xij,87,1.0
Stage2,Scenario20,xij,88,1.0
Stage2,Scenario20,xij,89,1.0
Stage2,Scenario20,xij,9,1.0
Stage2,Scenario20,xij,90,1.0
Stage2,Scenario20,xij,91,1.0
Stage2,Scenario20,xij,92,1.0
Stage2,Scenario20,xij,93,1.0
Stage2,Scenario20,xij,94,1.0
Stage2,Scenario20,xij,95,1.0
Stage2,Scenario20,xij,96,1.0
Stage2,Scenario20,xij,97,1.0
Stage2,Scenario20,xij,98,1.0
Stage2,Scenario20,xij,99,1.0
Stage2,Scenario21,Pij,0,-0.07906058226669851
Stage2,Scenario21,Pij,1,-0.25875155051666027
Stage2,Scenario21,Pij,10,0.9586493780936088
Stage2,Scenario21,Pij,100,-0.21767411565268227
Stage2,Scenario21,Pij,101,-1.574379041132227
Stage2,Scenario21,Pij,102,-3.915208699898721
Stage2,Scenario21,Pij,103,0.0
Stage2,Scenario21,Pij,104,0.0
Stage2,Scenario21,Pij,105,1.6552086998987123
Stage2,Scenario21,Pij,106,-3.8854099652760725
Stage2,Scenario21,Pij,107,-1.354177775754875
Stage2,Scenario21,Pij,108,-3.8854099652760725
Stage2,Scenario21,Pij,109,0.0
Stage2,Scenario21,Pij,11,0.9273506219063914
Stage2,Scenario21,Pij,110,-2.069999999999998
Stage2,Scenario21,Pij,111,-2.069999999999998
Stage2,Scenario21,Pij,112,-1.5820888878774375
Stage2,Scenario21,Pij,113,-1.5820888878774375
Stage2,Scenario21,Pij,114,-2.2220888878774376
Stage2,Scenario21,Pij,115,-2.2220888878774376
Stage2,Scenario21,Pij,116,-2.4399999999999977
Stage2,Scenario21,Pij,117,-2.859915350090087
Stage2,Scenario21,Pij,118,0.2545900347239236
Stage2,Scenario21,Pij,119,-2.859915350090087
Stage2,Scenario21,Pij,12,0.0
Stage2,Scenario21,Pij,13,-0.7513506219063912
Stage2,Scenario21,Pij,14,-1.001751683304962
Stage2,Scenario21,Pij,15,-1.1623511703175469
Stage2,Scenario21,Pij,16,-1.808744569916938
Stage2,Scenario21,Pij,17,-1.9717174483632072
Stage2,Scenario21,Pij,18,-1.5637908997987395
Stage2,Scenario21,Pij,19,-1.24670535342316
Stage2,Scenario21,Pij,2,0.5378121327833554
Stage2,Scenario21,Pij,20,-1.274310324458554
Stage2,Scenario21,Pij,21,-1.8597582942221995
Stage2,Scenario21,Pij,22,-1.3704558501786528
Stage2,Scenario21,Pij,23,-0.981645374078644
Stage2,Scenario21,Pij,24,-3.18670535342316
Stage2,Scenario21,Pij,25,-0.38407732651795246
Stage2,Scenario21,Pij,26,0.0
Stage2,Scenario21,Pij,27,-3.642708423485803
Stage2,Scenario21,Pij,28,2.2067857500037538
Stage2,Scenario21,Pij,29,-4.791701541790314
Stage2,Scenario21,Pij,3,0.17786294689039583
Stage2,Scenario21,Pij,30,1.7709188618492022
Stage2,Scenario21,Pij,31,-1.1023762264241104
Stage2,Scenario21,Pij,32,-3.6893253153662036
Stage2,Scenario21,Pij,33,-1.228688113212055
Stage2,Scenario21,Pij,34,-1.228688113212055
Stage2,Scenario21,Pij,35,0.313459430924601
Stage2,Scenario21,Pij,36,0.313459430924601
Stage2,Scenario21,Pij,37,-0.326540569075399
Stage2,Scenario21,Pij,38,-0.326540569075399
Stage2,Scenario21,Pij,39,-5.0
Stage2,Scenario21,Pij,4,0.45307647084290226
Stage2,Scenario21,Pij,40,0.18670471744834363
Stage2,Scenario21,Pij,41,-0.4028249944818623
Stage2,Scenario21,Pij,42,0.0428249944818589
Stage2,Scenario21,Pij,43,0.0
Stage2,Scenario21,Pij,44,-0.030794276586060043
Stage2,Scenario21,Pij,45,0.3379692821041944
Stage2,Scenario21,Pij,46,-0.8298243836117498
Stage2,Scenario21,Pij,47,0.0
Stage2,Scenario21,Pij,48,-0.77079427658606
Stage2,Scenario21,Pij,49,-0.71
Stage2,Scenario21,Pij,5,0.14803419948709345
Stage2,Scenario21,Pij,50,-1.0220307178958057
Stage2,Scenario21,Pij,51,-0.040000000000000036
Stage2,Scenario21,Pij,52,0.0
Stage2,Scenario21,Pij,53,-1.75
Stage2,Scenario21,Pij,54,-1.3476808024925642
Stage2,Scenario21,Pij,55,-2.002937857705244
Stage2,Scenario21,Pij,56,-2.3835450304409767
Stage2,Scenario21,Pij,57,-3.04848568745483
Stage2,Scenario21,Pij,58,-2.255390217020005
Stage2,Scenario21,Pij,59,-1.4758356159135473
Stage2,Scenario21,Pij,6,-2.2067857500037538
Stage2,Scenario21,Pij,60,-1.074289374999043
Stage2,Scenario21,Pij,61,-1.9771341701610232
Stage2,Scenario21,Pij,62,-1.6116795920190474
Stage2,Scenario21,Pij,63,-3.415835615913547
Stage2,Scenario21,Pij,64,2.2839868862591897
Stage2,Scenario21,Pij,65,-1.2923161301689166
Stage2,Scenario21,Pij,66,-1.2923161301689166
Stage2,Scenario21,Pij,67,0.0
Stage2,Scenario21,Pij,68,-2.7160724571105095
Stage2,Scenario21,Pij,69,1.834223727456152
Stage2,Scenario21,Pij,7,-0.5621370531096042
Stage2,Scenario21,Pij,70,-1.1679030948077733
Stage2,Scenario21,Pij,71,-1.3614646448543926
Stage2,Scenario21,Pij,72,-0.5839515474038867
Stage2,Scenario21,Pij,73,-0.5839515474038867
Stage2,Scenario21,Pij,74,0.012111863728075923
Stage2,Scenario21,Pij,75,0.012111863728075923
Stage2,Scenario21,Pij,76,0.0
Stage2,Scenario21,Pij,77,-1.2557762725438482
Stage2,Scenario21,Pij,78,-1.6385353551456077
Stage2,Scenario21,Pij,79,-0.08316165787027668
Stage2,Scenario21,Pij,8,-0.17218786721664456
Stage2,Scenario21,Pij,80,-0.39683834212972907
Stage2,Scenario21,Pij,81,0.0
Stage2,Scenario21,Pij,82,-0.3033011013189608
Stage2,Scenario21,Pij,83,-0.14986055655132158
Stage2,Scenario21,Pij,84,-0.5416296422310165
Stage2,Scenario21,Pij,85,-1.6552086998987123
Stage2,Scenario21,Pij,86,-1.0433011013189608
Stage2,Scenario21,Pij,87,-0.71
Stage2,Scenario21,Pij,88,-1.5098605565513217
Stage2,Scenario21,Pij,89,0.0
Stage2,Scenario21,Pij,9,-0.9069235291570978
Stage2,Scenario21,Pij,90,-0.9342358593854413
Stage2,Scenario21,Pij,91,-0.7757641406145587
Stage2,Scenario21,Pij,92,-1.7541179318831441
Stage2,Scenario21,Pij,93,-2.5150486710522735
Stage2,Scenario21,Pij,94,-2.086724338068558
Stage2,Scenario21,Pij,95,-2.8589003590973294
Stage2,Scenario21,Pij,96,-4.206463228819474
Stage2,Scenario21,Pij,97,0.365620958867773
Stage2,Scenario21,Pij,98,-2.834885571467076
Stage2,Scenario21,Pij,99,-1.598063458682527
Stage2,Scenario21,bus_gen,0:0,0.0799999999999983
Stage2,Scenario21,bus_gen,0:1,0.0799999999999983
Stage2,Scenario21,bus_gen,0:113,0.0
Stage2,Scenario21,bus_gen,0:117,0.0
Stage2,Scenario21,bus_gen,0:118,0.0
Stage2,Scenario21,bus_gen,0:119,0.0
Stage2,Scenario21,bus_gen,0:2,0.56
Stage2,Scenario21,bus_gen,0:3,0.56
Stage2,Scenario21,bus_gen,1:112,0.0
Stage2,Scenario21,bus_gen,1:114,0.0
Stage2,Scenario21,bus_gen,1:4,0.0799999999999983
Stage2,Scenario21,bus_gen,1:5,0.0799999999999983
Stage2,Scenario21,bus_gen,1:6,0.76
Stage2,Scenario21,bus_gen,1:7,0.76
Stage2,Scenario21,bus_gen,12:10,0.55
Stage2,Scenario21,bus_gen,12:109,0.9359999999999999
Stage2,Scenario21,bus_gen,12:11,0.55
Stage2,Scenario21,bus_gen,12:12,0.55
Stage2,Scenario21,bus_gen,12:9,0.55
Stage2,Scenario21,bus_gen,13:72,0.0
Stage2,Scenario21,bus_gen,14:13,0.04999999999999894
Stage2,Scenario21,bus_gen,14:14,0.04999999999999894
Stage2,Scenario21,bus_gen,14:15,1.2500000000000002
Stage2,Scenario21,bus_gen,15:16,1.55
Stage2,Scenario21,bus_gen,17:141,0.0
Stage2,Scenario21,bus_gen,17:142,0.0
Stage2,Scenario21,bus_gen,17:143,0.0
Stage2,Scenario21,bus_gen,17:144,0.0
Stage2,Scenario21,bus_gen,17:145,0.0
Stage2,Scenario21,bus_gen,17:146,0.0
Stage2,Scenario21,bus_gen,17:148,0.0
Stage2,Scenario21,bus_gen,17:149,0.0
Stage2,Scenario21,bus_gen,17:150,0.0
Stage2,Scenario21,bus_gen,17:151,0.0
Stage2,Scenario21,bus_gen,17:17,1.975
Stage2,Scenario21,bus_gen,18:121,0.6659999999999999
Stage2,Scenario21,bus_gen,2:120,0.0
Stage2,Scenario21,bus_gen,20:73,3.96
Stage2,Scenario21,bus_gen,21:156,7.135
Stage2,Scenario21,bus_gen,21:74,0.5
Stage2,Scenario21,bus_gen,21:75,0.05432531536620467
Stage2,Scenario21,bus_gen,21:76,0.0
Stage2,Scenario21,bus_gen,21:77,0.5
Stage2,Scenario21,bus_gen,21:78,0.0
Stage2,Scenario21,bus_gen,21:79,0.5
Stage2,Scenario21,bus_gen,22:18,0.6199999999999983
Stage2,Scenario21,bus_gen,22:19,1.7999999999999987
Stage2,Scenario21,bus_gen,22:20,0.55
Stage2,Scenario21,bus_gen,22:21,0.55
Stage2,Scenario21,bus_gen,22:22,0.55
Stage2,Scenario21,bus_gen,24:23,0.0799999999999983
Stage2,Scenario21,bus_gen,24:24,0.0799999999999983
Stage2,Scenario21,bus_gen,24:25,0.56
Stage2,Scenario21,bus_gen,24:80,0.0
Stage2,Scenario21,bus_gen,25:26,0.0799999999999983
Stage2,Scenario21,bus_gen,25:27,0.0799999999999983
Stage2,Scenario21,bus_gen,25:28,0.76
Stage2,Scenario21,bus_gen,25:29,0.76
Stage2,Scenario21,bus_gen,3:115,0.0
Stage2,Scenario21,bus_gen,30:30,0.55
Stage2,Scenario21,bus_gen,30:31,0.55
Stage2,Scenario21,bus_gen,35:116,2.0
Stage2,Scenario21,bus_gen,36:152,0.132
Stage2,Scenario21,bus_gen,36:32,3.136
Stage2,Scenario21,bus_gen,36:33,0.55
Stage2,Scenario21,bus_gen,36:34,0.55
Stage2,Scenario21,bus_gen,37:81,0.0
Stage2,Scenario21,bus_gen,38:111,1.251
Stage2,Scenario21,bus_gen,38:35,0.55
Stage2,Scenario21,bus_gen,38:36,0.55
Stage2,Scenario21,bus_gen,38:82,0.5
Stage2,Scenario21,bus_gen,38:83,0.5
Stage2,Scenario21,bus_gen,38:84,0.5
Stage2,Scenario21,bus_gen,39:37,1.2500000000000002
Stage2,Scenario21,bus_gen,41:38,3.33
Stage2,Scenario21,bus_gen,44:39,2.1139999999999985
Stage2,Scenario21,bus_gen,45:85,0.5
Stage2,Scenario21,bus_gen,45:86,0.5
Stage2,Scenario21,bus_gen,45:87,0.5
Stage2,Scenario21,bus_gen,45:88,0.5
Stage2,Scenario21,bus_gen,45:89,0.5
Stage2,Scenario21,bus_gen,45:90,0.5
Stage2,Scenario21,bus_gen,46:40,0.7699999999999984
Stage2,Scenario21,bus_gen,46:41,0.7699999999999984
Stage2,Scenario21,bus_gen,46:42,1.3999999999999986
Stage2,Scenario21,bus_gen,46:43,0.55
Stage2,Scenario21,bus_gen,46:44,0.55
Stage2,Scenario21,bus_gen,46:45,0.55
Stage2,Scenario21,bus_gen,48:46,0.0799999999999983
Stage2,Scenario21,bus_gen,48:47,0.0799999999999983
Stage2,Scenario21,bus_gen,48:48,0.21999999999999884
Stage2,Scenario21,bus_gen,48:49,0.21999999999999884
Stage2,Scenario21,bus_gen,49:50,0.0799999999999983
Stage2,Scenario21,bus_gen,49:51,0.0799999999999983
Stage2,Scenario21,bus_gen,49:52,0.21999999999999884
Stage2,Scenario21,bus_gen,49:53,0.21999999999999884
Stage2,Scenario21,bus_gen,50:155,0.0
Stage2,Scenario21,bus_gen,54:54,0.55
Stage2,Scenario21,bus_gen,54:55,0.55
Stage2,Scenario21,bus_gen,55:122,0.0
Stage2,Scenario21,bus_gen,56:153,0.0
Stage2,Scenario21,bus_gen,57:103,0.0
Stage2,Scenario21,bus_gen,57:106,0.0
Stage2,Scenario21,bus_gen,59:105,0.941
Stage2,Scenario21,bus_gen,6:8,3.136
Stage2,Scenario21,bus_gen,60:102,0.0
Stage2,Scenario21,bus_gen,60:123,0.0
Stage2,Scenario21,bus_gen,60:124,0.0
Stage2,Scenario21,bus_gen,60:125,0.654
Stage2,Scenario21,bus_gen,60:126,0.67
Stage2,Scenario21,bus_gen,60:127,0.648
Stage2,Scenario21,bus_gen,60:128,0.638
Stage2,Scenario21,bus_gen,60:129,0.6409999999999999
Stage2,Scenario21,bus_gen,60:130,0.6659999999999999
Stage2,Scenario21,bus_gen,60:131,0.624
Stage2,Scenario21,bus_gen,60:132,0.669
Stage2,Scenario21,bus_gen,60:133,0.652
Stage2,Scenario21,bus_gen,60:134,0.278
Stage2,Scenario21,bus_gen,60:138,0.272
Stage2,Scenario21,bus_gen,60:157,0.4106746846338697
Stage2,Scenario21,bus_gen,60:56,1.6999999999999984
Stage2,Scenario21,bus_gen,60:99,0.951
Stage2,Scenario21,bus_gen,61:100,0.0
Stage2,Scenario21,bus_gen,61:101,0.0
Stage2,Scenario21,bus_gen,61:91,0.0
Stage2,Scenario21,bus_gen,61:97,0.0
Stage2,Scenario21,bus_gen,61:98,0.0
Stage2,Scenario21,bus_gen,62:57,0.04999999999999894
Stage2,Scenario21,bus_gen,62:58,0.04999999999999894
Stage2,Scenario21,bus_gen,62:59,0.04999999999999894
Stage2,Scenario21,bus_gen,62:60,0.04999999999999894
Stage2,Scenario21,bus_gen,62:61,0.04999999999999894
Stage2,Scenario21,bus_gen,62:62,0.21999999999999884
Stage2,Scenario21,bus_gen,62:63,0.21999999999999884
Stage2,Scenario21,bus_gen,62:64,0.21999999999999884
Stage2,Scenario21,bus_gen,63:65,1.2500000000000002
Stage2,Scenario21,bus_gen,64:154,0.0
Stage2,Scenario21,bus_gen,65:66,3.33
Stage2,Scenario21,bus_gen,66:110,0.0
Stage2,Scenario21,bus_gen,67:135,0.0
Stage2,Scenario21,bus_gen,67:136,0.0
Stage2,Scenario21,bus_gen,67:137,0.0
Stage2,Scenario21,bus_gen,67:139,0.0
Stage2,Scenario21,bus_gen,67:140,0.0
Stage2,Scenario21,bus_gen,67:147,0.0
Stage2,Scenario21,bus_gen,67:96,0.0
Stage2,Scenario21,bus_gen,68:67,1.6999999999999984
Stage2,Scenario21,bus_gen,69:68,0.21999999999999884
Stage2,Scenario21,bus_gen,69:69,0.21999999999999884
Stage2,Scenario21,bus_gen,69:92,0.5
Stage2,Scenario21,bus_gen,69:93,0.5
Stage2,Scenario21,bus_gen,69:94,0.5
Stage2,Scenario21,bus_gen,69:95,0.5
Stage2,Scenario21,bus_gen,70:70,1.6999999999999984
Stage2,Scenario21,bus_gen,70:71,1.6999999999999984
Stage2,Scenario21,bus_gen,71:104,0.0
Stage2,Scenario21,bus_gen,71:107,0.0
Stage2,Scenario21,bus_gen,71:108,0.0
Stage2,Scenario21,cvar,None,27.453684210526298
Stage2,Scenario21,gen_curtailment,0:0,0.0
Stage2,Scenario21,gen_curtailment,0:1,0.0
Stage2,Scenario21,gen_curtailment,0:113,0.0
Stage2,Scenario21,gen_curtailment,0:117,0.0
Stage2,Scenario21,gen_curtailment,0:118,0.0
Stage2,Scenario21,gen_curtailment,0:119,0.0
Stage2,Scenario21,gen_curtailment,0:2,0.0
Stage2,Scenario21,gen_curtailment,0:3,0.0
Stage2,Scenario21,gen_curtailment,1:112,0.0
Stage2,Scenario21,gen_curtailment,1:114,0.0
Stage2,Scenario21,gen_curtailment,1:4,0.0
Stage2,Scenario21,gen_curtailment,1:5,0.0
Stage2,Scenario21,gen_curtailment,1:6,0.0
Stage2,Scenario21,gen_curtailment,1:7,0.0
Stage2,Scenario21,gen_curtailment,12:10,0.0
Stage2,Scenario21,gen_curtailment,12:109,0.0
Stage2,Scenario21,gen_curtailment,12:11,0.0
Stage2,Scenario21,gen_curtailment,12:12,0.0
Stage2,Scenario21,gen_curtailment,12:9,0.0
Stage2,Scenario21,gen_curtailment,13:72,0.0
Stage2,Scenario21,gen_curtailment,14:13,0.0
Stage2,Scenario21,gen_curtailment,14:14,0.0
Stage2,Scenario21,gen_curtailment,14:15,0.0
Stage2,Scenario21,gen_curtailment,15:16,0.0
Stage2,Scenario21,gen_curtailment,17:141,0.0
Stage2,Scenario21,gen_curtailment,17:142,0.0
Stage2,Scenario21,gen_curtailment,17:143,0.0
Stage2,Scenario21,gen_curtailment,17:144,0.0
Stage2,Scenario21,gen_curtailment,17:145,0.0
Stage2,Scenario21,gen_curtailment,17:146,0.0
Stage2,Scenario21,gen_curtailment,17:148,0.0
Stage2,Scenario21,gen_curtailment,17:149,0.0
Stage2,Scenario21,gen_curtailment,17:150,0.0
Stage2,Scenario21,gen_curtailment,17:151,0.0
Stage2,Scenario21,gen_curtailment,17:17,0.0
Stage2,Scenario21,gen_curtailment,18:121,0.0
Stage2,Scenario21,gen_curtailment,2:120,0.0
Stage2,Scenario21,gen_curtailment,20:73,0.0
Stage2,Scenario21,gen_curtailment,21:156,0.0
Stage2,Scenario21,gen_curtailment,21:74,0.0
Stage2,Scenario21,gen_curtailment,21:75,0.0
Stage2,Scenario21,gen_curtailment,21:76,0.0
Stage2,Scenario21,gen_curtailment,21:77,0.0
Stage2,Scenario21,gen_curtailment,21:78,0.0
Stage2,Scenario21,gen_curtailment,21:79,0.0
Stage2,Scenario21,gen_curtailment,22:18,0.0
Stage2,Scenario21,gen_curtailment,22:19,0.0
Stage2,Scenario21,gen_curtailment,22:20,0.0
Stage2,Scenario21,gen_curtailment,22:21,0.0
Stage2,Scenario21,gen_curtailment,22:22,0.0
Stage2,Scenario21,gen_curtailment,24:23,0.0
Stage2,Scenario21,gen_curtailment,24:24,0.0
Stage2,Scenario21,gen_curtailment,24:25,0.0
Stage2,Scenario21,gen_curtailment,24:80,0.0
Stage2,Scenario21,gen_curtailment,25:26,0.0
Stage2,Scenario21,gen_curtailment,25:27,0.0
Stage2,Scenario21,gen_curtailment,25:28,0.0
Stage2,Scenario21,gen_curtailment,25:29,0.0
Stage2,Scenario21,gen_curtailment,3:115,0.0
Stage2,Scenario21,gen_curtailment,30:30,0.0
Stage2,Scenario21,gen_curtailment,30:31,0.0
Stage2,Scenario21,gen_curtailment,35:116,0.0
Stage2,Scenario21,gen_curtailment,36:152,0.0
Stage2,Scenario21,gen_curtailment,36:32,0.0
Stage2,Scenario21,gen_curtailment,36:33,0.0
Stage2,Scenario21,gen_curtailment,36:34,0.0
Stage2,Scenario21,gen_curtailment,37:81,0.0
Stage2,Scenario21,gen_curtailment,38:111,0.0
Stage2,Scenario21,gen_curtailment,38:35,0.0
Stage2,Scenario21,gen_curtailment,38:36,0.0
Stage2,Scenario21,gen_curtailment,38:82,0.0
Stage2,Scenario21,gen_curtailment,38:83,0.0
Stage2,Scenario21,gen_curtailment,38:84,0.0
Stage2,Scenario21,gen_curtailment,39:37,0.0
Stage2,Scenario21,gen_curtailment,41:38,0.0
Stage2,Scenario21,gen_curtailment,44:39,0.0
Stage2,Scenario21,gen_curtailment,45:85,0.0
Stage2,Scenario21,gen_curtailment,45:86,0.0
Stage2,Scenario21,gen_curtailment,45:87,0.0
Stage2,Scenario21,gen_curtailment,45:88,0.0
Stage2,Scenario21,gen_curtailment,45:89,0.0
Stage2,Scenario21,gen_curtailment,45:90,0.0
Stage2,Scenario21,gen_curtailment,46:40,0.0
Stage2,Scenario21,gen_curtailment,46:41,0.0
Stage2,Scenario21,gen_curtailment,46:42,0.0
Stage2,Scenario21,gen_curtailment,46:43,0.0
Stage2,Scenario21,gen_curtailment,46:44,0.0
Stage2,Scenario21,gen_curtailment,46:45,0.0
Stage2,Scenario21,gen_curtailment,48:46,0.0
Stage2,Scenario21,gen_curtailment,48:47,0.0
Stage2,Scenario21,gen_curtailment,48:48,0.0
Stage2,Scenario21,gen_curtailment,48:49,0.0
Stage2,Scenario21,gen_curtailment,49:50,0.0
Stage2,Scenario21,gen_curtailment,49:51,0.0
Stage2,Scenario21,gen_curtailment,49:52,0.0
Stage2,Scenario21,gen_curtailment,49:53,0.0
Stage2,Scenario21,gen_curtailment,50:155,0.0
Stage2,Scenario21,gen_curtailment,54:54,0.0
Stage2,Scenario21,gen_curtailment,54:55,0.0
Stage2,Scenario21,gen_curtailment,55:122,0.0
Stage2,Scenario21,gen_curtailment,56:153,0.0
Stage2,Scenario21,gen_curtailment,57:103,0.0
Stage2,Scenario21,gen_curtailment,57:106,0.0
Stage2,Scenario21,gen_curtailment,59:105,0.0
Stage2,Scenario21,gen_curtailment,6:8,0.0
Stage2,Scenario21,gen_curtailment,60:102,0.0
Stage2,Scenario21,gen_curtailment,60:123,0.0
Stage2,Scenario21,gen_curtailment,60:124,0.0
Stage2,Scenario21,gen_curtailment,60:125,0.0
Stage2,Scenario21,gen_curtailment,60:126,0.0
Stage2,Scenario21,gen_curtailment,60:127,0.0
Stage2,Scenario21,gen_curtailment,60:128,0.0
Stage2,Scenario21,gen_curtailment,60:129,0.0
Stage2,Scenario21,gen_curtailment,60:130,0.0
Stage2,Scenario21,gen_curtailment,60:131,0.0
Stage2,Scenario21,gen_curtailment,60:132,0.0
Stage2,Scenario21,gen_curtailment,60:133,0.0
Stage2,Scenario21,gen_curtailment,60:134,0.0
Stage2,Scenario21,gen_curtailment,60:138,0.0
Stage2,Scenario21,gen_curtailment,60:157,0.0
Stage2,Scenario21,gen_curtailment,60:56,0.0
Stage2,Scenario21,gen_curtailment,60:99,0.0
Stage2,Scenario21,gen_curtailment,61:100,0.0
Stage2,Scenario21,gen_curtailment,61:101,0.0
Stage2,Scenario21,gen_curtailment,61:91,0.0
Stage2,Scenario21,gen_curtailment,61:97,0.0
Stage2,Scenario21,gen_curtailment,61:98,0.0
Stage2,Scenario21,gen_curtailment,62:57,0.0
Stage2,Scenario21,gen_curtailment,62:58,0.0
Stage2,Scenario21,gen_curtailment,62:59,0.0
Stage2,Scenario21,gen_curtailment,62:60,0.0
Stage2,Scenario21,gen_curtailment,62:61,0.0
Stage2,Scenario21,gen_curtailment,62:62,0.0
Stage2,Scenario21,gen_curtailment,62:63,0.0
Stage2,Scenario21,gen_curtailment,62:64,0.0
Stage2,Scenario21,gen_curtailment,63:65,0.0
Stage2,Scenario21,gen_curtailment,64:154,0.0
Stage2,Scenario21,gen_curtailment,65:66,0.0
Stage2,Scenario21,gen_curtailment,66:110,0.0
Stage2,Scenario21,gen_curtailment,67:135,0.0
Stage2,Scenario21,gen_curtailment,67:136,0.0
Stage2,Scenario21,gen_curtailment,67:137,0.0
Stage2,Scenario21,gen_curtailment,67:139,0.0
Stage2,Scenario21,gen_curtailment,67:140,0.0
Stage2,Scenario21,gen_curtailment,67:147,0.0
Stage2,Scenario21,gen_curtailment,67:96,0.0
Stage2,Scenario21,gen_curtailment,68:67,0.0
Stage2,Scenario21,gen_curtailment,69:68,0.0
Stage2,Scenario21,gen_curtailment,69:69,0.0
Stage2,Scenario21,gen_curtailment,69:92,0.0
Stage2,Scenario21,gen_curtailment,69:93,0.0
Stage2,Scenario21,gen_curtailment,69:94,0.0
Stage2,Scenario21,gen_curtailment,69:95,0.0
Stage2,Scenario21,gen_curtailment,70:70,0.0
Stage2,Scenario21,gen_curtailment,70:71,0.0
Stage2,Scenario21,gen_curtailment,71:104,0.0
Stage2,Scenario21,gen_curtailment,71:107,0.0
Stage2,Scenario21,gen_curtailment,71:108,0.0
Stage2,Scenario21,load_shed,0,0.0
Stage2,Scenario21,load_shed,1,0.0
Stage2,Scenario21,load_shed,10,0.0
Stage2,Scenario21,load_shed,11,0.0
Stage2,Scenario21,load_shed,12,0.0
Stage2,Scenario21,load_shed,13,0.0
Stage2,Scenario21,load_shed,14,0.0
Stage2,Scenario21,load_shed,15,0.0
Stage2,Scenario21,load_shed,16,0.0
Stage2,Scenario21,load_shed,17,0.0
Stage2,Scenario21,load_shed,18,0.0
Stage2,Scenario21,load_shed,19,0.0
Stage2,Scenario21,load_shed,2,0.0
Stage2,Scenario21,load_shed,20,0.0
Stage2,Scenario21,load_shed,21,0.0
Stage2,Scenario21,load_shed,22,0.0
Stage2,Scenario21,load_shed,23,0.0
Stage2,Scenario21,load_shed,24,0.0
Stage2,Scenario21,load_shed,25,0.0
Stage2,Scenario21,load_shed,26,0.0
Stage2,Scenario21,load_shed,27,0.0
Stage2,Scenario21,load_shed,28,0.0
Stage2,Scenario21,load_shed,29,0.0
Stage2,Scenario21,load_shed,3,0.0
Stage2,Scenario21,load_shed,30,0.10999999999999986
Stage2,Scenario21,load_shed,31,0.0
Stage2,Scenario21,load_shed,32,0.0
Stage2,Scenario21,load_shed,33,0.0
Stage2,Scenario21,load_shed,34,0.0
Stage2,Scenario21,load_shed,35,0.0
Stage2,Scenario21,load_shed,36,0.0
Stage2,Scenario21,load_shed,37,0.0
Stage2,Scenario21,load_shed,38,0.0
Stage2,Scenario21,load_shed,39,0.0
Stage2,Scenario21,load_shed,4,0.0
Stage2,Scenario21,load_shed,40,0.0
Stage2,Scenario21,load_shed,41,0.0
Stage2,Scenario21,load_shed,42,0.0
Stage2,Scenario21,load_shed,43,0.0
Stage2,Scenario21,load_shed,44,0.0
Stage2,Scenario21,load_shed,45,0.0
Stage2,Scenario21,load_shed,46,0.0
Stage2,Scenario21,load_shed,47,0.0
Stage2,Scenario21,load_shed,48,0.0
Stage2,Scenario21,load_shed,49,0.0
Stage2,Scenario21,load_shed,5,0.0
Stage2,Scenario21,load_shed,50,0.0
Stage2,Scenario21,load_shed,51,0.0
Stage2,Scenario21,load_shed,52,0.0
Stage2,Scenario21,load_shed,53,0.0
Stage2,Scenario21,load_shed,54,0.1499999999999999
Stage2,Scenario21,load_shed,55,0.0
Stage2,Scenario21,load_shed,56,0.0
Stage2,Scenario21,load_shed,57,0.0
Stage2,Scenario21,load_shed,58,0.0
Stage2,Scenario21,load_shed,59,0.0
Stage2,Scenario21,load_shed,6,0.0
Stage2,Scenario21,load_shed,60,0.0
Stage2,Scenario21,load_shed,61,0.0
Stage2,Scenario21,load_shed,62,0.0
Stage2,Scenario21,load_shed,63,0.0
Stage2,Scenario21,load_shed,64,0.0
Stage2,Scenario21,load_shed,65,0.0
Stage2,Scenario21,load_shed,66,0.0
Stage2,Scenario21,load_shed,67,0.0
Stage2,Scenario21,load_shed,68,0.0
Stage2,Scenario21,load_shed,69,0.0
Stage2,Scenario21,load_shed,7,0.0
Stage2,Scenario21,load_shed,70,0.0
Stage2,Scenario21,load_shed,71,0.0
Stage2,Scenario21,load_shed,72,0.0
Stage2,Scenario21,load_shed,8,0.0
Stage2,Scenario21,load_shed,9,0.0
Stage2,Scenario21,load_shed_value,None,0.2599999999999998
Stage2,Scenario21,nu,None,0.0
Stage2,Scenario21,theta,0,-0.19871402624993717
Stage2,Scenario21,theta,1,-0.19760717809820338
Stage2,Scenario21,theta,10,-0.0750619631903395
Stage2,Scenario21,theta,11,-0.061166895574010595
Stage2,Scenario21,theta,12,0.0
Stage2,Scenario21,theta,13,-0.022700338346566783
Stage2,Scenario21,theta,14,0.15878596295459452
Stage2,Scenario21,theta,15,0.1653152775053997
Stage2,Scenario21,theta,16,0.2898995175919479
Stage2,Scenario21,theta,17,0.3053327847618854
Stage2,Scenario21,theta,18,0.12458414368286803
Stage2,Scenario21,theta,19,0.11204576644588403
Stage2,Scenario21,theta,2,-0.14411744909092072
Stage2,Scenario21,theta,20,0.3372786757053989
Stage2,Scenario21,theta,21,0.6772786757053992
Stage2,Scenario21,theta,22,0.11922965896554277
Stage2,Scenario21,theta,23,0.04403310395439933
Stage2,Scenario21,theta,24,-0.4350381420635588
Stage2,Scenario21,theta,25,-0.4293985921408128
Stage2,Scenario21,theta,26,-0.4440742158992311
Stage2,Scenario21,theta,27,-0.4254877190143831
Stage2,Scenario21,theta,28,-0.4944248205131739
Stage2,Scenario21,theta,29,-0.49428869430481814
Stage2,Scenario21,theta,3,-0.22019577235328364
Stage2,Scenario21,theta,30,-0.723134820513174
Stage2,Scenario21,theta,31,-0.720694820513174
Stage2,Scenario21,theta,32,-0.3453251142494329
Stage2,Scenario21,theta,33,-0.43194482051317395
Stage2,Scenario21,theta,34,-0.22872377121777623
Stage2,Scenario21,theta,35,-0.17203093080077517
Stage2,Scenario21,theta,36,-0.12046504080081599
Stage2,Scenario21,theta,37,-0.16673867534940723
Stage2,Scenario21,theta,38,0.0736234030558983
Stage2,Scenario21,theta,39,0.034795625989492075
Stage2,Scenario21,theta,4,-0.2444280575365224
Stage2,Scenario21,theta,40,0.10541350987436536
Stage2,Scenario21,theta,41,0.12176415320167419
Stage2,Scenario21,theta,42,-0.007391519741999419
Stage2,Scenario21,theta,43,-0.00787599429112354
Stage2,Scenario21,theta,44,0.1369468934341752
Stage2,Scenario21,theta,45,0.24836729758407655
Stage2,Scenario21,theta,46,0.01975108370484112
Stage2,Scenario21,theta,47,-0.4440742158992311
Stage2,Scenario21,theta,48,-0.48667333553066205
Stage2,Scenario21,theta,49,-0.48550907232047824
Stage2,Scenario21,theta,5,-0.2845978605000406
Stage2,Scenario21,theta,50,-0.40294044534128926
Stage2,Scenario21,theta,51,-0.44698983245297014
Stage2,Scenario21,theta,52,-0.4271143515129938
Stage2,Scenario21,theta,53,-0.4567358454626245
Stage2,Scenario21,theta,54,0.0
Stage2,Scenario21,theta,55,-0.49263543471439614
Stage2,Scenario21,theta,56,-0.33848651791579826
Stage2,Scenario21,theta,57,-0.36463435151299384
Stage2,Scenario21,theta,58,-0.1867202344492686
Stage2,Scenario21,theta,59,-0.1208845068963555
Stage2,Scenario21,theta,6,-0.29477076577230205
Stage2,Scenario21,theta,60,0.015190000534066135
Stage2,Scenario21,theta,61,-0.20207631472171508
Stage2,Scenario21,theta,62,-0.175746499193192
Stage2,Scenario21,theta,63,-0.10918795129491372
Stage2,Scenario21,theta,64,-0.008167292197735834
Stage2,Scenario21,theta,65,0.04622844731612917
Stage2,Scenario21,theta,66,-0.0780418624525516
Stage2,Scenario21,theta,67,-0.014758306937454023
Stage2,Scenario21,theta,68,0.10004844731612914
Stage2,Scenario21,theta,69,0.26596844731612895
Stage2,Scenario21,theta,7,-0.3532483778360122
Stage2,Scenario21,theta,70,0.0341276485958496
Stage2,Scenario21,theta,71,-0.2618173515879251
Stage2,Scenario21,theta,72,0.05986688674666035
Stage2,Scenario21,theta,8,-0.16173351882988485
Stage2,Scenario21,theta,9,-0.22927552522145764
Stage2,Scenario21,xij,0,1.0
Stage2,Scenario21,xij,1,1.0
Stage2,Scenario21,xij,10,1.0
Stage2,Scenario21,xij,100,1.0
Stage2,Scenario21,xij,101,1.0
Stage2,Scenario21,xij,102,1.0
Stage2,Scenario21,xij,103,0.0
Stage2,Scenario21,xij,104,0.0
Stage2,Scenario21,xij,105,1.0
Stage2,Scenario21,xij,106,1.0
Stage2,Scenario21,xij,107,1.0
Stage2,Scenario21,xij,108,1.0
Stage2,Scenario21,xij,109,0.0
Stage2,Scenario21,xij,11,1.0
Stage2,Scenario21,xij,110,1.0
Stage2,Scenario21,xij,111,1.0
Stage2,Scenario21,xij,112,1.0
Stage2,Scenario21,xij,113,1.0
Stage2,Scenario21,xij,114,1.0
Stage2,Scenario21,xij,115,1.0
Stage2,Scenario21,xij,116,1.0
Stage2,Scenario21,xij,117,1.0
Stage2,Scenario21,xij,118,1.0
Stage2,Scenario21,xij,119,1.0
Stage2,Scenario21,xij,12,0.0
Stage2,Scenario21,xij,13,1.0
Stage2,Scenario21,xij,14,1.0
Stage2,Scenario21,xij,15,1.0
Stage2,Scenario21,xij,16,1.0
Stage2,Scenario21,xij,17,1.0
Stage2,Scenario21,xij,18,1.0
Stage2,Scenario21,xij,19,1.0
Stage2,Scenario21,xij,2,1.0
Stage2,Scenario21,xij,20,1.0
Stage2,Scenario21,xij,21,1.0
Stage2,Scenario21,xij,22,1.0
Stage2,Scenario21,xij,23,1.0
Stage2,Scenario21,xij,24,1.0
Stage2,Scenario21,xij,25,1.0
Stage2,Scenario21,xij,26,0.0
Stage2,Scenario21,xij,27,1.0
Stage2,Scenario21,xij,28,1.0
Stage2,Scenario21,xij,29,1.0
Stage2,Scenario21,xij,3,1.0
Stage2,Scenario21,xij,30,1.0
Stage2,Scenario21,xij,31,1.0
Stage2,Scenario21,xij,32,1.0
Stage2,Scenario21,xij,33,1.0
Stage2,Scenario21,xij,34,1.0
Stage2,Scenario21,xij,35,1.0
Stage2,Scenario21,xij,36,1.0
Stage2,Scenario21,xij,37,1.0
Stage2,Scenario21,xij,38,1.0
Stage2,Scenario21,xij,39,1.0
Stage2,Scenario21,xij,4,1.0
Stage2,Scenario21,xij,40,1.0
Stage2,Scenario21,xij,41,1.0
Stage2,Scenario21,xij,42,1.0
Stage2,Scenario21,xij,43,0.0
Stage2,Scenario21,xij,44,1.0
Stage2,Scenario21,xij,45,1.0
Stage2,Scenario21,xij,46,1.0
Stage2,Scenario21,xij,47,1.0
Stage2,Scenario21,xij,48,1.0
Stage2,Scenario21,xij,49,1.0
Stage2,Scenario21,xij,5,1.0
Stage2,Scenario21,xij,50,1.0
Stage2,Scenario21,xij,51,1.0
Stage2,Scenario21,xij,52,0.0
Stage2,Scenario21,xij,53,1.0
Stage2,Scenario21,xij,54,1.0
Stage2,Scenario21,xij,55,1.0
Stage2,Scenario21,xij,56,1.0
Stage2,Scenario21,xij,57,1.0
Stage2,Scenario21,xij,58,1.0
Stage2,Scenario21,xij,59,1.0
Stage2,Scenario21,xij,6,1.0
Stage2,Scenario21,xij,60,1.0
Stage2,Scenario21,xij,61,1.0
Stage2,Scenario21,xij,62,1.0
Stage2,Scenario21,xij,63,1.0
Stage2,Scenario21,xij,64,1.0
Stage2,Scenario21,xij,65,1.0
Stage2,Scenario21,xij,66,1.0
Stage2,Scenario21,xij,67,0.0
Stage2,Scenario21,xij,68,1.0
Stage2,Scenario21,xij,69,1.0
Stage2,Scenario21,xij,7,1.0
Stage2,Scenario21,xij,70,1.0
Stage2,Scenario21,xij,71,1.0
Stage2,Scenario21,xij,72,1.0
Stage2,Scenario21,xij,73,1.0
Stage2,Scenario21,xij,74,1.0
Stage2,Scenario21,xij,75,1.0
Stage2,Scenario21,xij,76,0.0
Stage2,Scenario21,xij,77,1.0
Stage2,Scenario21,xij,78,1.0
Stage2,Scenario21,xij,79,1.0
Stage2,Scenario21,xij,8,1.0
Stage2,Scenario21,xij,80,1.0
Stage2,Scenario21,xij,81,0.0
Stage2,Scenario21,xij,82,1.0
Stage2,Scenario21,xij,83,1.0
Stage2,Scenario21,xij,84,1.0
Stage2,Scenario21,xij,85,1.0
Stage2,Scenario21,xij,86,1.0
Stage2,Scenario21,xij,87,1.0
Stage2,Scenario21,xij,88,1.0
Stage2,Scenario21,xij,89,0.0
Stage2,Scenario21,xij,9,1.0
Stage2,Scenario21,xij,90,1.0
Stage2,Scenario21,xij,91,1.0
Stage2,Scenario21,xij,92,1.0
Stage2,Scenario21,xij,93,1.0
Stage2,Scenario21,xij,94,1.0
Stage2,Scenario21,xij,95,1.0
Stage2,Scenario21,xij,96,1.0
Stage2,Scenario21,xij,97,1.0
Stage2,Scenario21,xij,98,1.0
Stage2,Scenario21,xij,99,1.0
Stage2,Scenario22,Pij,0,0.6139592009615362
Stage2,Scenario22,Pij,1,-0.4139592009615396
Stage2,Scenario22,Pij,10,1.2137405552307934
Stage2,Scenario22,Pij,100,2.0221993294983487
Stage2,Scenario22,Pij,101,1.128444651509657
Stage2,Scenario22,Pij,102,-1.6748975822297605
Stage2,Scenario22,Pij,103,0.263687762442816
Stage2,Scenario22,Pij,104,0.263687762442816
Stage2,Scenario22,Pij,105,-1.1124779426558802
Stage2,Scenario22,Pij,106,1.9017460270279272
Stage2,Scenario22,Pij,107,-2.1981989577480303
Stage2,Scenario22,Pij,108,1.9017460270279272
Stage2,Scenario22,Pij,109,0.0
Stage2,Scenario22,Pij,11,0.6722594447692067
Stage2,Scenario22,Pij,110,-1.333687762442814
Stage2,Scenario22,Pij,111,-1.333687762442814
Stage2,Scenario22,Pij,112,-2.1261989577480307
Stage2,Scenario22,Pij,113,0.0
Stage2,Scenario22,Pij,114,0.0
Stage2,Scenario22,Pij,115,-1.4181989577480307
Stage2,Scenario22,Pij,116,-0.4399999999999977
Stage2,Scenario22,Pij,117,4.052745245510526
Stage2,Scenario22,Pij,118,4.569121551913556
Stage2,Scenario22,Pij,119,4.052745245510526
Stage2,Scenario22,Pij,12,-0.45678990344230014
Stage2,Scenario22,Pij,13,-0.03946954132690637
Stage2,Scenario22,Pij,14,-1.2329743236939668
Stage2,Scenario22,Pij,15,-0.5886844366534763
Stage2,Scenario22,Pij,16,-2.0588177132892564
Stage2,Scenario22,Pij,17,-1.4050063008245228
Stage2,Scenario22,Pij,18,-0.8323582160875155
Stage2,Scenario22,Pij,19,-2.459433820895707
Stage2,Scenario22,Pij,2,0.0
Stage2,Scenario22,Pij,20,-1.993690737477999
Stage2,Scenario22,Pij,21,0.0
Stage2,Scenario22,Pij,22,-2.5832822053631728
Stage2,Scenario22,Pij,23,-0.6927667482023414
Stage2,Scenario22,Pij,24,-4.399433820895707
Stage2,Scenario22,Pij,25,2.2671017777784805
Stage2,Scenario22,Pij,26,-3.548939224043237
Stage2,Scenario22,Pij,27,-3.548939224043237
Stage2,Scenario22,Pij,28,3.0107766703079912
Stage2,Scenario22,Pij,29,-5.0
Stage2,Scenario22,Pij,3,0.3283136737484046
Stage2,Scenario22,Pij,30,3.117667956882772
Stage2,Scenario22,Pij,31,-2.400879711124179
Stage2,Scenario22,Pij,32,-2.599120288875821
Stage2,Scenario22,Pij,33,-1.8779398555620896
Stage2,Scenario22,Pij,34,-1.8779398555620896
Stage2,Scenario22,Pij,35,0.6538339784413861
Stage2,Scenario22,Pij,36,0.6538339784413861
Stage2,Scenario22,Pij,37,0.013833978441386119
Stage2,Scenario22,Pij,38,0.013833978441386119
Stage2,Scenario22,Pij,39,-2.8010129137001276
Stage2,Scenario22,Pij,4,0.5956455272131284
Stage2,Scenario22,Pij,40,1.1143857515195967
Stage2,Scenario22,Pij,41,0.48391530417199513
Stage2,Scenario22,Pij,42,-0.8435418140790603
Stage2,Scenario22,Pij,43,-0.00037349009293830004
Stage2,Scenario22,Pij,44,0.7400000000000011
Stage2,Scenario22,Pij,45,0.05391530417199086
Stage2,Scenario22,Pij,46,0.27375310919897605
Stage2,Scenario22,Pij,47,-2.2450354785088287
Stage2,Scenario22,Pij,48,0.0
Stage2,Scenario22,Pij,49,-0.7103734900929383
Stage2,Scenario22,Pij,5,0.7968174693464514
Stage2,Scenario22,Pij,50,-1.3060846958280092
Stage2,Scenario22,Pij,51,-0.8100000000000023
Stage2,Scenario22,Pij,52,-1.5111093605755324
Stage2,Scenario22,Pij,53,-1.0088906394244699
Stage2,Scenario22,Pij,54,-0.9263933130468891
Stage2,Scenario22,Pij,55,-2.0609629383296673
Stage2,Scenario22,Pij,56,-1.9120060806326782
Stage2,Scenario22,Pij,57,-3.063342744712739
Stage2,Scenario22,Pij,58,-1.4855308747861036
Stage2,Scenario22,Pij,59,-1.3528685188934637
Stage2,Scenario22,Pij,6,-3.0107766703079912
Stage2,Scenario22,Pij,60,0.5595308747861056
Stage2,Scenario22,Pij,61,-3.683836557828514
Stage2,Scenario22,Pij,62,0.0
Stage2,Scenario22,Pij,63,-3.2928685188934637
Stage2,Scenario22,Pij,64,0.5575835248084258
Stage2,Scenario22,Pij,65,-1.4071928757597978
Stage2,Scenario22,Pij,66,-1.4071928757597978
Stage2,Scenario22,Pij,67,2.2450354785088287
Stage2,Scenario22,Pij,68,0.0
Stage2,Scenario22,Pij,69,-2.485284994085037
Stage2,Scenario22,Pij,7,-0.4116863262515954
Stage2,Scenario22,Pij,70,0.9908536750644512
Stage2,Scenario22,Pij,71,0.12353207645514565
Stage2,Scenario22,Pij,72,0.2884268375322257
Stage2,Scenario22,Pij,73,0.2884268375322257
Stage2,Scenario22,Pij,74,-2.1476424970425185
Stage2,Scenario22,Pij,75,-2.1476424970425185
Stage2,Scenario22,Pij,76,-2.7876424970425187
Stage2,Scenario22,Pij,77,-2.7876424970425187
Stage2,Scenario22,Pij,78,-0.12353207645514565
Stage2,Scenario22,Pij,79,0.4663502458130027
Stage2,Scenario22,Pij,8,-0.71
Stage2,Scenario22,Pij,80,-1.0006017812585062
Stage2,Scenario22,Pij,81,0.29425153544550114
Stage2,Scenario22,Pij,82,0.74
Stage2,Scenario22,Pij,83,0.25635024581300286
Stage2,Scenario22,Pij,84,-0.554212926490285
Stage2,Scenario22,Pij,85,-0.41052205734411995
Stage2,Scenario22,Pij,86,0.0
Stage2,Scenario22,Pij,87,-0.4157484645544988
Stage2,Scenario22,Pij,88,-1.1036497541869972
Stage2,Scenario22,Pij,89,-0.8100000000000023
Stage2,Scenario22,Pij,9,-0.7643544727868717
Stage2,Scenario22,Pij,90,0.0
Stage2,Scenario22,Pij,91,-1.5110000000000021
Stage2,Scenario22,Pij,92,0.0
Stage2,Scenario22,Pij,93,-0.8212129264902849
Stage2,Scenario22,Pij,94,0.0
Stage2,Scenario22,Pij,95,-3.947398218741498
Stage2,Scenario22,Pij,96,-3.068444651509657
Stage2,Scenario22,Pij,97,3.068444651509657
Stage2,Scenario22,Pij,98,-4.403356018991994
Stage2,Scenario22,Pij,99,-0.36525512623978873
Stage2,Scenario22,bus_gen,0:0,0.0799999999999983
Stage2,Scenario22,bus_gen,0:1,0.0799999999999983
Stage2,Scenario22,bus_gen,0:113,0.0
Stage2,Scenario22,bus_gen,0:117,0.0
Stage2,Scenario22,bus_gen,0:118,0.0
Stage2,Scenario22,bus_gen,0:119,0.0
Stage2,Scenario22,bus_gen,0:2,0.56
Stage2,Scenario22,bus_gen,0:3,0.56
Stage2,Scenario22,bus_gen,1:112,0.0
Stage2,Scenario22,bus_gen,1:114,0.0
Stage2,Scenario22,bus_gen,1:4,0.0799999999999983
Stage2,Scenario22,bus_gen,1:5,0.0799999999999983
Stage2,Scenario22,bus_gen,1:6,0.56
Stage2,Scenario22,bus_gen,1:7,0.56
Stage2,Scenario22,bus_gen,12:10,0.55
Stage2,Scenario22,bus_gen,12:109,0.0
Stage2,Scenario22,bus_gen,12:11,0.55
Stage2,Scenario22,bus_gen,12:12,0.55
Stage2,Scenario22,bus_gen,12:9,0.55
Stage2,Scenario22,bus_gen,13:72,0.0
Stage2,Scenario22,bus_gen,14:13,0.049999999999998934
Stage2,Scenario22,bus_gen,14:14,0.049999999999998934
Stage2,Scenario22,bus_gen,14:15,1.2500000000000002
Stage2,Scenario22,bus_gen,15:16,1.2500000000000002
Stage2,Scenario22,bus_gen,17:141,0.0
Stage2,Scenario22,bus_gen,17:142,0.0
Stage2,Scenario22,bus_gen,17:143,0.0
Stage2,Scenario22,bus_gen,17:144,0.0
Stage2,Scenario22,bus_gen,17:145,0.0
Stage2,Scenario22,bus_gen,17:146,0.0
Stage2,Scenario22,bus_gen,17:148,0.0
Stage2,Scenario22,bus_gen,17:149,0.0
Stage2,Scenario22,bus_gen,17:150,0.0
Stage2,Scenario22,bus_gen,17:151,0.0
Stage2,Scenario22,bus_gen,17:17,1.9750000000000003
Stage2,Scenario22,bus_gen,18:121,0.0
Stage2,Scenario22,bus_gen,2:120,0.0
Stage2,Scenario22,bus_gen,20:73,4.0
Stage2,Scenario22,bus_gen,21:156,5.400133202575949
Stage2,Scenario22,bus_gen,21:74,0.0
Stage2,Scenario22,bus_gen,21:75,0.0
Stage2,Scenario22,bus_gen,21:76,0.0
Stage2,Scenario22,bus_gen,21:77,0.0
Stage2,Scenario22,bus_gen,21:78,0.0
Stage2,Scenario22,bus_gen,21:79,0.0
Stage2,Scenario22,bus_gen,22:18,0.6199999999999983
Stage2,Scenario22,bus_gen,22:19,1.3999999999999986
Stage2,Scenario22,bus_gen,22:20,0.55
Stage2,Scenario22,bus_gen,22:21,0.55
Stage2,Scenario22,bus_gen,22:22,0.55
Stage2,Scenario22,bus_gen,24:23,0.0799999999999983
Stage2,Scenario22,bus_gen,24:24,0.0799999999999983
Stage2,Scenario22,bus_gen,24:25,0.56
Stage2,Scenario22,bus_gen,24:80,0.0
Stage2,Scenario22,bus_gen,25:26,0.0799999999999983
Stage2,Scenario22,bus_gen,25:27,0.0799999999999983
Stage2,Scenario22,bus_gen,25:28,0.56
Stage2,Scenario22,bus_gen,25:29,0.56
Stage2,Scenario22,bus_gen,3:115,0.0
Stage2,Scenario22,bus_gen,30:30,0.21999999999999886
Stage2,Scenario22,bus_gen,30:31,0.21999999999999886
Stage2,Scenario22,bus_gen,35:116,2.0
Stage2,Scenario22,bus_gen,36:152,0.0
Stage2,Scenario22,bus_gen,36:32,3.136
Stage2,Scenario22,bus_gen,36:33,0.21999999999999886
Stage2,Scenario22,bus_gen,36:34,0.21999999999999886
Stage2,Scenario22,bus_gen,37:81,0.0
Stage2,Scenario22,bus_gen,38:111,1.251
Stage2,Scenario22,bus_gen,38:35,0.55
Stage2,Scenario22,bus_gen,38:36,0.55
Stage2,Scenario22,bus_gen,38:82,0.5
Stage2,Scenario22,bus_gen,38:83,0.5
Stage2,Scenario22,bus_gen,38:84,0.5
Stage2,Scenario22,bus_gen,39:37,1.2500000000000002
Stage2,Scenario22,bus_gen,41:38,2.9160000000000004
Stage2,Scenario22,bus_gen,44:39,2.1139999999999985
Stage2,Scenario22,bus_gen,45:85,0.0
Stage2,Scenario22,bus_gen,45:86,0.0
Stage2,Scenario22,bus_gen,45:87,0.0
Stage2,Scenario22,bus_gen,45:88,0.0
Stage2,Scenario22,bus_gen,45:89,0.0
Stage2,Scenario22,bus_gen,45:90,0.0
Stage2,Scenario22,bus_gen,46:40,0.6199999999999983
Stage2,Scenario22,bus_gen,46:41,0.6199999999999983
Stage2,Scenario22,bus_gen,46:42,1.7999999999999985
Stage2,Scenario22,bus_gen,46:43,0.55
Stage2,Scenario22,bus_gen,46:44,0.55
Stage2,Scenario22,bus_gen,46:45,0.55
Stage2,Scenario22,bus_gen,48:46,0.2
Stage2,Scenario22,bus_gen,48:47,0.2
Stage2,Scenario22,bus_gen,48:48,0.21999999999999886
Stage2,Scenario22,bus_gen,48:49,0.21999999999999886
Stage2,Scenario22,bus_gen,49:50,0.2
Stage2,Scenario22,bus_gen,49:51,0.2
Stage2,Scenario22,bus_gen,49:52,0.55
Stage2,Scenario22,bus_gen,49:53,0.55
Stage2,Scenario22,bus_gen,50:155,1.8358667974241012
Stage2,Scenario22,bus_gen,54:54,0.21999999999999886
Stage2,Scenario22,bus_gen,54:55,0.21999999999999886
Stage2,Scenario22,bus_gen,55:122,1.0090000000000001
Stage2,Scenario22,bus_gen,56:153,1.483
Stage2,Scenario22,bus_gen,57:103,0.5169999999999999
Stage2,Scenario22,bus_gen,57:106,0.516
Stage2,Scenario22,bus_gen,59:105,0.0
Stage2,Scenario22,bus_gen,6:8,3.136
Stage2,Scenario22,bus_gen,60:102,0.9329999999999998
Stage2,Scenario22,bus_gen,60:123,1.0170000000000001
Stage2,Scenario22,bus_gen,60:124,0.631
Stage2,Scenario22,bus_gen,60:125,0.654
Stage2,Scenario22,bus_gen,60:126,0.67
Stage2,Scenario22,bus_gen,60:127,0.648
Stage2,Scenario22,bus_gen,60:128,0.638
Stage2,Scenario22,bus_gen,60:129,0.6409999999999999
Stage2,Scenario22,bus_gen,60:130,0.6659999999999999
Stage2,Scenario22,bus_gen,60:131,0.624
Stage2,Scenario22,bus_gen,60:132,0.6689999999999995
Stage2,Scenario22,bus_gen,60:133,0.652
Stage2,Scenario22,bus_gen,60:134,0.278
Stage2,Scenario22,bus_gen,60:138,0.272
Stage2,Scenario22,bus_gen,60:157,0.5
Stage2,Scenario22,bus_gen,60:56,1.6999999999999984
Stage2,Scenario22,bus_gen,60:99,0.951
Stage2,Scenario22,bus_gen,61:100,0.0
Stage2,Scenario22,bus_gen,61:101,0.0
Stage2,Scenario22,bus_gen,61:91,0.0
Stage2,Scenario22,bus_gen,61:97,0.0
Stage2,Scenario22,bus_gen,61:98,0.0
Stage2,Scenario22,bus_gen,62:57,0.049999999999998934
Stage2,Scenario22,bus_gen,62:58,0.049999999999998934
Stage2,Scenario22,bus_gen,62:59,0.049999999999998934
Stage2,Scenario22,bus_gen,62:60,0.049999999999998934
Stage2,Scenario22,bus_gen,62:61,0.049999999999998934
Stage2,Scenario22,bus_gen,62:62,0.21999999999999886
Stage2,Scenario22,bus_gen,62:63,0.21999999999999886
Stage2,Scenario22,bus_gen,62:64,0.21999999999999886
Stage2,Scenario22,bus_gen,63:65,1.2500000000000002
Stage2,Scenario22,bus_gen,64:154,0.0
Stage2,Scenario22,bus_gen,65:66,3.33
Stage2,Scenario22,bus_gen,66:110,1.882
Stage2,Scenario22,bus_gen,67:135,0.273
Stage2,Scenario22,bus_gen,67:136,0.27
Stage2,Scenario22,bus_gen,67:137,0.28300000000000003
Stage2,Scenario22,bus_gen,67:139,0.2700000000000001
Stage2,Scenario22,bus_gen,67:140,0.282
Stage2,Scenario22,bus_gen,67:147,0.094
Stage2,Scenario22,bus_gen,67:96,0.516
Stage2,Scenario22,bus_gen,68:67,1.6999999999999984
Stage2,Scenario22,bus_gen,69:68,0.21999999999999886
Stage2,Scenario22,bus_gen,69:69,0.21999999999999886
Stage2,Scenario22,bus_gen,69:92,0.0
Stage2,Scenario22,bus_gen,69:93,0.0
Stage2,Scenario22,bus_gen,69:94,0.0
Stage2,Scenario22,bus_gen,69:95,0.0
Stage2,Scenario22,bus_gen,70:70,1.9069999999999985
Stage2,Scenario22,bus_gen,70:71,1.9069999999999985
Stage2,Scenario22,bus_gen,71:104,0.497
Stage2,Scenario22,bus_gen,71:107,0.516
Stage2,Scenario22,bus_gen,71:108,0.51
Stage2,Scenario22,cvar,None,27.4536842105263
Stage2,Scenario22,gen_curtailment,0:0,0.0
Stage2,Scenario22,gen_curtailment,0:1,0.0
Stage2,Scenario22,gen_curtailment,0:113,0.0
Stage2,Scenario22,gen_curtailment,0:117,0.0
Stage2,Scenario22,gen_curtailment,0:118,0.0
Stage2,Scenario22,gen_curtailment,0:119,0.0
Stage2,Scenario22,gen_curtailment,0:2,0.0
Stage2,Scenario22,gen_curtailment,0:3,0.0
Stage2,Scenario22,gen_curtailment,1:112,0.0
Stage2,Scenario22,gen_curtailment,1:114,0.0
Stage2,Scenario22,gen_curtailment,1:4,0.0
Stage2,Scenario22,gen_curtailment,1:5,0.0
Stage2,Scenario22,gen_curtailment,1:6,0.0
Stage2,Scenario22,gen_curtailment,1:7,0.0
Stage2,Scenario22,gen_curtailment,12:10,0.0
Stage2,Scenario22,gen_curtailment,12:109,0.0
Stage2,Scenario22,gen_curtailment,12:11,0.0
Stage2,Scenario22,gen_curtailment,12:12,0.0
Stage2,Scenario22,gen_curtailment,12:9,0.0
Stage2,Scenario22,gen_curtailment,13:72,0.0
Stage2,Scenario22,gen_curtailment,14:13,0.0
Stage2,Scenario22,gen_curtailment,14:14,0.0
Stage2,Scenario22,gen_curtailment,14:15,0.0
Stage2,Scenario22,gen_curtailment,15:16,0.0
Stage2,Scenario22,gen_curtailment,17:141,0.0
Stage2,Scenario22,gen_curtailment,17:142,0.0
Stage2,Scenario22,gen_curtailment,17:143,0.0
Stage2,Scenario22,gen_curtailment,17:144,0.0
Stage2,Scenario22,gen_curtailment,17:145,0.0
Stage2,Scenario22,gen_curtailment,17:146,0.0
Stage2,Scenario22,gen_curtailment,17:148,0.0
Stage2,Scenario22,gen_curtailment,17:149,0.0
Stage2,Scenario22,gen_curtailment,17:150,0.0
Stage2,Scenario22,gen_curtailment,17:151,0.0
Stage2,Scenario22,gen_curtailment,17:17,0.0
Stage2,Scenario22,gen_curtailment,18:121,0.0
Stage2,Scenario22,gen_curtailment,2:120,0.0
Stage2,Scenario22,gen_curtailment,20:73,0.0
Stage2,Scenario22,gen_curtailment,21:156,0.0
Stage2,Scenario22,gen_curtailment,21:74,0.0
Stage2,Scenario22,gen_curtailment,21:75,0.0
Stage2,Scenario22,gen_curtailment,21:76,0.0
Stage2,Scenario22,gen_curtailment,21:77,0.0
Stage2,Scenario22,gen_curtailment,21:78,0.0
Stage2,Scenario22,gen_curtailment,21:79,0.0
Stage2,Scenario22,gen_curtailment,22:18,0.0
Stage2,Scenario22,gen_curtailment,22:19,0.0
Stage2,Scenario22,gen_curtailment,22:20,0.0
Stage2,Scenario22,gen_curtailment,22:21,0.0
Stage2,Scenario22,gen_curtailment,22:22,0.0
Stage2,Scenario22,gen_curtailment,24:23,0.0
Stage2,Scenario22,gen_curtailment,24:24,0.0
Stage2,Scenario22,gen_curtailment,24:25,0.0
Stage2,Scenario22,gen_curtailment,24:80,0.0
Stage2,Scenario22,gen_curtailment,25:26,0.0
Stage2,Scenario22,gen_curtailment,25:27,0.0
Stage2,Scenario22,gen_curtailment,25:28,0.0
Stage2,Scenario22,gen_curtailment,25:29,0.0
Stage2,Scenario22,gen_curtailment,3:115,0.0
Stage2,Scenario22,gen_curtailment,30:30,0.0
Stage2,Scenario22,gen_curtailment,30:31,0.0
Stage2,Scenario22,gen_curtailment,35:116,0.0
Stage2,Scenario22,gen_curtailment,36:152,0.0
Stage2,Scenario22,gen_curtailment,36:32,0.0
Stage2,Scenario22,gen_curtailment,36:33,0.0
Stage2,Scenario22,gen_curtailment,36:34,0.0
Stage2,Scenario22,gen_curtailment,37:81,0.0
Stage2,Scenario22,gen_curtailment,38:111,0.0
Stage2,Scenario22,gen_curtailment,38:35,0.0
Stage2,Scenario22,gen_curtailment,38:36,0.0
Stage2,Scenario22,gen_curtailment,38:82,0.0
Stage2,Scenario22,gen_curtailment,38:83,0.0
Stage2,Scenario22,gen_curtailment,38:84,0.0
Stage2,Scenario22,gen_curtailment,39:37,0.0
Stage2,Scenario22,gen_curtailment,41:38,0.0
Stage2,Scenario22,gen_curtailment,44:39,0.0
Stage2,Scenario22,gen_curtailment,45:85,0.0
Stage2,Scenario22,gen_curtailment,45:86,0.0
Stage2,Scenario22,gen_curtailment,45:87,0.0
Stage2,Scenario22,gen_curtailment,45:88,0.0
Stage2,Scenario22,gen_curtailment,45:89,0.0
Stage2,Scenario22,gen_curtailment,45:90,0.0
Stage2,Scenario22,gen_curtailment,46:40,0.0
Stage2,Scenario22,gen_curtailment,46:41,0.0
Stage2,Scenario22,gen_curtailment,46:42,0.0
Stage2,Scenario22,gen_curtailment,46:43,0.0
Stage2,Scenario22,gen_curtailment,46:44,0.0
Stage2,Scenario22,gen_curtailment,46:45,0.0
Stage2,Scenario22,gen_curtailment,48:46,0.0
Stage2,Scenario22,gen_curtailment,48:47,0.0
Stage2,Scenario22,gen_curtailment,48:48,0.0
Stage2,Scenario22,gen_curtailment,48:49,0.0
Stage2,Scenario22,gen_curtailment,49:50,0.0
Stage2,Scenario22,gen_curtailment,49:51,0.0
Stage2,Scenario22,gen_curtailment,49:52,0.0
Stage2,Scenario22,gen_curtailment,49:53,0.0
Stage2,Scenario22,gen_curtailment,50:155,0.0
Stage2,Scenario22,gen_curtailment,54:54,0.0
Stage2,Scenario22,gen_curtailment,54:55,0.0
Stage2,Scenario22,gen_curtailment,55:122,0.0
Stage2,Scenario22,gen_curtailment,56:153,0.0
Stage2,Scenario22,gen_curtailment,57:103,0.0
Stage2,Scenario22,gen_curtailment,57:106,0.0
Stage2,Scenario22,gen_curtailment,59:105,0.0
Stage2,Scenario22,gen_curtailment,6:8,0.0
Stage2,Scenario22,gen_curtailment,60:102,0.0
Stage2,Scenario22,gen_curtailment,60:123,0.0
Stage2,Scenario22,gen_curtailment,60:124,0.0
Stage2,Scenario22,gen_curtailment,60:125,0.0
Stage2,Scenario22,gen_curtailment,60:126,0.0
Stage2,Scenario22,gen_curtailment,60:127,0.0
Stage2,Scenario22,gen_curtailment,60:128,0.0
Stage2,Scenario22,gen_curtailment,60:129,0.0
Stage2,Scenario22,gen_curtailment,60:130,0.0
Stage2,Scenario22,gen_curtailment,60:131,0.0
Stage2,Scenario22,gen_curtailment,60:132,0.0
Stage2,Scenario22,gen_curtailment,60:133,0.0
Stage2,Scenario22,gen_curtailment,60:134,0.0
Stage2,Scenario22,gen_curtailment,60:138,0.0
Stage2,Scenario22,gen_curtailment,60:157,0.0
Stage2,Scenario22,gen_curtailment,60:56,0.0
Stage2,Scenario22,gen_curtailment,60:99,0.0
Stage2,Scenario22,gen_curtailment,61:100,0.0
Stage2,Scenario22,gen_curtailment,61:101,0.0
Stage2,Scenario22,gen_curtailment,61:91,0.0
Stage2,Scenario22,gen_curtailment,61:97,0.0
Stage2,Scenario22,gen_curtailment,61:98,0.0
Stage2,Scenario22,gen_curtailment,62:57,0.0
Stage2,Scenario22,gen_curtailment,62:58,0.0
Stage2,Scenario22,gen_curtailment,62:59,0.0
Stage2,Scenario22,gen_curtailment,62:60,0.0
Stage2,Scenario22,gen_curtailment,62:61,0.0
Stage2,Scenario22,gen_curtailment,62:62,0.0
Stage2,Scenario22,gen_curtailment,62:63,0.0
Stage2,Scenario22,gen_curtailment,62:64,0.0
Stage2,Scenario22,gen_curtailment,63:65,0.0
Stage2,Scenario22,gen_curtailment,64:154,0.0
Stage2,Scenario22,gen_curtailment,65:66,0.0
Stage2,Scenario22,gen_curtailment,66:110,0.0
Stage2,Scenario22,gen_curtailment,67:135,0.0
Stage2,Scenario22,gen_curtailment,67:136,0.0
Stage2,Scenario22,gen_curtailment,67:137,0.0
Stage2,Scenario22,gen_curtailment,67:139,0.0
Stage2,Scenario22,gen_curtailment,67:140,0.0
Stage2,Scenario22,gen_curtailment,67:147,0.0
Stage2,Scenario22,gen_curtailment,67:96,0.0
Stage2,Scenario22,gen_curtailment,68:67,0.0
Stage2,Scenario22,gen_curtailment,69:68,0.0
Stage2,Scenario22,gen_curtailment,69:69,0.0
Stage2,Scenario22,gen_curtailment,69:92,0.0
Stage2,Scenario22,gen_curtailment,69:93,0.0
Stage2,Scenario22,gen_curtailment,69:94,0.0
Stage2,Scenario22,gen_curtailment,69:95,0.0
Stage2,Scenario22,gen_curtailment,70:70,0.0
Stage2,Scenario22,gen_curtailment,70:71,0.0
Stage2,Scenario22,gen_curtailment,71:104,0.0
Stage2,Scenario22,gen_curtailment,71:107,0.0
Stage2,Scenario22,gen_curtailment,71:108,0.0
Stage2,Scenario22,load_shed,0,0.0
Stage2,Scenario22,load_shed,1,0.0
Stage2,Scenario22,load_shed,10,0.0
Stage2,Scenario22,load_shed,11,0.0
Stage2,Scenario22,load_shed,12,0.0
Stage2,Scenario22,load_shed,13,0.0
Stage2,Scenario22,load_shed,14,0.0
Stage2,Scenario22,load_shed,15,0.0
Stage2,Scenario22,load_shed,16,0.0
Stage2,Scenario22,load_shed,17,0.0
Stage2,Scenario22,load_shed,18,0.0
Stage2,Scenario22,load_shed,19,0.0
Stage2,Scenario22,load_shed,2,0.0
Stage2,Scenario22,load_shed,20,0.0
Stage2,Scenario22,load_shed,21,0.0
Stage2,Scenario22,load_shed,22,0.0
Stage2,Scenario22,load_shed,23,0.0
Stage2,Scenario22,load_shed,24,0.0
Stage2,Scenario22,load_shed,25,0.0
Stage2,Scenario22,load_shed,26,0.0
Stage2,Scenario22,load_shed,27,0.0
Stage2,Scenario22,load_shed,28,0.0
Stage2,Scenario22,load_shed,29,0.0
Stage2,Scenario22,load_shed,3,0.0
Stage2,Scenario22,load_shed,30,0.0
Stage2,Scenario22,load_shed,31,0.0
Stage2,Scenario22,load_shed,32,0.0
Stage2,Scenario22,load_shed,33,0.0
Stage2,Scenario22,load_shed,34,0.0
Stage2,Scenario22,load_shed,35,0.0
Stage2,Scenario22,load_shed,36,0.0
Stage2,Scenario22,load_shed,37,0.0
Stage2,Scenario22,load_shed,38,0.0
Stage2,Scenario22,load_shed,39,0.0
Stage2,Scenario22,load_shed,4,0.0
Stage2,Scenario22,load_shed,40,0.0
Stage2,Scenario22,load_shed,41,0.0
Stage2,Scenario22,load_shed,42,0.0
Stage2,Scenario22,load_shed,43,0.0
Stage2,Scenario22,load_shed,44,0.0
Stage2,Scenario22,load_shed,45,0.0
Stage2,Scenario22,load_shed,46,0.0
Stage2,Scenario22,load_shed,47,0.0
Stage2,Scenario22,load_shed,48,0.0
Stage2,Scenario22,load_shed,49,0.0
Stage2,Scenario22,load_shed,5,0.0
Stage2,Scenario22,load_shed,50,0.0
Stage2,Scenario22,load_shed,51,0.0
Stage2,Scenario22,load_shed,52,0.0
Stage2,Scenario22,load_shed,53,0.0
Stage2,Scenario22,load_shed,54,0.0
Stage2,Scenario22,load_shed,55,0.0
Stage2,Scenario22,load_shed,56,0.0
Stage2,Scenario22,load_shed,57,0.0
Stage2,Scenario22,load_shed,58,0.0
Stage2,Scenario22,load_shed,59,0.0
Stage2,Scenario22,load_shed,6,0.0
Stage2,Scenario22,load_shed,60,0.0
Stage2,Scenario22,load_shed,61,0.0
Stage2,Scenario22,load_shed,62,0.0
Stage2,Scenario22,load_shed,63,0.0
Stage2,Scenario22,load_shed,64,0.0
Stage2,Scenario22,load_shed,65,0.0
Stage2,Scenario22,load_shed,66,0.0
Stage2,Scenario22,load_shed,67,0.0
Stage2,Scenario22,load_shed,68,0.0
Stage2,Scenario22,load_shed,69,0.0
Stage2,Scenario22,load_shed,7,0.0
Stage2,Scenario22,load_shed,70,0.0
Stage2,Scenario22,load_shed,71,0.0
Stage2,Scenario22,load_shed,72,0.0
Stage2,Scenario22,load_shed,8,0.0
Stage2,Scenario22,load_shed,9,0.0
Stage2,Scenario22,load_shed_value,None,0.0
Stage2,Scenario22,nu,None,0.0
Stage2,Scenario22,theta,0,-0.13915424540885976
Stage2,Scenario22,theta,1,-0.14774967422232127
Stage2,Scenario22,theta,10,-0.03995319437220075
Stage2,Scenario22,theta,11,-0.09569715539894395
Stage2,Scenario22,theta,12,0.0
Stage2,Scenario22,theta,13,0.06334302610541895
Stage2,Scenario22,theta,14,0.3614503517604999
Stage2,Scenario22,theta,15,0.32290962153826575
Stage2,Scenario22,theta,16,0.45290962153826575
Stage2,Scenario22,theta,17,0.4865219374940043
Stage2,Scenario22,theta,18,0.251203258529962
Stage2,Scenario22,theta,19,0.2250498993923065
Stage2,Scenario22,theta,2,-0.05180885400597496
Stage2,Scenario22,theta,20,0.5353483737386187
Stage2,Scenario22,theta,21,0.7258172518702269
Stage2,Scenario22,theta,22,0.22474555186659598
Stage2,Scenario22,theta,23,0.20488996490448436
Stage2,Scenario22,theta,24,-0.4341833864356281
Stage2,Scenario22,theta,25,-0.440958200694036
Stage2,Scenario22,theta,26,-0.2561960636649462
Stage2,Scenario22,theta,27,-0.5349382006940362
Stage2,Scenario22,theta,28,-0.43415163977772836
Stage2,Scenario22,theta,29,-0.45130993909505823
Stage2,Scenario22,theta,3,-0.18944551078836866
Stage2,Scenario22,theta,30,-0.5875157281545874
Stage2,Scenario22,theta,31,-0.5381057281545872
Stage2,Scenario22,theta,32,-0.2887726836596244
Stage2,Scenario22,theta,33,-0.3716387726495497
Stage2,Scenario22,theta,34,-0.20862113421480755
Stage2,Scenario22,theta,35,-0.11045817023534155
Stage2,Scenario22,theta,36,-0.13731565222507458
Stage2,Scenario22,theta,37,-0.15180065642128207
Stage2,Scenario22,theta,38,0.051957506115175606
Stage2,Scenario22,theta,39,0.042478586193432366
Stage2,Scenario22,theta,4,-0.27796799260724275
Stage2,Scenario22,theta,40,0.1422810062541459
Stage2,Scenario22,theta,41,0.12840905480324358
Stage2,Scenario22,theta,42,0.09964014105738822
Stage2,Scenario22,theta,43,0.18554584093908896
Stage2,Scenario22,theta,44,0.12090995702740572
Stage2,Scenario22,theta,45,0.1293101382263556
Stage2,Scenario22,theta,46,0.24687397587402438
Stage2,Scenario22,theta,47,-0.06478433876728346
Stage2,Scenario22,theta,48,0.5813799660196467
Stage2,Scenario22,theta,49,0.5748510625782647
Stage2,Scenario22,theta,5,-0.26211361544724193
Stage2,Scenario22,theta,50,0.7925069418651915
Stage2,Scenario22,theta,51,0.4808710625782647
Stage2,Scenario22,theta,52,0.5563685855067791
Stage2,Scenario22,theta,53,0.5256318153821682
Stage2,Scenario22,theta,54,0.2942294503875745
Stage2,Scenario22,theta,55,0.3436394503875746
Stage2,Scenario22,theta,56,0.8584582801175354
Stage2,Scenario22,theta,57,0.592954450387575
Stage2,Scenario22,theta,58,0.9935853681566271
Stage2,Scenario22,theta,59,0.9295096225174748
Stage2,Scenario22,theta,6,-0.1479622930571039
Stage2,Scenario22,theta,60,1.1408707114290906
Stage2,Scenario22,theta,61,0.8647106927932215
Stage2,Scenario22,theta,62,0.7696591994562458
Stage2,Scenario22,theta,63,0.7981324583541518
Stage2,Scenario22,theta,64,0.7486870616514257
Stage2,Scenario22,theta,65,0.7220626172730347
Stage2,Scenario22,theta,66,0.8486910343823565
Stage2,Scenario22,theta,67,0.9337389926922777
Stage2,Scenario22,theta,68,0.7567384990965478
Stage2,Scenario22,theta,69,0.7866584990965476
Stage2,Scenario22,theta,7,-0.2220004669261823
Stage2,Scenario22,theta,70,0.9649393697627344
Stage2,Scenario22,theta,71,0.8275080524743512
Stage2,Scenario22,theta,72,0.9284646625531399
Stage2,Scenario22,theta,8,-0.14663013285820276
Stage2,Scenario22,theta,9,-0.21548799260724275
Stage2,Scenario22,xij,0,1.0
Stage2,Scenario22,xij,1,1.0
Stage2,Scenario22,xij,10,1.0
Stage2,Scenario22,xij,100,1.0
Stage2,Scenario22,xij,101,1.0
Stage2,Scenario22,xij,102,1.0
Stage2,Scenario22,xij,103,1.0
Stage2,Scenario22,xij,104,1.0
Stage2,Scenario22,xij,105,1.0
Stage2,Scenario22,xij,106,1.0
Stage2,Scenario22,xij,107,1.0
Stage2,Scenario22,xij,108,1.0
Stage2,Scenario22,xij,109,0.0
Stage2,Scenario22,xij,11,1.0
Stage2,Scenario22,xij,110,1.0
Stage2,Scenario22,xij,111,1.0
Stage2,Scenario22,xij,112,1.0
Stage2,Scenario22,xij,113,0.0
Stage2,Scenario22,xij,114,0.0
Stage2,Scenario22,xij,115,1.0
Stage2,Scenario22,xij,116,1.0
Stage2,Scenario22,xij,117,1.0
Stage2,Scenario22,xij,118,1.0
Stage2,Scenario22,xij,119,1.0
Stage2,Scenario22,xij,12,1.0
Stage2,Scenario22,xij,13,1.0
Stage2,Scenario22,xij,14,1.0
Stage2,Scenario22,xij,15,1.0
Stage2,Scenario22,xij,16,1.0
Stage2,Scenario22,xij,17,1.0
Stage2,Scenario22,xij,18,1.0
Stage2,Scenario22,xij,19,1.0
Stage2,Scenario22,xij,2,0.0
Stage2,Scenario22,xij,20,1.0
Stage2,Scenario22,xij,21,0.0
Stage2,Scenario22,xij,22,1.0
Stage2,Scenario22,xij,23,1.0
Stage2,Scenario22,xij,24,1.0
Stage2,Scenario22,xij,25,1.0
Stage2,Scenario22,xij,26,1.0
Stage2,Scenario22,xij,27,1.0
Stage2,Scenario22,xij,28,1.0
Stage2,Scenario22,xij,29,1.0
Stage2,Scenario22,xij,3,1.0
Stage2,Scenario22,xij,30,1.0
Stage2,Scenario22,xij,31,1.0
Stage2,Scenario22,xij,32,1.0
Stage2,Scenario22,xij,33,1.0
Stage2,Scenario22,xij,34,1.0
Stage2,Scenario22,xij,35,1.0
Stage2,Scenario22,xij,36,1.0
Stage2,Scenario22,xij,37,1.0
Stage2,Scenario22,xij,38,1.0
Stage2,Scenario22,xij,39,1.0
Stage2,Scenario22,xij,4,1.0
Stage2,Scenario22,xij,40,1.0
Stage2,Scenario22,xij,41,1.0
Stage2,Scenario22,xij,42,1.0
Stage2,Scenario22,xij,43,1.0
Stage2,Scenario22,xij,44,1.0
Stage2,Scenario22,xij,45,1.0
Stage2,Scenario22,xij,46,1.0
Stage2,Scenario22,xij,47,1.0
Stage2,Scenario22,xij,48,0.0
Stage2,Scenario22,xij,49,1.0
Stage2,Scenario22,xij,5,1.0
Stage2,Scenario22,xij,50,1.0
Stage2,Scenario22,xij,51,1.0
Stage2,Scenario22,xij,52,1.0
Stage2,Scenario22,xij,53,1.0
Stage2,Scenario22,xij,54,1.0
Stage2,Scenario22,xij,55,1.0
Stage2,Scenario22,xij,56,1.0
Stage2,Scenario22,xij,57,1.0
Stage2,Scenario22,xij,58,1.0
Stage2,Scenario22,xij,59,1.0
Stage2,Scenario22,xij,6,1.0
Stage2,Scenario22,xij,60,1.0
Stage2,Scenario22,xij,61,1.0
Stage2,Scenario22,xij,62,0.0
Stage2,Scenario22,xij,63,1.0
Stage2,Scenario22,xij,64,1.0
Stage2,Scenario22,xij,65,1.0
Stage2,Scenario22,xij,66,1.0
Stage2,Scenario22,xij,67,1.0
Stage2,Scenario22,xij,68,0.0
Stage2,Scenario22,xij,69,1.0
Stage2,Scenario22,xij,7,1.0
Stage2,Scenario22,xij,70,1.0
Stage2,Scenario22,xij,71,1.0
Stage2,Scenario22,xij,72,1.0
Stage2,Scenario22,xij,73,1.0
Stage2,Scenario22,xij,74,1.0
Stage2,Scenario22,xij,75,1.0
Stage2,Scenario22,xij,76,1.0
Stage2,Scenario22,xij,77,1.0
Stage2,Scenario22,xij,78,1.0
Stage2,Scenario22,xij,79,1.0
Stage2,Scenario22,xij,8,1.0
Stage2,Scenario22,xij,80,1.0
Stage2,Scenario22,xij,81,1.0
Stage2,Scenario22,xij,82,1.0
Stage2,Scenario22,xij,83,1.0
Stage2,Scenario22,xij,84,1.0
Stage2,Scenario22,xij,85,1.0
Stage2,Scenario22,xij,86,0.0
Stage2,Scenario22,xij,87,1.0
Stage2,Scenario22,xij,88,1.0
Stage2,Scenario22,xij,89,1.0
Stage2,Scenario22,xij,9,1.0
Stage2,Scenario22,xij,90,0.0
Stage2,Scenario22,xij,91,1.0
Stage2,Scenario22,xij,92,0.0
Stage2,Scenario22,xij,93,1.0
Stage2,Scenario22,xij,94,0.0
Stage2,Scenario22,xij,95,1.0
Stage2,Scenario22,xij,96,1.0
Stage2,Scenario22,xij,97,1.0
Stage2,Scenario22,xij,98,1.0
Stage2,Scenario22,xij,99,1.0
Stage2,Scenario23,Pij,0,0.0
Stage2,Scenario23,Pij,1,0.0
Stage2,Scenario23,Pij,10,1.6734182132742526
Stage2,Scenario23,Pij,100,-1.9851982758620754
Stage2,Scenario23,Pij,101,0.0
Stage2,Scenario23,Pij,102,-0.9404684663461884
Stage2,Scenario23,Pij,103,-1.4564651271266995
Stage2,Scenario23,Pij,104,-1.4564651271266995
Stage2,Scenario23,Pij,105,1.5933987205995785
Stage2,Scenario23,Pij,106,-4.218069745746598
Stage2,Scenario23,Pij,107,3.5276012794004092
Stage2,Scenario23,Pij,108,4.418184669929192
Stage2,Scenario23,Pij,109,-0.645254415675789
Stage2,Scenario23,Pij,11,0.6265817867257473
Stage2,Scenario23,Pij,110,-0.29090766503540405
Stage2,Scenario23,Pij,111,-0.29090766503540405
Stage2,Scenario23,Pij,112,1.7998006397002047
Stage2,Scenario23,Pij,113,1.7998006397002047
Stage2,Scenario23,Pij,114,0.0
Stage2,Scenario23,Pij,115,3.3799250788871587
Stage2,Scenario23,Pij,116,-1.7947455843242088
Stage2,Scenario23,Pij,117,2.9159250788871427
Stage2,Scenario23,Pij,118,5.0
Stage2,Scenario23,Pij,119,2.9159250788871427
Stage2,Scenario23,Pij,12,-0.43228634458842957
Stage2,Scenario23,Pij,13,0.39570455786268216
Stage2,Scenario23,Pij,14,-0.7769089968599961
Stage2,Scenario23,Pij,15,-1.881435872588764
Stage2,Scenario23,Pij,16,-2.3907654857232052
Stage2,Scenario23,Pij,17,0.0
Stage2,Scenario23,Pij,18,-2.514946258454683
Stage2,Scenario23,Pij,19,-0.6527282241285182
Stage2,Scenario23,Pij,2,0.5999999999999965
Stage2,Scenario23,Pij,20,-0.5240365649535786
Stage2,Scenario23,Pij,21,-1.3573993076351856
Stage2,Scenario23,Pij,22,-1.224298594515417
Stage2,Scenario23,Pij,23,-1.3286842288928444
Stage2,Scenario23,Pij,24,-2.592728224128518
Stage2,Scenario23,Pij,25,2.794453647333353
Stage2,Scenario23,Pij,26,-3.2309625394435715
Stage2,Scenario23,Pij,27,-3.2309625394435715
Stage2,Scenario23,Pij,28,1.9874714315537905
Stage2,Scenario23,Pij,29,0.0
Stage2,Scenario23,Pij,3,0.0764700435858795
Stage2,Scenario23,Pij,30,0.4517254232048351
Stage2,Scenario23,Pij,31,0.0
Stage2,Scenario23,Pij,32,0.0
Stage2,Scenario23,Pij,33,-0.20699999999999996
Stage2,Scenario23,Pij,34,-0.20699999999999996
Stage2,Scenario23,Pij,35,-0.3461372883975825
Stage2,Scenario23,Pij,36,-0.3461372883975825
Stage2,Scenario23,Pij,37,0.0
Stage2,Scenario23,Pij,38,-1.972274576795165
Stage2,Scenario23,Pij,39,0.0
Stage2,Scenario23,Pij,4,0.6335299564141171
Stage2,Scenario23,Pij,40,-0.18397247894570815
Stage2,Scenario23,Pij,41,0.0
Stage2,Scenario23,Pij,42,0.4875601464115207
Stage2,Scenario23,Pij,43,0.09243985358847939
Stage2,Scenario23,Pij,44,0.0
Stage2,Scenario23,Pij,45,0.9500000000000001
Stage2,Scenario23,Pij,46,-0.6858580668627321
Stage2,Scenario23,Pij,47,0.0
Stage2,Scenario23,Pij,48,-0.74
Stage2,Scenario23,Pij,49,-0.6175601464115206
Stage2,Scenario23,Pij,5,0.18747143155379042
Stage2,Scenario23,Pij,50,0.0
Stage2,Scenario23,Pij,51,0.0
Stage2,Scenario23,Pij,52,0.0
Stage2,Scenario23,Pij,53,-1.71
Stage2,Scenario23,Pij,54,0.0
Stage2,Scenario23,Pij,55,-3.175858066862732
Stage2,Scenario23,Pij,56,-1.8493493361730742
Stage2,Scenario23,Pij,57,-2.428210810238447
Stage2,Scenario23,Pij,58,-2.245146413542347
Stage2,Scenario23,Pij,59,0.39579707736927316
Stage2,Scenario23,Pij,6,-1.9874714315537905
Stage2,Scenario23,Pij,60,-1.2169437202613347
Stage2,Scenario23,Pij,61,-2.3871251568398413
Stage2,Scenario23,Pij,62,-1.9900901338036838
Stage2,Scenario23,Pij,63,-1.5442029226307268
Stage2,Scenario23,Pij,64,-1.4004593128542067
Stage2,Scenario23,Pij,65,-0.615074997462937
Stage2,Scenario23,Pij,66,-0.615074997462937
Stage2,Scenario23,Pij,67,0.0
Stage2,Scenario23,Pij,68,0.1281224738715834
Stage2,Scenario23,Pij,69,-2.5227847093564715
Stage2,Scenario23,Pij,7,-0.6635299564141205
Stage2,Scenario23,Pij,70,0.0
Stage2,Scenario23,Pij,71,-0.05585000507412474
Stage2,Scenario23,Pij,72,-0.20699999999999985
Stage2,Scenario23,Pij,73,-0.20699999999999985
Stage2,Scenario23,Pij,74,-2.1663923546782358
Stage2,Scenario23,Pij,75,-2.1663923546782358
Stage2,Scenario23,Pij,76,-2.806392354678236
Stage2,Scenario23,Pij,77,-2.806392354678236
Stage2,Scenario23,Pij,78,0.05585000507412474
Stage2,Scenario23,Pij,79,0.0
Stage2,Scenario23,Pij,8,-0.11000000000000343
Stage2,Scenario23,Pij,80,0.0
Stage2,Scenario23,Pij,81,-0.48000000000000576
Stage2,Scenario23,Pij,82,-0.45361810363231947
Stage2,Scenario23,Pij,83,0.08361810363231381
Stage2,Scenario23,Pij,84,1.75
Stage2,Scenario23,Pij,85,-3.116398720599579
Stage2,Scenario23,Pij,86,-1.1936181036323195
Stage2,Scenario23,Pij,87,-1.1900000000000057
Stage2,Scenario23,Pij,88,-1.2763818963676863
Stage2,Scenario23,Pij,89,0.0
Stage2,Scenario23,Pij,9,-0.726470043585883
Stage2,Scenario23,Pij,90,-1.71
Stage2,Scenario23,Pij,91,0.0
Stage2,Scenario23,Pij,92,0.0
Stage2,Scenario23,Pij,93,-1.420618103632319
Stage2,Scenario23,Pij,94,-0.5350000000000001
Stage2,Scenario23,Pij,95,-2.848381896367692
Stage2,Scenario23,Pij,96,0.0
Stage2,Scenario23,Pij,97,-0.5350000000000001
Stage2,Scenario23,Pij,98,-1.0351982758620735
Stage2,Scenario23,Pij,99,-2.2928017241379375
Stage2,Scenario23,bus_gen,0:0,0.0799999999999983
Stage2,Scenario23,bus_gen,0:1,0.0799999999999983
Stage2,Scenario23,bus_gen,0:113,0.0
Stage2,Scenario23,bus_gen,0:117,0.0
Stage2,Scenario23,bus_gen,0:118,0.0
Stage2,Scenario23,bus_gen,0:119,0.0
Stage2,Scenario23,bus_gen,0:2,0.76
Stage2,Scenario23,bus_gen,0:3,0.76
Stage2,Scenario23,bus_gen,1:112,0.0
Stage2,Scenario23,bus_gen,1:114,0.0
Stage2,Scenario23,bus_gen,1:4,0.0799999999999983
Stage2,Scenario23,bus_gen,1:5,0.0799999999999983
Stage2,Scenario23,bus_gen,1:6,0.76
Stage2,Scenario23,bus_gen,1:7,0.76
Stage2,Scenario23,bus_gen,12:10,0.5499999999999999
Stage2,Scenario23,bus_gen,12:109,0.9359999999999999
Stage2,Scenario23,bus_gen,12:11,0.5499999999999999
Stage2,Scenario23,bus_gen,12:12,0.5499999999999999
Stage2,Scenario23,bus_gen,12:9,0.5499999999999999
Stage2,Scenario23,bus_gen,13:72,0.0
Stage2,Scenario23,bus_gen,14:13,0.12
Stage2,Scenario23,bus_gen,14:14,0.12
Stage2,Scenario23,bus_gen,14:15,1.2500000000000002
Stage2,Scenario23,bus_gen,15:16,1.2500000000000002
Stage2,Scenario23,bus_gen,17:141,0.09300000000000003
Stage2,Scenario23,bus_gen,17:142,0.09699999999999999
Stage2,Scenario23,bus_gen,17:143,0.094
Stage2,Scenario23,bus_gen,17:144,0.091
Stage2,Scenario23,bus_gen,17:145,0.091
Stage2,Scenario23,bus_gen,17:146,0.09699999999999999
Stage2,Scenario23,bus_gen,17:148,0.11800000000000001
Stage2,Scenario23,bus_gen,17:149,0.11199999999999999
Stage2,Scenario23,bus_gen,17:150,0.10300000000000001
Stage2,Scenario23,bus_gen,17:151,0.04500000000000004
Stage2,Scenario23,bus_gen,17:17,1.9750000000000003
Stage2,Scenario23,bus_gen,18:121,0.6659999999999999
Stage2,Scenario23,bus_gen,2:120,0.0
Stage2,Scenario23,bus_gen,20:73,3.96
Stage2,Scenario23,bus_gen,21:156,0.0
Stage2,Scenario23,bus_gen,21:74,0.0
Stage2,Scenario23,bus_gen,21:75,0.0
Stage2,Scenario23,bus_gen,21:76,0.0
Stage2,Scenario23,bus_gen,21:77,0.0
Stage2,Scenario23,bus_gen,21:78,0.0
Stage2,Scenario23,bus_gen,21:79,0.0
Stage2,Scenario23,bus_gen,22:18,0.9199999999999984
Stage2,Scenario23,bus_gen,22:19,1.7999999999999985
Stage2,Scenario23,bus_gen,22:20,0.5499999999999999
Stage2,Scenario23,bus_gen,22:21,0.5499999999999999
Stage2,Scenario23,bus_gen,22:22,0.5499999999999999
Stage2,Scenario23,bus_gen,24:23,0.2
Stage2,Scenario23,bus_gen,24:24,0.2
Stage2,Scenario23,bus_gen,24:25,0.76
Stage2,Scenario23,bus_gen,24:80,0.5
Stage2,Scenario23,bus_gen,25:26,0.2
Stage2,Scenario23,bus_gen,25:27,0.2
Stage2,Scenario23,bus_gen,25:28,0.76
Stage2,Scenario23,bus_gen,25:29,0.76
Stage2,Scenario23,bus_gen,3:115,0.0
Stage2,Scenario23,bus_gen,30:30,0.5499999999999999
Stage2,Scenario23,bus_gen,30:31,0.5499999999999999
Stage2,Scenario23,bus_gen,35:116,2.0
Stage2,Scenario23,bus_gen,36:152,0.132
Stage2,Scenario23,bus_gen,36:32,3.55
Stage2,Scenario23,bus_gen,36:33,0.21999999999999886
Stage2,Scenario23,bus_gen,36:34,0.21999999999999886
Stage2,Scenario23,bus_gen,37:81,0.0
Stage2,Scenario23,bus_gen,38:111,0.7680749211127638
Stage2,Scenario23,bus_gen,38:35,0.5499999999999999
Stage2,Scenario23,bus_gen,38:36,0.5499999999999999
Stage2,Scenario23,bus_gen,38:82,0.0
Stage2,Scenario23,bus_gen,38:83,0.0
Stage2,Scenario23,bus_gen,38:84,0.0
Stage2,Scenario23,bus_gen,39:37,1.55
Stage2,Scenario23,bus_gen,41:38,2.9160000000000004
Stage2,Scenario23,bus_gen,44:39,1.6999999999999984
Stage2,Scenario23,bus_gen,45:85,0.0
Stage2,Scenario23,bus_gen,45:86,0.0
Stage2,Scenario23,bus_gen,45:87,0.0
Stage2,Scenario23,bus_gen,45:88,0.0
Stage2,Scenario23,bus_gen,45:89,0.0
Stage2,Scenario23,bus_gen,45:90,0.0
Stage2,Scenario23,bus_gen,46:40,0.7699999999999984
Stage2,Scenario23,bus_gen,46:41,0.7699999999999984
Stage2,Scenario23,bus_gen,46:42,1.7999999999999985
Stage2,Scenario23,bus_gen,46:43,0.5499999999999999
Stage2,Scenario23,bus_gen,46:44,0.5499999999999999
Stage2,Scenario23,bus_gen,46:45,0.5499999999999999
Stage2,Scenario23,bus_gen,48:46,0.0799999999999983
Stage2,Scenario23,bus_gen,48:47,0.0799999999999983
Stage2,Scenario23,bus_gen,48:48,0.21999999999999886
Stage2,Scenario23,bus_gen,48:49,0.21999999999999886
Stage2,Scenario23,bus_gen,49:50,0.0799999999999983
Stage2,Scenario23,bus_gen,49:51,0.0799999999999983
Stage2,Scenario23,bus_gen,49:52,0.21999999999999886
Stage2,Scenario23,bus_gen,49:53,0.21999999999999886
Stage2,Scenario23,bus_gen,50:155,0.4336012794004209
Stage2,Scenario23,bus_gen,54:54,0.5499999999999999
Stage2,Scenario23,bus_gen,54:55,0.5499999999999999
Stage2,Scenario23,bus_gen,55:122,0.0
Stage2,Scenario23,bus_gen,56:153,1.483
Stage2,Scenario23,bus_gen,57:103,0.517
Stage2,Scenario23,bus_gen,57:106,0.5159999999999999
Stage2,Scenario23,bus_gen,59:105,0.941
Stage2,Scenario23,bus_gen,6:8,3.55
Stage2,Scenario23,bus_gen,60:102,0.0
Stage2,Scenario23,bus_gen,60:123,0.0
Stage2,Scenario23,bus_gen,60:124,0.0
Stage2,Scenario23,bus_gen,60:125,0.0
Stage2,Scenario23,bus_gen,60:126,0.0
Stage2,Scenario23,bus_gen,60:127,0.0
Stage2,Scenario23,bus_gen,60:128,0.0
Stage2,Scenario23,bus_gen,60:129,0.0
Stage2,Scenario23,bus_gen,60:130,0.0
Stage2,Scenario23,bus_gen,60:131,0.0
Stage2,Scenario23,bus_gen,60:132,0.0
Stage2,Scenario23,bus_gen,60:133,0.0
Stage2,Scenario23,bus_gen,60:134,0.0
Stage2,Scenario23,bus_gen,60:138,0.0
Stage2,Scenario23,bus_gen,60:157,0.0
Stage2,Scenario23,bus_gen,60:56,1.6999999999999984
Stage2,Scenario23,bus_gen,60:99,0.0
Stage2,Scenario23,bus_gen,61:100,0.927
Stage2,Scenario23,bus_gen,61:101,0.516
Stage2,Scenario23,bus_gen,61:91,0.0
Stage2,Scenario23,bus_gen,61:97,0.516
Stage2,Scenario23,bus_gen,61:98,0.516
Stage2,Scenario23,bus_gen,62:57,0.049999999999998934
Stage2,Scenario23,bus_gen,62:58,0.049999999999998934
Stage2,Scenario23,bus_gen,62:59,0.049999999999998934
Stage2,Scenario23,bus_gen,62:60,0.049999999999998934
Stage2,Scenario23,bus_gen,62:61,0.049999999999998934
Stage2,Scenario23,bus_gen,62:62,0.21999999999999886
Stage2,Scenario23,bus_gen,62:63,0.21999999999999886
Stage2,Scenario23,bus_gen,62:64,0.21999999999999886
Stage2,Scenario23,bus_gen,63:65,1.2500000000000002
Stage2,Scenario23,bus_gen,64:154,7.9910000000000005
Stage2,Scenario23,bus_gen,65:66,3.33
Stage2,Scenario23,bus_gen,66:110,1.882
Stage2,Scenario23,bus_gen,67:135,0.0
Stage2,Scenario23,bus_gen,67:136,0.27
Stage2,Scenario23,bus_gen,67:137,0.28300000000000003
Stage2,Scenario23,bus_gen,67:139,0.27
Stage2,Scenario23,bus_gen,67:140,0.2373237994867491
Stage2,Scenario23,bus_gen,67:147,0.0
Stage2,Scenario23,bus_gen,67:96,0.0
Stage2,Scenario23,bus_gen,68:67,1.6999999999999984
Stage2,Scenario23,bus_gen,69:68,0.21999999999999886
Stage2,Scenario23,bus_gen,69:69,0.21999999999999886
Stage2,Scenario23,bus_gen,69:92,0.5
Stage2,Scenario23,bus_gen,69:93,0.5
Stage2,Scenario23,bus_gen,69:94,0.5
Stage2,Scenario23,bus_gen,69:95,0.5
Stage2,Scenario23,bus_gen,70:70,1.9069999999999985
Stage2,Scenario23,bus_gen,70:71,1.9069999999999985
Stage2,Scenario23,bus_gen,71:104,0.49700000000000005
Stage2,Scenario23,bus_gen,71:107,0.516
Stage2,Scenario23,bus_gen,71:108,0.51
Stage2,Scenario23,cvar,None,27.4536842105263
Stage2,Scenario23,gen_curtailment,0:0,0.0
Stage2,Scenario23,gen_curtailment,0:1,0.0
Stage2,Scenario23,gen_curtailment,0:113,0.0
Stage2,Scenario23,gen_curtailment,0:117,0.0
Stage2,Scenario23,gen_curtailment,0:118,0.0
Stage2,Scenario23,gen_curtailment,0:119,0.0
Stage2,Scenario23,gen_curtailment,0:2,0.0
Stage2,Scenario23,gen_curtailment,0:3,0.0
Stage2,Scenario23,gen_curtailment,1:112,0.0
Stage2,Scenario23,gen_curtailment,1:114,0.0
Stage2,Scenario23,gen_curtailment,1:4,0.0
Stage2,Scenario23,gen_curtailment,1:5,0.0
Stage2,Scenario23,gen_curtailment,1:6,0.0
Stage2,Scenario23,gen_curtailment,1:7,0.0
Stage2,Scenario23,gen_curtailment,12:10,0.0
Stage2,Scenario23,gen_curtailment,12:109,0.0
Stage2,Scenario23,gen_curtailment,12:11,0.0
Stage2,Scenario23,gen_curtailment,12:12,0.0
Stage2,Scenario23,gen_curtailment,12:9,0.0
Stage2,Scenario23,gen_curtailment,13:72,0.0
Stage2,Scenario23,gen_curtailment,14:13,0.0
Stage2,Scenario23,gen_curtailment,14:14,0.0
Stage2,Scenario23,gen_curtailment,14:15,0.0
Stage2,Scenario23,gen_curtailment,15:16,0.0
Stage2,Scenario23,gen_curtailment,17:141,0.0
Stage2,Scenario23,gen_curtailment,17:142,0.0
Stage2,Scenario23,gen_curtailment,17:143,0.0
Stage2,Scenario23,gen_curtailment,17:144,0.0
Stage2,Scenario23,gen_curtailment,17:145,0.0
Stage2,Scenario23,gen_curtailment,17:146,0.0
Stage2,Scenario23,gen_curtailment,17:148,0.0
Stage2,Scenario23,gen_curtailment,17:149,0.0
Stage2,Scenario23,gen_curtailment,17:150,0.0
Stage2,Scenario23,gen_curtailment,17:151,0.0
Stage2,Scenario23,gen_curtailment,17:17,0.0
Stage2,Scenario23,gen_curtailment,18:121,0.0
Stage2,Scenario23,gen_curtailment,2:120,0.0
Stage2,Scenario23,gen_curtailment,20:73,0.0
Stage2,Scenario23,gen_curtailment,21:156,0.0
Stage2,Scenario23,gen_curtailment,21:74,0.0
Stage2,Scenario23,gen_curtailment,21:75,0.0
Stage2,Scenario23,gen_curtailment,21:76,0.0
Stage2,Scenario23,gen_curtailment,21:77,0.0
Stage2,Scenario23,gen_curtailment,21:78,0.0
Stage2,Scenario23,gen_curtailment,21:79,0.0
Stage2,Scenario23,gen_curtailment,22:18,0.0
Stage2,Scenario23,gen_curtailment,22:19,0.0
Stage2,Scenario23,gen_curtailment,22:20,0.0
Stage2,Scenario23,gen_curtailment,22:21,0.0
Stage2,Scenario23,gen_curtailment,22:22,0.0
Stage2,Scenario23,gen_curtailment,24:23,0.0
Stage2,Scenario23,gen_curtailment,24:24,0.0
Stage2,Scenario23,gen_curtailment,24:25,0.0
Stage2,Scenario23,gen_curtailment,24:80,0.0
Stage2,Scenario23,gen_curtailment,25:26,0.0
Stage2,Scenario23,gen_curtailment,25:27,0.0
Stage2,Scenario23,gen_curtailment,25:28,0.0
Stage2,Scenario23,gen_curtailment,25:29,0.0
Stage2,Scenario23,gen_curtailment,3:115,0.0
Stage2,Scenario23,gen_curtailment,30:30,0.0
Stage2,Scenario23,gen_curtailment,30:31,0.0
Stage2,Scenario23,gen_curtailment,35:116,0.0
Stage2,Scenario23,gen_curtailment,36:152,0.0
Stage2,Scenario23,gen_curtailment,36:32,0.0
Stage2,Scenario23,gen_curtailment,36:33,0.0
Stage2,Scenario23,gen_curtailment,36:34,0.0
Stage2,Scenario23,gen_curtailment,37:81,0.0
Stage2,Scenario23,gen_curtailment,38:111,0.0
Stage2,Scenario23,gen_curtailment,38:35,0.0
Stage2,Scenario23,gen_curtailment,38:36,0.0
Stage2,Scenario23,gen_curtailment,38:82,0.0
Stage2,Scenario23,gen_curtailment,38:83,0.0
Stage2,Scenario23,gen_curtailment,38:84,0.0
Stage2,Scenario23,gen_curtailment,39:37,0.0
Stage2,Scenario23,gen_curtailment,41:38,0.0
Stage2,Scenario23,gen_curtailment,44:39,0.0
Stage2,Scenario23,gen_curtailment,45:85,0.0
Stage2,Scenario23,gen_curtailment,45:86,0.0
Stage2,Scenario23,gen_curtailment,45:87,0.0
Stage2,Scenario23,gen_curtailment,45:88,0.0
Stage2,Scenario23,gen_curtailment,45:89,0.0
Stage2,Scenario23,gen_curtailment,45:90,0.0
Stage2,Scenario23,gen_curtailment,46:40,0.0
Stage2,Scenario23,gen_curtailment,46:41,0.0
Stage2,Scenario23,gen_curtailment,46:42,0.0
Stage2,Scenario23,gen_curtailment,46:43,0.0
Stage2,Scenario23,gen_curtailment,46:44,0.0
Stage2,Scenario23,gen_curtailment,46:45,0.0
Stage2,Scenario23,gen_curtailment,48:46,0.0
Stage2,Scenario23,gen_curtailment,48:47,0.0
Stage2,Scenario23,gen_curtailment,48:48,0.0
Stage2,Scenario23,gen_curtailment,48:49,0.0
Stage2,Scenario23,gen_curtailment,49:50,0.0
Stage2,Scenario23,gen_curtailment,49:51,0.0
Stage2,Scenario23,gen_curtailment,49:52,0.0
Stage2,Scenario23,gen_curtailment,49:53,0.0
Stage2,Scenario23,gen_curtailment,50:155,0.0
Stage2,Scenario23,gen_curtailment,54:54,0.0
Stage2,Scenario23,gen_curtailment,54:55,0.0
Stage2,Scenario23,gen_curtailment,55:122,0.0
Stage2,Scenario23,gen_curtailment,56:153,0.0
Stage2,Scenario23,gen_curtailment,57:103,0.0
Stage2,Scenario23,gen_curtailment,57:106,0.0
Stage2,Scenario23,gen_curtailment,59:105,0.0
Stage2,Scenario23,gen_curtailment,6:8,0.0
Stage2,Scenario23,gen_curtailment,60:102,0.0
Stage2,Scenario23,gen_curtailment,60:123,0.0
Stage2,Scenario23,gen_curtailment,60:124,0.0
Stage2,Scenario23,gen_curtailment,60:125,0.0
Stage2,Scenario23,gen_curtailment,60:126,0.0
Stage2,Scenario23,gen_curtailment,60:127,0.0
Stage2,Scenario23,gen_curtailment,60:128,0.0
Stage2,Scenario23,gen_curtailment,60:129,0.0
Stage2,Scenario23,gen_curtailment,60:130,0.0
Stage2,Scenario23,gen_curtailment,60:131,0.0
Stage2,Scenario23,gen_curtailment,60:132,0.0
Stage2,Scenario23,gen_curtailment,60:133,0.0
Stage2,Scenario23,gen_curtailment,60:134,0.0
Stage2,Scenario23,gen_curtailment,60:138,0.0
Stage2,Scenario23,gen_curtailment,60:157,0.0
Stage2,Scenario23,gen_curtailment,60:56,0.0
Stage2,Scenario23,gen_curtailment,60:99,0.0
Stage2,Scenario23,gen_curtailment,61:100,0.0
Stage2,Scenario23,gen_curtailment,61:101,0.0
Stage2,Scenario23,gen_curtailment,61:91,0.0
Stage2,Scenario23,gen_curtailment,61:97,0.0
Stage2,Scenario23,gen_curtailment,61:98,0.0
Stage2,Scenario23,gen_curtailment,62:57,0.0
Stage2,Scenario23,gen_curtailment,62:58,0.0
Stage2,Scenario23,gen_curtailment,62:59,0.0
Stage2,Scenario23,gen_curtailment,62:60,0.0
Stage2,Scenario23,gen_curtailment,62:61,0.0
Stage2,Scenario23,gen_curtailment,62:62,0.0
Stage2,Scenario23,gen_curtailment,62:63,0.0
Stage2,Scenario23,gen_curtailment,62:64,0.0
Stage2,Scenario23,gen_curtailment,63:65,0.0
Stage2,Scenario23,gen_curtailment,64:154,0.0
Stage2,Scenario23,gen_curtailment,65:66,0.0
Stage2,Scenario23,gen_curtailment,66:110,0.0
Stage2,Scenario23,gen_curtailment,67:135,0.0
Stage2,Scenario23,gen_curtailment,67:136,0.0
Stage2,Scenario23,gen_curtailment,67:137,0.0
Stage2,Scenario23,gen_curtailment,67:139,0.0
Stage2,Scenario23,gen_curtailment,67:140,0.0
Stage2,Scenario23,gen_curtailment,67:147,0.0
Stage2,Scenario23,gen_curtailment,67:96,0.0
Stage2,Scenario23,gen_curtailment,68:67,0.0
Stage2,Scenario23,gen_curtailment,69:68,0.0
Stage2,Scenario23,gen_curtailment,69:69,0.0
Stage2,Scenario23,gen_curtailment,69:92,0.0
Stage2,Scenario23,gen_curtailment,69:93,0.0
Stage2,Scenario23,gen_curtailment,69:94,0.0
Stage2,Scenario23,gen_curtailment,69:95,0.0
Stage2,Scenario23,gen_curtailment,70:70,0.0
Stage2,Scenario23,gen_curtailment,70:71,0.0
Stage2,Scenario23,gen_curtailment,71:104,0.0
Stage2,Scenario23,gen_curtailment,71:107,0.0
Stage2,Scenario23,gen_curtailment,71:108,0.0
Stage2,Scenario23,load_shed,0,0.0
Stage2,Scenario23,load_shed,1,0.0
Stage2,Scenario23,load_shed,10,0.0
Stage2,Scenario23,load_shed,11,0.0
Stage2,Scenario23,load_shed,12,0.0
Stage2,Scenario23,load_shed,13,0.0
Stage2,Scenario23,load_shed,14,0.0
Stage2,Scenario23,load_shed,15,0.0
Stage2,Scenario23,load_shed,16,0.0
Stage2,Scenario23,load_shed,17,0.0
Stage2,Scenario23,load_shed,18,0.0
Stage2,Scenario23,load_shed,19,0.0
Stage2,Scenario23,load_shed,2,0.0
Stage2,Scenario23,load_shed,20,0.0
Stage2,Scenario23,load_shed,21,0.0
Stage2,Scenario23,load_shed,22,0.0
Stage2,Scenario23,load_shed,23,0.0
Stage2,Scenario23,load_shed,24,0.0
Stage2,Scenario23,load_shed,25,0.0
Stage2,Scenario23,load_shed,26,0.0
Stage2,Scenario23,load_shed,27,0.0
Stage2,Scenario23,load_shed,28,0.0
Stage2,Scenario23,load_shed,29,0.4100000000000002
Stage2,Scenario23,load_shed,3,0.0
Stage2,Scenario23,load_shed,30,0.1499999999999999
Stage2,Scenario23,load_shed,31,0.0
Stage2,Scenario23,load_shed,32,0.0
Stage2,Scenario23,load_shed,33,0.0
Stage2,Scenario23,load_shed,34,0.0
Stage2,Scenario23,load_shed,35,0.0
Stage2,Scenario23,load_shed,36,0.0
Stage2,Scenario23,load_shed,37,0.0
Stage2,Scenario23,load_shed,38,0.0
Stage2,Scenario23,load_shed,39,0.0
Stage2,Scenario23,load_shed,4,0.0
Stage2,Scenario23,load_shed,40,0.0
Stage2,Scenario23,load_shed,41,0.0
Stage2,Scenario23,load_shed,42,0.0
Stage2,Scenario23,load_shed,43,0.0
Stage2,Scenario23,load_shed,44,0.0
Stage2,Scenario23,load_shed,45,0.0
Stage2,Scenario23,load_shed,46,0.0
Stage2,Scenario23,load_shed,47,0.0
Stage2,Scenario23,load_shed,48,0.0
Stage2,Scenario23,load_shed,49,0.0
Stage2,Scenario23,load_shed,5,0.0
Stage2,Scenario23,load_shed,50,0.0
Stage2,Scenario23,load_shed,51,0.0
Stage2,Scenario23,load_shed,52,0.0
Stage2,Scenario23,load_shed,53,0.0
Stage2,Scenario23,load_shed,54,0.1499999999999999
Stage2,Scenario23,load_shed,55,0.0
Stage2,Scenario23,load_shed,56,0.0
Stage2,Scenario23,load_shed,57,0.0
Stage2,Scenario23,load_shed,58,0.0
Stage2,Scenario23,load_shed,59,0.0
Stage2,Scenario23,load_shed,6,0.0
Stage2,Scenario23,load_shed,60,0.0
Stage2,Scenario23,load_shed,61,0.0
Stage2,Scenario23,load_shed,62,0.0
Stage2,Scenario23,load_shed,63,0.0
Stage2,Scenario23,load_shed,64,0.0
Stage2,Scenario23,load_shed,65,0.0
Stage2,Scenario23,load_shed,66,0.0
Stage2,Scenario23,load_shed,67,0.0
Stage2,Scenario23,load_shed,68,0.0
Stage2,Scenario23,load_shed,69,0.0
Stage2,Scenario23,load_shed,7,0.0
Stage2,Scenario23,load_shed,70,0.0
Stage2,Scenario23,load_shed,71,0.0
Stage2,Scenario23,load_shed,72,0.0
Stage2,Scenario23,load_shed,8,0.0
Stage2,Scenario23,load_shed,9,0.0
Stage2,Scenario23,load_shed_value,None,0.71
Stage2,Scenario23,nu,None,0.0
Stage2,Scenario23,theta,0,-0.2832340857185859
Stage2,Scenario23,theta,1,-0.2472310067458135
Stage2,Scenario23,theta,10,-0.1207174204058248
Stage2,Scenario23,theta,11,-0.025153755117771775
Stage2,Scenario23,theta,12,0.0
Stage2,Scenario23,theta,13,-0.09330283499242703
Stage2,Scenario23,theta,14,0.10717384223582258
Stage2,Scenario23,theta,15,0.05966813023115558
Stage2,Scenario23,theta,16,0.05966813023115558
Stage2,Scenario23,theta,17,0.26010900666855935
Stage2,Scenario23,theta,18,0.049278445497444374
Stage2,Scenario23,theta,19,0.06312393703334765
Stage2,Scenario23,theta,2,-0.16562648645925063
Stage2,Scenario23,theta,20,0.26549100666855935
Stage2,Scenario23,theta,21,0.26549100666855935
Stage2,Scenario23,theta,22,0.10651397772284127
Stage2,Scenario23,theta,23,0.0038253277950255626
Stage2,Scenario23,theta,24,-0.15518879943152825
Stage2,Scenario23,theta,25,-6.100785307179585
Stage2,Scenario23,theta,26,-0.2580639903243591
Stage2,Scenario23,theta,27,-0.253406880367694
Stage2,Scenario23,theta,28,-0.163046186986549
Stage2,Scenario23,theta,29,-6.283185307179585
Stage2,Scenario23,theta,3,-0.2569427022812202
Stage2,Scenario23,theta,30,0.0
Stage2,Scenario23,theta,31,-0.39085089410233526
Stage2,Scenario23,theta,32,-0.176446880367694
Stage2,Scenario23,theta,33,-0.10870089410233523
Stage2,Scenario23,theta,34,0.048974630299781066
Stage2,Scenario23,theta,35,0.09832835957726963
Stage2,Scenario23,theta,36,0.15674165814981372
Stage2,Scenario23,theta,37,0.03235115305027159
Stage2,Scenario23,theta,38,0.09965131716696334
Stage2,Scenario23,theta,39,0.12345912548548485
Stage2,Scenario23,theta,4,-0.3342340857185856
Stage2,Scenario23,theta,40,0.12012794116482367
Stage2,Scenario23,theta,41,0.12440799204264724
Stage2,Scenario23,theta,42,0.18148317380068368
Stage2,Scenario23,theta,43,0.2681388679878131
Stage2,Scenario23,theta,44,0.12978999204264724
Stage2,Scenario23,theta,45,0.12599219169760678
Stage2,Scenario23,theta,46,0.3298794997907343
Stage2,Scenario23,theta,47,0.09965131716696334
Stage2,Scenario23,theta,48,-0.036195742695093874
Stage2,Scenario23,theta,49,0.047519637523882455
Stage2,Scenario23,theta,5,-0.368868758377324
Stage2,Scenario23,theta,50,0.43751541946294825
Stage2,Scenario23,theta,51,0.10512913668518703
Stage2,Scenario23,theta,52,0.004604257304906621
Stage2,Scenario23,theta,53,0.0314649616264782
Stage2,Scenario23,theta,54,0.0
Stage2,Scenario23,theta,55,-0.05288458053705175
Stage2,Scenario23,theta,56,0.22926541946294826
Stage2,Scenario23,theta,57,0.10932425730490711
Stage2,Scenario23,theta,58,0.15493835730490713
Stage2,Scenario23,theta,59,0.3521772977892165
Stage2,Scenario23,theta,6,-0.15718432266151317
Stage2,Scenario23,theta,60,0.40186681503059596
Stage2,Scenario23,theta,61,0.17740835730490714
Stage2,Scenario23,theta,62,0.7860763078524464
Stage2,Scenario23,theta,63,0.8020642717803316
Stage2,Scenario23,theta,64,0.9117340851697431
Stage2,Scenario23,theta,65,0.8498794997907343
Stage2,Scenario23,theta,66,0.7209294423541222
Stage2,Scenario23,theta,67,0.648937416766114
Stage2,Scenario23,theta,68,0.8574430990816548
Stage2,Scenario23,theta,69,0.979485798815701
Stage2,Scenario23,theta,7,-0.2592628336712426
Stage2,Scenario23,theta,70,0.5745790650305965
Stage2,Scenario23,theta,71,0.7032195743812684
Stage2,Scenario23,theta,72,0.5483357393206123
Stage2,Scenario23,theta,8,-0.18793558681415168
Stage2,Scenario23,theta,9,-0.3245540857185853
Stage2,Scenario23,xij,0,0.0
Stage2,Scenario23,xij,1,0.0
Stage2,Scenario23,xij,10,1.0
Stage2,Scenario23,xij,100,1.0
Stage2,Scenario23,xij,101,0.0
Stage2,Scenario23,xij,102,1.0
Stage2,Scenario23,xij,103,1.0
Stage2,Scenario23,xij,104,1.0
Stage2,Scenario23,xij,105,1.0
Stage2,Scenario23,xij,106,1.0
Stage2,Scenario23,xij,107,1.0
Stage2,Scenario23,xij,108,1.0
Stage2,Scenario23,xij,109,1.0
Stage2,Scenario23,xij,11,1.0
Stage2,Scenario23,xij,110,1.0
Stage2,Scenario23,xij,111,1.0
Stage2,Scenario23,xij,112,1.0
Stage2,Scenario23,xij,113,1.0
Stage2,Scenario23,xij,114,0.0
Stage2,Scenario23,xij,115,1.0
Stage2,Scenario23,xij,116,1.0
Stage2,Scenario23,xij,117,1.0
Stage2,Scenario23,xij,118,1.0
Stage2,Scenario23,xij,119,1.0
Stage2,Scenario23,xij,12,1.0
Stage2,Scenario23,xij,13,1.0
Stage2,Scenario23,xij,14,1.0
Stage2,Scenario23,xij,15,1.0
Stage2,Scenario23,xij,16,1.0
Stage2,Scenario23,xij,17,0.0
Stage2,Scenario23,xij,18,1.0
Stage2,Scenario23,xij,19,1.0
Stage2,Scenario23,xij,2,1.0
Stage2,Scenario23,xij,20,1.0
Stage2,Scenario23,xij,21,1.0
Stage2,Scenario23,xij,22,1.0
Stage2,Scenario23,xij,23,1.0
Stage2,Scenario23,xij,24,1.0
Stage2,Scenario23,xij,25,1.0
Stage2,Scenario23,xij,26,1.0
Stage2,Scenario23,xij,27,1.0
Stage2,Scenario23,xij,28,1.0
Stage2,Scenario23,xij,29,1.0
Stage2,Scenario23,xij,3,1.0
Stage2,Scenario23,xij,30,1.0
Stage2,Scenario23,xij,31,0.0
Stage2,Scenario23,xij,32,0.0
Stage2,Scenario23,xij,33,1.0
Stage2,Scenario23,xij,34,1.0
Stage2,Scenario23,xij,35,1.0
Stage2,Scenario23,xij,36,1.0
Stage2,Scenario23,xij,37,0.0
Stage2,Scenario23,xij,38,1.0
Stage2,Scenario23,xij,39,1.0
Stage2,Scenario23,xij,4,1.0
Stage2,Scenario23,xij,40,1.0
Stage2,Scenario23,xij,41,0.0
Stage2,Scenario23,xij,42,1.0
Stage2,Scenario23,xij,43,1.0
Stage2,Scenario23,xij,44,0.0
Stage2,Scenario23,xij,45,1.0
Stage2,Scenario23,xij,46,1.0
Stage2,Scenario23,xij,47,0.0
Stage2,Scenario23,xij,48,1.0
Stage2,Scenario23,xij,49,1.0
Stage2,Scenario23,xij,5,1.0
Stage2,Scenario23,xij,50,0.0
Stage2,Scenario23,xij,51,0.0
Stage2,Scenario23,xij,52,0.0
Stage2,Scenario23,xij,53,1.0
Stage2,Scenario23,xij,54,0.0
Stage2,Scenario23,xij,55,1.0
Stage2,Scenario23,xij,56,1.0
Stage2,Scenario23,xij,57,1.0
Stage2,Scenario23,xij,58,1.0
Stage2,Scenario23,xij,59,1.0
Stage2,Scenario23,xij,6,1.0
Stage2,Scenario23,xij,60,1.0
Stage2,Scenario23,xij,61,1.0
Stage2,Scenario23,xij,62,1.0
Stage2,Scenario23,xij,63,1.0
Stage2,Scenario23,xij,64,1.0
Stage2,Scenario23,xij,65,1.0
Stage2,Scenario23,xij,66,1.0
Stage2,Scenario23,xij,67,1.0
Stage2,Scenario23,xij,68,1.0
Stage2,Scenario23,xij,69,1.0
Stage2,Scenario23,xij,7,1.0
Stage2,Scenario23,xij,70,0.0
Stage2,Scenario23,xij,71,1.0
Stage2,Scenario23,xij,72,1.0
Stage2,Scenario23,xij,73,1.0
Stage2,Scenario23,xij,74,1.0
Stage2,Scenario23,xij,75,1.0
Stage2,Scenario23,xij,76,1.0
Stage2,Scenario23,xij,77,1.0
Stage2,Scenario23,xij,78,1.0
Stage2,Scenario23,xij,79,0.0
Stage2,Scenario23,xij,8,1.0
Stage2,Scenario23,xij,80,0.0
Stage2,Scenario23,xij,81,1.0
Stage2,Scenario23,xij,82,1.0
Stage2,Scenario23,xij,83,1.0
Stage2,Scenario23,xij,84,1.0
Stage2,Scenario23,xij,85,1.0
Stage2,Scenario23,xij,86,1.0
Stage2,Scenario23,xij,87,1.0
Stage2,Scenario23,xij,88,1.0
Stage2,Scenario23,xij,89,0.0
Stage2,Scenario23,xij,9,1.0
Stage2,Scenario23,xij,90,1.0
Stage2,Scenario23,xij,91,0.0
Stage2,Scenario23,xij,92,0.0
Stage2,Scenario23,xij,93,1.0
Stage2,Scenario23,xij,94,1.0
Stage2,Scenario23,xij,95,1.0
Stage2,Scenario23,xij,96,0.0
Stage2,Scenario23,xij,97,1.0
Stage2,Scenario23,xij,98,1.0
Stage2,Scenario23,xij,99,1.0
Stage2,Scenario24,Pij,0,0.47527652173913043
Stage2,Scenario24,Pij,1,0.7007234782608694
Stage2,Scenario24,Pij,10,2.157653230236452
Stage2,Scenario24,Pij,100,1.8395360491198858
Stage2,Scenario24,Pij,101,1.9217776671112536
Stage2,Scenario24,Pij,102,-4.133938587446378
Stage2,Scenario24,Pij,103,1.6370000000000018
Stage2,Scenario24,Pij,104,1.6370000000000018
Stage2,Scenario24,Pij,105,-1.400061412553634
Stage2,Scenario24,Pij,106,0.0
Stage2,Scenario24,Pij,107,-1.9621609203351276
Stage2,Scenario24,Pij,108,0.4399999999999978
Stage2,Scenario24,Pij,109,-0.4399999999999978
Stage2,Scenario24,Pij,11,-0.2716532302364518
Stage2,Scenario24,Pij,110,-2.487000000000001
Stage2,Scenario24,Pij,111,-2.487000000000001
Stage2,Scenario24,Pij,112,0.0
Stage2,Scenario24,Pij,113,-3.7721609203351267
Stage2,Scenario24,Pij,114,-2.526080460167564
Stage2,Scenario24,Pij,115,-2.526080460167564
Stage2,Scenario24,Pij,116,0.0
Stage2,Scenario24,Pij,117,-0.7899999999999823
Stage2,Scenario24,Pij,118,5.000000000000001
Stage2,Scenario24,Pij,119,-0.7899999999999823
Stage2,Scenario24,Pij,12,0.24537271921420198
Stage2,Scenario24,Pij,13,0.2022805110222498
Stage2,Scenario24,Pij,14,-0.04139139801881556
Stage2,Scenario24,Pij,15,-1.845235882766983
Stage2,Scenario24,Pij,16,0.04139139801881556
Stage2,Scenario24,Pij,17,-1.789110886996566
Stage2,Scenario24,Pij,18,0.0
Stage2,Scenario24,Pij,19,0.0
Stage2,Scenario24,Pij,2,0.7099999999999999
Stage2,Scenario24,Pij,20,-2.152662955329712
Stage2,Scenario24,Pij,21,-1.4816838144338367
Stage2,Scenario24,Pij,22,-0.46431618556616067
Stage2,Scenario24,Pij,23,-2.522346769763556
Stage2,Scenario24,Pij,24,-1.9400000000000155
Stage2,Scenario24,Pij,25,0.0
Stage2,Scenario24,Pij,26,-0.9100000000000009
Stage2,Scenario24,Pij,27,-0.9100000000000009
Stage2,Scenario24,Pij,28,0.0
Stage2,Scenario24,Pij,29,-1.3900000000000157
Stage2,Scenario24,Pij,3,0.5742765217391304
Stage2,Scenario24,Pij,30,0.0
Stage2,Scenario24,Pij,31,-1.3900000000000157
Stage2,Scenario24,Pij,32,0.0
Stage2,Scenario24,Pij,33,-0.6950000000000078
Stage2,Scenario24,Pij,34,-0.6950000000000078
Stage2,Scenario24,Pij,35,-0.5720000000000001
Stage2,Scenario24,Pij,36,-0.5720000000000001
Stage2,Scenario24,Pij,37,0.0
Stage2,Scenario24,Pij,38,-2.424000000000001
Stage2,Scenario24,Pij,39,0.0
Stage2,Scenario24,Pij,4,1.36
Stage2,Scenario24,Pij,40,0.0
Stage2,Scenario24,Pij,41,-0.7099999999999966
Stage2,Scenario24,Pij,42,0.3499999999999932
Stage2,Scenario24,Pij,43,0.0
Stage2,Scenario24,Pij,44,0.0
Stage2,Scenario24,Pij,45,0.0
Stage2,Scenario24,Pij,46,0.0
Stage2,Scenario24,Pij,47,-1.7216532302364587
Stage2,Scenario24,Pij,48,-0.74
Stage2,Scenario24,Pij,49,-0.7099999999999999
Stage2,Scenario24,Pij,5,-0.4842765217391305
Stage2,Scenario24,Pij,50,-1.36
Stage2,Scenario24,Pij,51,-0.14999999999999988
Stage2,Scenario24,Pij,52,-0.7948112902910844
Stage2,Scenario24,Pij,53,-1.0651887097089154
Stage2,Scenario24,Pij,54,0.0
Stage2,Scenario24,Pij,55,-3.284811290291085
Stage2,Scenario24,Pij,56,-2.275083166272746
Stage2,Scenario24,Pij,57,-2.8101055434361686
Stage2,Scenario24,Pij,58,-2.5177689789041158
Stage2,Scenario24,Pij,59,0.24268581263136937
Stage2,Scenario24,Pij,6,0.0
Stage2,Scenario24,Pij,60,-1.5674354814951956
Stage2,Scenario24,Pij,61,-2.527481352232056
Stage2,Scenario24,Pij,62,-1.9532044603993113
Stage2,Scenario24,Pij,63,-1.6973141873686306
Stage2,Scenario24,Pij,64,-2.5091143451143423
Stage2,Scenario24,Pij,65,-1.7314428274428266
Stage2,Scenario24,Pij,66,-1.7314428274428266
Stage2,Scenario24,Pij,67,1.7216532302364587
Stage2,Scenario24,Pij,68,-1.2371143451143451
Stage2,Scenario24,Pij,69,-2.4193141873686277
Stage2,Scenario24,Pij,7,0.10227652173913043
Stage2,Scenario24,Pij,70,0.0
Stage2,Scenario24,Pij,71,-1.2371143451143451
Stage2,Scenario24,Pij,72,0.0
Stage2,Scenario24,Pij,73,0.0
Stage2,Scenario24,Pij,74,-2.114657093684314
Stage2,Scenario24,Pij,75,-2.114657093684314
Stage2,Scenario24,Pij,76,-2.754657093684314
Stage2,Scenario24,Pij,77,-2.754657093684314
Stage2,Scenario24,Pij,78,-1.7628856548856549
Stage2,Scenario24,Pij,79,0.36642256187944816
Stage2,Scenario24,Pij,8,0.0
Stage2,Scenario24,Pij,80,-0.8464225618794539
Stage2,Scenario24,Pij,81,0.0
Stage2,Scenario24,Pij,82,-0.16753012651807098
Stage2,Scenario24,Pij,83,0.1639526883975133
Stage2,Scenario24,Pij,84,0.5719799764470818
Stage2,Scenario24,Pij,85,1.400061412553634
Stage2,Scenario24,Pij,86,-0.907530126518071
Stage2,Scenario24,Pij,87,-0.7099999999999999
Stage2,Scenario24,Pij,88,-1.1960473116024868
Stage2,Scenario24,Pij,89,-0.8100000000000023
Stage2,Scenario24,Pij,9,0.0
Stage2,Scenario24,Pij,90,-1.4847863314855925
Stage2,Scenario24,Pij,91,-1.0352136685144095
Stage2,Scenario24,Pij,92,-1.3615312999874842
Stage2,Scenario24,Pij,93,-0.7258051815691093
Stage2,Scenario24,Pij,94,-2.2516910329012623
Stage2,Scenario24,Pij,95,-1.6065699472156292
Stage2,Scenario24,Pij,96,-5.000000000000001
Stage2,Scenario24,Pij,97,1.3867776671112535
Stage2,Scenario24,Pij,98,0.0
Stage2,Scenario24,Pij,99,-1.3913751287847385
Stage2,Scenario24,bus_gen,0:0,0.2
Stage2,Scenario24,bus_gen,0:1,0.2
Stage2,Scenario24,bus_gen,0:113,0.259
Stage2,Scenario24,bus_gen,0:117,0.267
Stage2,Scenario24,bus_gen,0:118,0.262
Stage2,Scenario24,bus_gen,0:119,0.258
Stage2,Scenario24,bus_gen,0:2,0.76
Stage2,Scenario24,bus_gen,0:3,0.76
Stage2,Scenario24,bus_gen,1:112,0.256
Stage2,Scenario24,bus_gen,1:114,0.253
Stage2,Scenario24,bus_gen,1:4,0.2
Stage2,Scenario24,bus_gen,1:5,0.2
Stage2,Scenario24,bus_gen,1:6,0.76
Stage2,Scenario24,bus_gen,1:7,0.76
Stage2,Scenario24,bus_gen,12:10,0.2199999999999989
Stage2,Scenario24,bus_gen,12:109,0.9359999999999999
Stage2,Scenario24,bus_gen,12:11,0.2199999999999989
Stage2,Scenario24,bus_gen,12:12,0.2199999999999989
Stage2,Scenario24,bus_gen,12:9,0.2199999999999989
Stage2,Scenario24,bus_gen,13:72,0.0
Stage2,Scenario24,bus_gen,14:13,0.049999999999998934
Stage2,Scenario24,bus_gen,14:14,0.049999999999998934
Stage2,Scenario24,bus_gen,14:15,1.2500000000000002
Stage2,Scenario24,bus_gen,15:16,1.5499999999999998
Stage2,Scenario24,bus_gen,17:141,0.09300000000000001
Stage2,Scenario24,bus_gen,17:142,0.097
Stage2,Scenario24,bus_gen,17:143,0.09400000000000004
Stage2,Scenario24,bus_gen,17:144,0.091
Stage2,Scenario24,bus_gen,17:145,0.091
Stage2,Scenario24,bus_gen,17:146,0.097
Stage2,Scenario24,bus_gen,17:148,0.11800000000000001
Stage2,Scenario24,bus_gen,17:149,0.11199999999999999
Stage2,Scenario24,bus_gen,17:150,0.10300000000000004
Stage2,Scenario24,bus_gen,17:151,0.045
Stage2,Scenario24,bus_gen,17:17,2.3890000000000002
Stage2,Scenario24,bus_gen,18:121,0.6659999999999999
Stage2,Scenario24,bus_gen,2:120,0.615
Stage2,Scenario24,bus_gen,20:73,4.0
Stage2,Scenario24,bus_gen,21:156,0.0
Stage2,Scenario24,bus_gen,21:74,0.0
Stage2,Scenario24,bus_gen,21:75,0.0
Stage2,Scenario24,bus_gen,21:76,0.0
Stage2,Scenario24,bus_gen,21:77,0.0
Stage2,Scenario24,bus_gen,21:78,0.0
Stage2,Scenario24,bus_gen,21:79,0.0
Stage2,Scenario24,bus_gen,22:18,0.9199999999999984
Stage2,Scenario24,bus_gen,22:19,1.7999999999999985
Stage2,Scenario24,bus_gen,22:20,0.55
Stage2,Scenario24,bus_gen,22:21,0.55
Stage2,Scenario24,bus_gen,22:22,0.55
Stage2,Scenario24,bus_gen,24:23,0.07999999999999831
Stage2,Scenario24,bus_gen,24:24,0.07999999999999831
Stage2,Scenario24,bus_gen,24:25,0.56
Stage2,Scenario24,bus_gen,24:80,0.0
Stage2,Scenario24,bus_gen,25:26,0.07999999999999831
Stage2,Scenario24,bus_gen,25:27,0.07999999999999831
Stage2,Scenario24,bus_gen,25:28,0.76
Stage2,Scenario24,bus_gen,25:29,0.76
Stage2,Scenario24,bus_gen,3:115,0.268
Stage2,Scenario24,bus_gen,30:30,0.55
Stage2,Scenario24,bus_gen,30:31,0.55
Stage2,Scenario24,bus_gen,35:116,2.0
Stage2,Scenario24,bus_gen,36:152,0.132
Stage2,Scenario24,bus_gen,36:32,3.55
Stage2,Scenario24,bus_gen,36:33,0.55
Stage2,Scenario24,bus_gen,36:34,0.55
Stage2,Scenario24,bus_gen,37:81,0.0
Stage2,Scenario24,bus_gen,38:111,0.0
Stage2,Scenario24,bus_gen,38:35,0.55
Stage2,Scenario24,bus_gen,38:36,0.55
Stage2,Scenario24,bus_gen,38:82,0.0
Stage2,Scenario24,bus_gen,38:83,0.0
Stage2,Scenario24,bus_gen,38:84,0.3420000000000192
Stage2,Scenario24,bus_gen,39:37,1.5499999999999998
Stage2,Scenario24,bus_gen,41:38,3.3300000000000005
Stage2,Scenario24,bus_gen,44:39,1.6999999999999984
Stage2,Scenario24,bus_gen,45:85,0.5
Stage2,Scenario24,bus_gen,45:86,0.5
Stage2,Scenario24,bus_gen,45:87,0.5
Stage2,Scenario24,bus_gen,45:88,0.5
Stage2,Scenario24,bus_gen,45:89,0.5
Stage2,Scenario24,bus_gen,45:90,0.5
Stage2,Scenario24,bus_gen,46:40,0.7699999999999984
Stage2,Scenario24,bus_gen,46:41,0.7699999999999984
Stage2,Scenario24,bus_gen,46:42,1.7999999999999985
Stage2,Scenario24,bus_gen,46:43,0.55
Stage2,Scenario24,bus_gen,46:44,0.55
Stage2,Scenario24,bus_gen,46:45,0.55
Stage2,Scenario24,bus_gen,48:46,0.07999999999999831
Stage2,Scenario24,bus_gen,48:47,0.07999999999999831
Stage2,Scenario24,bus_gen,48:48,0.2199999999999989
Stage2,Scenario24,bus_gen,48:49,0.2199999999999989
Stage2,Scenario24,bus_gen,49:50,0.07999999999999831
Stage2,Scenario24,bus_gen,49:51,0.07999999999999831
Stage2,Scenario24,bus_gen,49:52,0.2199999999999989
Stage2,Scenario24,bus_gen,49:53,0.2199999999999989
Stage2,Scenario24,bus_gen,50:155,4.6184639508801695
Stage2,Scenario24,bus_gen,54:54,0.2199999999999989
Stage2,Scenario24,bus_gen,54:55,0.2199999999999989
Stage2,Scenario24,bus_gen,55:122,0.0
Stage2,Scenario24,bus_gen,56:153,1.483
Stage2,Scenario24,bus_gen,57:103,0.5169999999999999
Stage2,Scenario24,bus_gen,57:106,0.516
Stage2,Scenario24,bus_gen,59:105,0.941
Stage2,Scenario24,bus_gen,6:8,3.136
Stage2,Scenario24,bus_gen,60:102,0.9329999999999999
Stage2,Scenario24,bus_gen,60:123,1.0170000000000001
Stage2,Scenario24,bus_gen,60:124,0.631
Stage2,Scenario24,bus_gen,60:125,0.0
Stage2,Scenario24,bus_gen,60:126,0.67
Stage2,Scenario24,bus_gen,60:127,0.648
Stage2,Scenario24,bus_gen,60:128,0.638
Stage2,Scenario24,bus_gen,60:129,0.6409999999999999
Stage2,Scenario24,bus_gen,60:130,0.6659999999999999
Stage2,Scenario24,bus_gen,60:131,0.6240000000000001
Stage2,Scenario24,bus_gen,60:132,0.0
Stage2,Scenario24,bus_gen,60:133,0.0
Stage2,Scenario24,bus_gen,60:134,0.0
Stage2,Scenario24,bus_gen,60:138,0.0
Stage2,Scenario24,bus_gen,60:157,0.5
Stage2,Scenario24,bus_gen,60:56,1.6999999999999984
Stage2,Scenario24,bus_gen,60:99,0.8215360491198869
Stage2,Scenario24,bus_gen,61:100,0.927
Stage2,Scenario24,bus_gen,61:101,0.516
Stage2,Scenario24,bus_gen,61:91,0.0
Stage2,Scenario24,bus_gen,61:97,0.516
Stage2,Scenario24,bus_gen,61:98,0.516
Stage2,Scenario24,bus_gen,62:57,0.049999999999998934
Stage2,Scenario24,bus_gen,62:58,0.049999999999998934
Stage2,Scenario24,bus_gen,62:59,0.049999999999998934
Stage2,Scenario24,bus_gen,62:60,0.049999999999998934
Stage2,Scenario24,bus_gen,62:61,0.049999999999998934
Stage2,Scenario24,bus_gen,62:62,0.2199999999999989
Stage2,Scenario24,bus_gen,62:63,0.2199999999999989
Stage2,Scenario24,bus_gen,62:64,0.2199999999999989
Stage2,Scenario24,bus_gen,63:65,1.2500000000000002
Stage2,Scenario24,bus_gen,64:154,0.0
Stage2,Scenario24,bus_gen,65:66,2.9160000000000004
Stage2,Scenario24,bus_gen,66:110,0.0
Stage2,Scenario24,bus_gen,67:135,0.0
Stage2,Scenario24,bus_gen,67:136,0.0
Stage2,Scenario24,bus_gen,67:137,0.0
Stage2,Scenario24,bus_gen,67:139,0.0
Stage2,Scenario24,bus_gen,67:140,0.0
Stage2,Scenario24,bus_gen,67:147,0.0
Stage2,Scenario24,bus_gen,67:96,0.0
Stage2,Scenario24,bus_gen,68:67,1.6999999999999984
Stage2,Scenario24,bus_gen,69:68,0.2199999999999989
Stage2,Scenario24,bus_gen,69:69,0.2199999999999989
Stage2,Scenario24,bus_gen,69:92,0.0
Stage2,Scenario24,bus_gen,69:93,0.0
Stage2,Scenario24,bus_gen,69:94,0.0
Stage2,Scenario24,bus_gen,69:95,0.0
Stage2,Scenario24,bus_gen,70:70,1.9069999999999985
Stage2,Scenario24,bus_gen,70:71,1.9069999999999985
Stage2,Scenario24,bus_gen,71:104,0.0
Stage2,Scenario24,bus_gen,71:107,0.0
Stage2,Scenario24,bus_gen,71:108,0.0
Stage2,Scenario24,cvar,None,27.4536842105263
Stage2,Scenario24,gen_curtailment,0:0,0.0
Stage2,Scenario24,gen_curtailment,0:1,0.0
Stage2,Scenario24,gen_curtailment,0:113,0.0
Stage2,Scenario24,gen_curtailment,0:117,0.0
Stage2,Scenario24,gen_curtailment,0:118,0.0
Stage2,Scenario24,gen_curtailment,0:119,0.0
Stage2,Scenario24,gen_curtailment,0:2,0.0
Stage2,Scenario24,gen_curtailment,0:3,0.0
Stage2,Scenario24,gen_curtailment,1:112,0.0
Stage2,Scenario24,gen_curtailment,1:114,0.0
Stage2,Scenario24,gen_curtailment,1:4,0.0
Stage2,Scenario24,gen_curtailment,1:5,0.0
Stage2,Scenario24,gen_curtailment,1:6,0.0
Stage2,Scenario24,gen_curtailment,1:7,0.0
Stage2,Scenario24,gen_curtailment,12:10,0.0
Stage2,Scenario24,gen_curtailment,12:109,0.0
Stage2,Scenario24,gen_curtailment,12:11,0.0
Stage2,Scenario24,gen_curtailment,12:12,0.0
Stage2,Scenario24,gen_curtailment,12:9,0.0
Stage2,Scenario24,gen_curtailment,13:72,0.0
Stage2,Scenario24,gen_curtailment,14:13,0.0
Stage2,Scenario24,gen_curtailment,14:14,0.0
Stage2,Scenario24,gen_curtailment,14:15,0.0
Stage2,Scenario24,gen_curtailment,15:16,0.0
Stage2,Scenario24,gen_curtailment,17:141,0.0
Stage2,Scenario24,gen_curtailment,17:142,0.0
Stage2,Scenario24,gen_curtailment,17:143,0.0
Stage2,Scenario24,gen_curtailment,17:144,0.0
Stage2,Scenario24,gen_curtailment,17:145,0.0
Stage2,Scenario24,gen_curtailment,17:146,0.0
Stage2,Scenario24,gen_curtailment,17:148,0.0
Stage2,Scenario24,gen_curtailment,17:149,0.0
Stage2,Scenario24,gen_curtailment,17:150,0.0
Stage2,Scenario24,gen_curtailment,17:151,0.0
Stage2,Scenario24,gen_curtailment,17:17,0.0
Stage2,Scenario24,gen_curtailment,18:121,0.0
Stage2,Scenario24,gen_curtailment,2:120,0.0
Stage2,Scenario24,gen_curtailment,20:73,0.0
Stage2,Scenario24,gen_curtailment,21:156,0.0
Stage2,Scenario24,gen_curtailment,21:74,0.0
Stage2,Scenario24,gen_curtailment,21:75,0.0
Stage2,Scenario24,gen_curtailment,21:76,0.0
Stage2,Scenario24,gen_curtailment,21:77,0.0
Stage2,Scenario24,gen_curtailment,21:78,0.0
Stage2,Scenario24,gen_curtailment,21:79,0.0
Stage2,Scenario24,gen_curtailment,22:18,0.0
Stage2,Scenario24,gen_curtailment,22:19,0.0
Stage2,Scenario24,gen_curtailment,22:20,0.0
Stage2,Scenario24,gen_curtailment,22:21,0.0
Stage2,Scenario24,gen_curtailment,22:22,0.0
Stage2,Scenario24,gen_curtailment,24:23,0.0
Stage2,Scenario24,gen_curtailment,24:24,0.0
Stage2,Scenario24,gen_curtailment,24:25,0.0
Stage2,Scenario24,gen_curtailment,24:80,0.0
Stage2,Scenario24,gen_curtailment,25:26,0.0
Stage2,Scenario24,gen_curtailment,25:27,0.0
Stage2,Scenario24,gen_curtailment,25:28,0.0
Stage2,Scenario24,gen_curtailment,25:29,0.0
Stage2,Scenario24,gen_curtailment,3:115,0.0
Stage2,Scenario24,gen_curtailment,30:30,0.0
Stage2,Scenario24,gen_curtailment,30:31,0.0
Stage2,Scenario24,gen_curtailment,35:116,0.0
Stage2,Scenario24,gen_curtailment,36:152,0.0
Stage2,Scenario24,gen_curtailment,36:32,0.0
Stage2,Scenario24,gen_curtailment,36:33,0.0
Stage2,Scenario24,gen_curtailment,36:34,0.0
Stage2,Scenario24,gen_curtailment,37:81,0.0
Stage2,Scenario24,gen_curtailment,38:111,0.0
Stage2,Scenario24,gen_curtailment,38:35,0.0
Stage2,Scenario24,gen_curtailment,38:36,0.0
Stage2,Scenario24,gen_curtailment,38:82,0.0
Stage2,Scenario24,gen_curtailment,38:83,0.0
Stage2,Scenario24,gen_curtailment,38:84,0.0
Stage2,Scenario24,gen_curtailment,39:37,0.0
Stage2,Scenario24,gen_curtailment,41:38,0.0
Stage2,Scenario24,gen_curtailment,44:39,0.0
Stage2,Scenario24,gen_curtailment,45:85,0.0
Stage2,Scenario24,gen_curtailment,45:86,0.0
Stage2,Scenario24,gen_curtailment,45:87,0.0
Stage2,Scenario24,gen_curtailment,45:88,0.0
Stage2,Scenario24,gen_curtailment,45:89,0.0
Stage2,Scenario24,gen_curtailment,45:90,0.0
Stage2,Scenario24,gen_curtailment,46:40,0.0
Stage2,Scenario24,gen_curtailment,46:41,0.0
Stage2,Scenario24,gen_curtailment,46:42,0.0
Stage2,Scenario24,gen_curtailment,46:43,0.0
Stage2,Scenario24,gen_curtailment,46:44,0.0
Stage2,Scenario24,gen_curtailment,46:45,0.0
Stage2,Scenario24,gen_curtailment,48:46,0.0
Stage2,Scenario24,gen_curtailment,48:47,0.0
Stage2,Scenario24,gen_curtailment,48:48,0.0
Stage2,Scenario24,gen_curtailment,48:49,0.0
Stage2,Scenario24,gen_curtailment,49:50,0.0
Stage2,Scenario24,gen_curtailment,49:51,0.0
Stage2,Scenario24,gen_curtailment,49:52,0.0
Stage2,Scenario24,gen_curtailment,49:53,0.0
Stage2,Scenario24,gen_curtailment,50:155,0.0
Stage2,Scenario24,gen_curtailment,54:54,0.0
Stage2,Scenario24,gen_curtailment,54:55,0.0
Stage2,Scenario24,gen_curtailment,55:122,0.0
Stage2,Scenario24,gen_curtailment,56:153,0.0
Stage2,Scenario24,gen_curtailment,57:103,0.0
Stage2,Scenario24,gen_curtailment,57:106,0.0
Stage2,Scenario24,gen_curtailment,59:105,0.0
Stage2,Scenario24,gen_curtailment,6:8,0.0
Stage2,Scenario24,gen_curtailment,60:102,0.0
Stage2,Scenario24,gen_curtailment,60:123,0.0
Stage2,Scenario24,gen_curtailment,60:124,0.0
Stage2,Scenario24,gen_curtailment,60:125,0.0
Stage2,Scenario24,gen_curtailment,60:126,0.0
Stage2,Scenario24,gen_curtailment,60:127,0.0
Stage2,Scenario24,gen_curtailment,60:128,0.0
Stage2,Scenario24,gen_curtailment,60:129,0.0
Stage2,Scenario24,gen_curtailment,60:130,0.0
Stage2,Scenario24,gen_curtailment,60:131,0.0
Stage2,Scenario24,gen_curtailment,60:132,0.0
Stage2,Scenario24,gen_curtailment,60:133,0.0
Stage2,Scenario24,gen_curtailment,60:134,0.0
Stage2,Scenario24,gen_curtailment,60:138,0.0
Stage2,Scenario24,gen_curtailment,60:157,0.0
Stage2,Scenario24,gen_curtailment,60:56,0.0
Stage2,Scenario24,gen_curtailment,60:99,0.0
Stage2,Scenario24,gen_curtailment,61:100,0.0
Stage2,Scenario24,gen_curtailment,61:101,0.0
Stage2,Scenario24,gen_curtailment,61:91,0.0
Stage2,Scenario24,gen_curtailment,61:97,0.0
Stage2,Scenario24,gen_curtailment,61:98,0.0
Stage2,Scenario24,gen_curtailment,62:57,0.0
Stage2,Scenario24,gen_curtailment,62:58,0.0
Stage2,Scenario24,gen_curtailment,62:59,0.0
Stage2,Scenario24,gen_curtailment,62:60,0.0
Stage2,Scenario24,gen_curtailment,62:61,0.0
Stage2,Scenario24,gen_curtailment,62:62,0.0
Stage2,Scenario24,gen_curtailment,62:63,0.0
Stage2,Scenario24,gen_curtailment,62:64,0.0
Stage2,Scenario24,gen_curtailment,63:65,0.0
Stage2,Scenario24,gen_curtailment,64:154,0.0
Stage2,Scenario24,gen_curtailment,65:66,0.0
Stage2,Scenario24,gen_curtailment,66:110,0.0
Stage2,Scenario24,gen_curtailment,67:135,0.0
Stage2,Scenario24,gen_curtailment,67:136,0.0
Stage2,Scenario24,gen_curtailment,67:137,0.0
Stage2,Scenario24,gen_curtailment,67:139,0.0
Stage2,Scenario24,gen_curtailment,67:140,0.0
Stage2,Scenario24,gen_curtailment,67:147,0.0
Stage2,Scenario24,gen_curtailment,67:96,0.0
Stage2,Scenario24,gen_curtailment,68:67,0.0
Stage2,Scenario24,gen_curtailment,69:68,0.0
Stage2,Scenario24,gen_curtailment,69:69,0.0
Stage2,Scenario24,gen_curtailment,69:92,0.0
Stage2,Scenario24,gen_curtailment,69:93,0.0
Stage2,Scenario24,gen_curtailment,69:94,0.0
Stage2,Scenario24,gen_curtailment,69:95,0.0
Stage2,Scenario24,gen_curtailment,70:70,0.0
Stage2,Scenario24,gen_curtailment,70:71,0.0
Stage2,Scenario24,gen_curtailment,71:104,0.0
Stage2,Scenario24,gen_curtailment,71:107,0.0
Stage2,Scenario24,gen_curtailment,71:108,0.0
Stage2,Scenario24,load_shed,0,0.0
Stage2,Scenario24,load_shed,1,0.0
Stage2,Scenario24,load_shed,10,0.0
Stage2,Scenario24,load_shed,11,0.0
Stage2,Scenario24,load_shed,12,0.0
Stage2,Scenario24,load_shed,13,0.0
Stage2,Scenario24,load_shed,14,0.0
Stage2,Scenario24,load_shed,15,0.0
Stage2,Scenario24,load_shed,16,0.0
Stage2,Scenario24,load_shed,17,0.0
Stage2,Scenario24,load_shed,18,0.0
Stage2,Scenario24,load_shed,19,0.0
Stage2,Scenario24,load_shed,2,0.0
Stage2,Scenario24,load_shed,20,0.0
Stage2,Scenario24,load_shed,21,0.0
Stage2,Scenario24,load_shed,22,0.0
Stage2,Scenario24,load_shed,23,0.0
Stage2,Scenario24,load_shed,24,0.0
Stage2,Scenario24,load_shed,25,0.0
Stage2,Scenario24,load_shed,26,0.0
Stage2,Scenario24,load_shed,27,0.0
Stage2,Scenario24,load_shed,28,0.0
Stage2,Scenario24,load_shed,29,0.0
Stage2,Scenario24,load_shed,3,0.0
Stage2,Scenario24,load_shed,30,0.0
Stage2,Scenario24,load_shed,31,0.0
Stage2,Scenario24,load_shed,32,0.0
Stage2,Scenario24,load_shed,33,0.0
Stage2,Scenario24,load_shed,34,0.0
Stage2,Scenario24,load_shed,35,0.0
Stage2,Scenario24,load_shed,36,0.0
Stage2,Scenario24,load_shed,37,0.0
Stage2,Scenario24,load_shed,38,0.0
Stage2,Scenario24,load_shed,39,0.0
Stage2,Scenario24,load_shed,4,0.0
Stage2,Scenario24,load_shed,40,0.0
Stage2,Scenario24,load_shed,41,0.0
Stage2,Scenario24,load_shed,42,0.0
Stage2,Scenario24,load_shed,43,0.0
Stage2,Scenario24,load_shed,44,0.0
Stage2,Scenario24,load_shed,45,0.0
Stage2,Scenario24,load_shed,46,0.0
Stage2,Scenario24,load_shed,47,0.0
Stage2,Scenario24,load_shed,48,0.0
Stage2,Scenario24,load_shed,49,0.0
Stage2,Scenario24,load_shed,5,0.0
Stage2,Scenario24,load_shed,50,0.0
Stage2,Scenario24,load_shed,51,0.0
Stage2,Scenario24,load_shed,52,0.0
Stage2,Scenario24,load_shed,53,0.0
Stage2,Scenario24,load_shed,54,0.0
Stage2,Scenario24,load_shed,55,0.0
Stage2,Scenario24,load_shed,56,0.0
Stage2,Scenario24,load_shed,57,0.0
Stage2,Scenario24,load_shed,58,0.0
Stage2,Scenario24,load_shed,59,0.0
Stage2,Scenario24,load_shed,6,0.0
Stage2,Scenario24,load_shed,60,0.0
Stage2,Scenario24,load_shed,61,0.0
Stage2,Scenario24,load_shed,62,0.0
Stage2,Scenario24,load_shed,63,0.0
Stage2,Scenario24,load_shed,64,0.0
Stage2,Scenario24,load_shed,65,0.0
Stage2,Scenario24,load_shed,66,0.0
Stage2,Scenario24,load_shed,67,0.0
Stage2,Scenario24,load_shed,68,0.0
Stage2,Scenario24,load_shed,69,0.0
Stage2,Scenario24,load_shed,7,0.0
Stage2,Scenario24,load_shed,70,0.0
Stage2,Scenario24,load_shed,71,0.0
Stage2,Scenario24,load_shed,72,0.0
Stage2,Scenario24,load_shed,8,0.0
Stage2,Scenario24,load_shed,9,0.0
Stage2,Scenario24,load_shed_value,None,0.0
Stage2,Scenario24,nu,None,0.0
Stage2,Scenario24,theta,0,-0.1727538826067386
Stage2,Scenario24,theta,1,-0.17940775391108643
Stage2,Scenario24,theta,10,-0.2593964466762376
Stage2,Scenario24,theta,11,-0.10332782185582619
Stage2,Scenario24,theta,12,0.0
Stage2,Scenario24,theta,13,1.315015781808501
Stage2,Scenario24,theta,14,1.4585557818085026
Stage2,Scenario24,theta,15,1.429475781808502
Stage2,Scenario24,theta,16,1.4656157818085025
Stage2,Scenario24,theta,17,1.4850757818085025
Stage2,Scenario24,theta,18,-0.03581249185574404
Stage2,Scenario24,theta,19,-0.012932491855744035
Stage2,Scenario24,theta,2,-0.3206065365197821
Stage2,Scenario24,theta,20,1.5031457818085028
Stage2,Scenario24,theta,21,1.5031457818085028
Stage2,Scenario24,theta,22,0.04039550814425598
Stage2,Scenario24,theta,23,-0.3206065365197821
Stage2,Scenario24,theta,24,0.026711885350008957
Stage2,Scenario24,theta,25,0.036651885350008906
Stage2,Scenario24,theta,26,-0.0471381146499896
Stage2,Scenario24,theta,27,-0.17366364628537764
Stage2,Scenario24,theta,28,-0.11457137208143554
Stage2,Scenario24,theta,29,-0.13505137208143558
Stage2,Scenario24,theta,3,-0.252340872171956
Stage2,Scenario24,theta,30,-0.2369975091834066
Stage2,Scenario24,theta,31,-0.2278475091834066
Stage2,Scenario24,theta,32,-0.09670364628537767
Stage2,Scenario24,theta,33,-0.05209137208143555
Stage2,Scenario24,theta,34,0.14188221867497885
Stage2,Scenario24,theta,35,0.18749822655060702
Stage2,Scenario24,theta,36,0.26273512966237644
Stage2,Scenario24,theta,37,0.13168941454446134
Stage2,Scenario24,theta,38,0.1891760077322667
Stage2,Scenario24,theta,39,0.2318309515992105
Stage2,Scenario24,theta,4,-0.23310388260673862
Stage2,Scenario24,theta,40,0.26399592457218346
Stage2,Scenario24,theta,41,0.26399592457218346
Stage2,Scenario24,theta,42,0.28747517790868893
Stage2,Scenario24,theta,43,0.3720614616560616
Stage2,Scenario24,theta,44,0.2740167062769652
Stage2,Scenario24,theta,45,0.3938929308091897
Stage2,Scenario24,theta,46,0.4326639177171165
Stage2,Scenario24,theta,47,0.09965003975997086
Stage2,Scenario24,theta,48,1.1111161866476635
Stage2,Scenario24,theta,49,1.1059862707813513
Stage2,Scenario24,theta,5,-0.44052775391108645
Stage2,Scenario24,theta,50,1.2897113472042283
Stage2,Scenario24,theta,51,1.1272625968491463
Stage2,Scenario24,theta,52,1.0849862406167803
Stage2,Scenario24,theta,53,1.0745073546090287
Stage2,Scenario24,theta,54,0.9272459853119025
Stage2,Scenario24,theta,55,0.9766559853119028
Stage2,Scenario24,theta,56,1.2216457300070254
Stage2,Scenario24,theta,57,1.1474662406167804
Stage2,Scenario24,theta,58,1.339445418081942
Stage2,Scenario24,theta,59,1.284442394316385
Stage2,Scenario24,theta,6,-0.09087428471805867
Stage2,Scenario24,theta,60,1.579445418081942
Stage2,Scenario24,theta,61,1.2812007560632692
Stage2,Scenario24,theta,62,1.0975389177171169
Stage2,Scenario24,theta,63,1.1678158737037052
Stage2,Scenario24,theta,64,0.9588239177171166
Stage2,Scenario24,theta,65,0.9526639177171167
Stage2,Scenario24,theta,66,1.212945574871413
Stage2,Scenario24,theta,67,1.363832011684818
Stage2,Scenario24,theta,68,1.0173259177171166
Stage2,Scenario24,theta,69,1.0050239177171163
Stage2,Scenario24,theta,7,-0.22249113176248225
Stage2,Scenario24,theta,70,1.4194057818085046
Stage2,Scenario24,theta,71,1.1703421111699055
Stage2,Scenario24,theta,72,1.4265157818085046
Stage2,Scenario24,theta,8,-0.26297763043282557
Stage2,Scenario24,theta,9,-0.25586741608115343
Stage2,Scenario24,xij,0,1.0
Stage2,Scenario24,xij,1,1.0
Stage2,Scenario24,xij,10,1.0
Stage2,Scenario24,xij,100,1.0
Stage2,Scenario24,xij,101,1.0
Stage2,Scenario24,xij,102,1.0
Stage2,Scenario24,xij,103,1.0
Stage2,Scenario24,xij,104,1.0
Stage2,Scenario24,xij,105,1.0
Stage2,Scenario24,xij,106,0.0
Stage2,Scenario24,xij,107,1.0
Stage2,Scenario24,xij,108,1.0
Stage2,Scenario24,xij,109,1.0
Stage2,Scenario24,xij,11,1.0
Stage2,Scenario24,xij,110,1.0
Stage2,Scenario24,xij,111,1.0
Stage2,Scenario24,xij,112,0.0
Stage2,Scenario24,xij,113,1.0
Stage2,Scenario24,xij,114,1.0
Stage2,Scenario24,xij,115,1.0
Stage2,Scenario24,xij,116,0.0
Stage2,Scenario24,xij,117,1.0
Stage2,Scenario24,xij,118,1.0
Stage2,Scenario24,xij,119,1.0
Stage2,Scenario24,xij,12,1.0
Stage2,Scenario24,xij,13,1.0
Stage2,Scenario24,xij,14,1.0
Stage2,Scenario24,xij,15,1.0
Stage2,Scenario24,xij,16,1.0
Stage2,Scenario24,xij,17,1.0
Stage2,Scenario24,xij,18,0.0
Stage2,Scenario24,xij,19,0.0
Stage2,Scenario24,xij,2,1.0
Stage2,Scenario24,xij,20,1.0
Stage2,Scenario24,xij,21,1.0
Stage2,Scenario24,xij,22,1.0
Stage2,Scenario24,xij,23,1.0
Stage2,Scenario24,xij,24,1.0
Stage2,Scenario24,xij,25,0.0
Stage2,Scenario24,xij,26,1.0
Stage2,Scenario24,xij,27,1.0
Stage2,Scenario24,xij,28,0.0
Stage2,Scenario24,xij,29,1.0
Stage2,Scenario24,xij,3,1.0
Stage2,Scenario24,xij,30,0.0
Stage2,Scenario24,xij,31,1.0
Stage2,Scenario24,xij,32,0.0
Stage2,Scenario24,xij,33,1.0
Stage2,Scenario24,xij,34,1.0
Stage2,Scenario24,xij,35,1.0
Stage2,Scenario24,xij,36,1.0
Stage2,Scenario24,xij,37,0.0
Stage2,Scenario24,xij,38,1.0
Stage2,Scenario24,xij,39,1.0
Stage2,Scenario24,xij,4,1.0
Stage2,Scenario24,xij,40,0.0
Stage2,Scenario24,xij,41,1.0
Stage2,Scenario24,xij,42,1.0
Stage2,Scenario24,xij,43,0.0
Stage2,Scenario24,xij,44,0.0
Stage2,Scenario24,xij,45,0.0
Stage2,Scenario24,xij,46,0.0
Stage2,Scenario24,xij,47,1.0
Stage2,Scenario24,xij,48,1.0
Stage2,Scenario24,xij,49,1.0
Stage2,Scenario24,xij,5,1.0
Stage2,Scenario24,xij,50,1.0
Stage2,Scenario24,xij,51,1.0
Stage2,Scenario24,xij,52,1.0
Stage2,Scenario24,xij,53,1.0
Stage2,Scenario24,xij,54,0.0
Stage2,Scenario24,xij,55,1.0
Stage2,Scenario24,xij,56,1.0
Stage2,Scenario24,xij,57,1.0
Stage2,Scenario24,xij,58,1.0
Stage2,Scenario24,xij,59,1.0
Stage2,Scenario24,xij,6,1.0
Stage2,Scenario24,xij,60,1.0
Stage2,Scenario24,xij,61,1.0
Stage2,Scenario24,xij,62,1.0
Stage2,Scenario24,xij,63,1.0
Stage2,Scenario24,xij,64,1.0
Stage2,Scenario24,xij,65,1.0
Stage2,Scenario24,xij,66,1.0
Stage2,Scenario24,xij,67,1.0
Stage2,Scenario24,xij,68,1.0
Stage2,Scenario24,xij,69,1.0
Stage2,Scenario24,xij,7,1.0
Stage2,Scenario24,xij,70,1.0
Stage2,Scenario24,xij,71,1.0
Stage2,Scenario24,xij,72,0.0
Stage2,Scenario24,xij,73,0.0
Stage2,Scenario24,xij,74,1.0
Stage2,Scenario24,xij,75,1.0
Stage2,Scenario24,xij,76,1.0
Stage2,Scenario24,xij,77,1.0
Stage2,Scenario24,xij,78,1.0
Stage2,Scenario24,xij,79,1.0
Stage2,Scenario24,xij,8,0.0
Stage2,Scenario24,xij,80,1.0
Stage2,Scenario24,xij,81,0.0
Stage2,Scenario24,xij,82,1.0
Stage2,Scenario24,xij,83,1.0
Stage2,Scenario24,xij,84,1.0
Stage2,Scenario24,xij,85,1.0
Stage2,Scenario24,xij,86,1.0
Stage2,Scenario24,xij,87,1.0
Stage2,Scenario24,xij,88,1.0
Stage2,Scenario24,xij,89,1.0
Stage2,Scenario24,xij,9,0.0
Stage2,Scenario24,xij,90,1.0
Stage2,Scenario24,xij,91,1.0
Stage2,Scenario24,xij,92,1.0
Stage2,Scenario24,xij,93,1.0
Stage2,Scenario24,xij,94,1.0
Stage2,Scenario24,xij,95,1.0
Stage2,Scenario24,xij,96,1.0
Stage2,Scenario24,xij,97,1.0
Stage2,Scenario24,xij,98,0.0
Stage2,Scenario24,xij,99,1.0
Stage2,Scenario25,Pij,0,0.0
Stage2,Scenario25,Pij,1,-0.2520232036104608
Stage2,Scenario25,Pij,10,1.6375072837825049
Stage2,Scenario25,Pij,100,0.0
Stage2,Scenario25,Pij,101,-3.5497401525475727
Stage2,Scenario25,Pij,102,1.7050011036869535
Stage2,Scenario25,Pij,103,-1.45200110368695
Stage2,Scenario25,Pij,104,0.0
Stage2,Scenario25,Pij,105,-1.5230000000000086
Stage2,Scenario25,Pij,106,-1.760345914574758
Stage2,Scenario25,Pij,107,0.16560686571413896
Stage2,Scenario25,Pij,108,-0.4870275384799893
Stage2,Scenario25,Pij,109,-1.2733183760947686
Stage2,Scenario25,Pij,11,0.2484927162174951
Stage2,Scenario25,Pij,110,-1.8286805202182779
Stage2,Scenario25,Pij,111,0.0
Stage2,Scenario25,Pij,112,0.0
Stage2,Scenario25,Pij,113,0.23760686571413883
Stage2,Scenario25,Pij,114,0.4728034328570695
Stage2,Scenario25,Pij,115,0.4728034328570695
Stage2,Scenario25,Pij,116,-1.1666816239052291
Stage2,Scenario25,Pij,117,0.0
Stage2,Scenario25,Pij,118,1.3416529817382885
Stage2,Scenario25,Pij,119,0.0
Stage2,Scenario25,Pij,12,-0.07249271621749495
Stage2,Scenario25,Pij,13,0.0
Stage2,Scenario25,Pij,14,-1.324616350301019
Stage2,Scenario25,Pij,15,0.0
Stage2,Scenario25,Pij,16,-0.773671885229621
Stage2,Scenario25,Pij,17,-2.734454790691674
Stage2,Scenario25,Pij,18,0.0
Stage2,Scenario25,Pij,19,-2.09828823553064
Stage2,Scenario25,Pij,2,0.45202320361045745
Stage2,Scenario25,Pij,20,-2.734454790691674
Stage2,Scenario25,Pij,21,0.0
Stage2,Scenario25,Pij,22,-1.273795865615415
Stage2,Scenario25,Pij,23,-0.9746589250762586
Stage2,Scenario25,Pij,24,-4.03828823553064
Stage2,Scenario25,Pij,25,0.5510397595226285
Stage2,Scenario25,Pij,26,-4.795789449517825
Stage2,Scenario25,Pij,27,0.0
Stage2,Scenario25,Pij,28,2.4247496899951946
Stage2,Scenario25,Pij,29,-3.0025575687439154
Stage2,Scenario25,Pij,3,0.25014987953174805
Stage2,Scenario25,Pij,30,-0.23469090726409592
Stage2,Scenario25,Pij,31,0.0
Stage2,Scenario25,Pij,32,-3.0025575687439154
Stage2,Scenario25,Pij,33,-0.6774999999999999
Stage2,Scenario25,Pij,34,-0.6774999999999999
Stage2,Scenario25,Pij,35,-1.022345453632048
Stage2,Scenario25,Pij,36,-1.022345453632048
Stage2,Scenario25,Pij,37,-1.6623454536584106
Stage2,Scenario25,Pij,38,-1.6623454536056852
Stage2,Scenario25,Pij,39,-2.1907894495178244
Stage2,Scenario25,Pij,4,0.059850120468248676
Stage2,Scenario25,Pij,40,-0.2284867728795127
Stage2,Scenario25,Pij,41,0.0
Stage2,Scenario25,Pij,42,-0.6471924832946286
Stage2,Scenario25,Pij,43,0.2871924832946252
Stage2,Scenario25,Pij,44,0.0
Stage2,Scenario25,Pij,45,0.3099999999999967
Stage2,Scenario25,Pij,46,0.9938988607665877
Stage2,Scenario25,Pij,47,-3.1925986278437213
Stage2,Scenario25,Pij,48,-0.74
Stage2,Scenario25,Pij,49,-0.4228075167053747
Stage2,Scenario25,Pij,5,0.9877264863847338
Stage2,Scenario25,Pij,50,-1.0500000000000034
Stage2,Scenario25,Pij,51,-0.040000000000000036
Stage2,Scenario25,Pij,52,-1.7500000000000002
Stage2,Scenario25,Pij,53,0.0
Stage2,Scenario25,Pij,54,-1.7476037951020544
Stage2,Scenario25,Pij,55,-1.4984973441313583
Stage2,Scenario25,Pij,56,-1.8377976718993965
Stage2,Scenario25,Pij,57,-1.5850098448059822
Stage2,Scenario25,Pij,58,-0.63449281106266
Stage2,Scenario25,Pij,59,-2.9509086559387905
Stage2,Scenario25,Pij,6,-2.4247496899951946
Stage2,Scenario25,Pij,60,-1.0835071889373404
Stage2,Scenario25,Pij,61,0.0
Stage2,Scenario25,Pij,62,0.0
Stage2,Scenario25,Pij,63,-4.890908655938791
Stage2,Scenario25,Pij,64,-0.4243766184114522
Stage2,Scenario25,Pij,65,-1.530940467254264
Stage2,Scenario25,Pij,66,-1.530940467254264
Stage2,Scenario25,Pij,67,3.1925986278437213
Stage2,Scenario25,Pij,68,-1.8236322926119586
Stage2,Scenario25,Pij,69,-2.941652981738284
Stage2,Scenario25,Pij,7,-0.48985012046825194
Stage2,Scenario25,Pij,70,-0.7550829916501223
Stage2,Scenario25,Pij,71,-1.297036073841349
Stage2,Scenario25,Pij,72,-0.37754149582506114
Stage2,Scenario25,Pij,73,-0.37754149582506114
Stage2,Scenario25,Pij,74,0.0
Stage2,Scenario25,Pij,75,-4.751652981738284
Stage2,Scenario25,Pij,76,-3.0158264908691423
Stage2,Scenario25,Pij,77,-3.0158264908691423
Stage2,Scenario25,Pij,78,-1.702963926158651
Stage2,Scenario25,Pij,79,-0.4465950169256462
Stage2,Scenario25,Pij,8,-0.2579767963895425
Stage2,Scenario25,Pij,80,-0.03865298173831211
Stage2,Scenario25,Pij,81,0.0052479986639525356
Stage2,Scenario25,Pij,82,-0.5765950169256484
Stage2,Scenario25,Pij,83,0.0
Stage2,Scenario25,Pij,84,-1.7500000000000002
Stage2,Scenario25,Pij,85,0.0
Stage2,Scenario25,Pij,86,-1.3165950169256484
Stage2,Scenario25,Pij,87,-0.7047520013360473
Stage2,Scenario25,Pij,88,-1.360000000000006
Stage2,Scenario25,Pij,89,-0.8100000000000024
Stage2,Scenario25,Pij,9,-1.3001498795317514
Stage2,Scenario25,Pij,90,-1.729192978532267
Stage2,Scenario25,Pij,91,-0.7908070214677351
Stage2,Scenario25,Pij,92,-3.1347401525475718
Stage2,Scenario25,Pij,93,-1.9280478429103471
Stage2,Scenario25,Pij,94,0.0
Stage2,Scenario25,Pij,95,-3.7725590228037884
Stage2,Scenario25,Pij,96,0.9500000000000015
Stage2,Scenario25,Pij,97,-4.084740152547573
Stage2,Scenario25,Pij,98,0.0
Stage2,Scenario25,Pij,99,-4.759606865714136
Stage2,Scenario25,bus_gen,0:0,0.0799999999999983
Stage2,Scenario25,bus_gen,0:1,0.0799999999999983
Stage2,Scenario25,bus_gen,0:113,0.0
Stage2,Scenario25,bus_gen,0:117,0.0
Stage2,Scenario25,bus_gen,0:118,0.0
Stage2,Scenario25,bus_gen,0:119,0.0
Stage2,Scenario25,bus_gen,0:2,0.56
Stage2,Scenario25,bus_gen,0:3,0.56
Stage2,Scenario25,bus_gen,1:112,0.0
Stage2,Scenario25,bus_gen,1:114,0.0
Stage2,Scenario25,bus_gen,1:4,0.0799999999999983
Stage2,Scenario25,bus_gen,1:5,0.0799999999999983
Stage2,Scenario25,bus_gen,1:6,0.56
Stage2,Scenario25,bus_gen,1:7,0.56
Stage2,Scenario25,bus_gen,12:10,0.55
Stage2,Scenario25,bus_gen,12:109,0.936
Stage2,Scenario25,bus_gen,12:11,0.55
Stage2,Scenario25,bus_gen,12:12,0.55
Stage2,Scenario25,bus_gen,12:9,0.55
Stage2,Scenario25,bus_gen,13:72,0.0
Stage2,Scenario25,bus_gen,14:13,0.049999999999998934
Stage2,Scenario25,bus_gen,14:14,0.049999999999998934
Stage2,Scenario25,bus_gen,14:15,1.2500000000000002
Stage2,Scenario25,bus_gen,15:16,1.2500000000000002
Stage2,Scenario25,bus_gen,17:141,0.0
Stage2,Scenario25,bus_gen,17:142,0.0
Stage2,Scenario25,bus_gen,17:143,0.0
Stage2,Scenario25,bus_gen,17:144,0.0
Stage2,Scenario25,bus_gen,17:145,0.0
Stage2,Scenario25,bus_gen,17:146,0.0
Stage2,Scenario25,bus_gen,17:148,0.0
Stage2,Scenario25,bus_gen,17:149,0.0
Stage2,Scenario25,bus_gen,17:150,0.0
Stage2,Scenario25,bus_gen,17:151,0.0
Stage2,Scenario25,bus_gen,17:17,1.9750000000000003
Stage2,Scenario25,bus_gen,18:121,0.0
Stage2,Scenario25,bus_gen,2:120,0.615
Stage2,Scenario25,bus_gen,20:73,3.96
Stage2,Scenario25,bus_gen,21:156,5.19334701826174
Stage2,Scenario25,bus_gen,21:74,0.0
Stage2,Scenario25,bus_gen,21:75,0.0
Stage2,Scenario25,bus_gen,21:76,0.0
Stage2,Scenario25,bus_gen,21:77,0.0
Stage2,Scenario25,bus_gen,21:78,0.0
Stage2,Scenario25,bus_gen,21:79,0.0
Stage2,Scenario25,bus_gen,22:18,0.9199999999999984
Stage2,Scenario25,bus_gen,22:19,1.7999999999999987
Stage2,Scenario25,bus_gen,22:20,0.55
Stage2,Scenario25,bus_gen,22:21,0.55
Stage2,Scenario25,bus_gen,22:22,0.55
Stage2,Scenario25,bus_gen,24:23,0.0799999999999983
Stage2,Scenario25,bus_gen,24:24,0.0799999999999983
Stage2,Scenario25,bus_gen,24:25,0.56
Stage2,Scenario25,bus_gen,24:80,0.0
Stage2,Scenario25,bus_gen,25:26,0.0799999999999983
Stage2,Scenario25,bus_gen,25:27,0.0799999999999983
Stage2,Scenario25,bus_gen,25:28,0.56
Stage2,Scenario25,bus_gen,25:29,0.56
Stage2,Scenario25,bus_gen,3:115,0.0
Stage2,Scenario25,bus_gen,30:30,0.55
Stage2,Scenario25,bus_gen,30:31,0.55
Stage2,Scenario25,bus_gen,35:116,2.0
Stage2,Scenario25,bus_gen,36:152,0.132
Stage2,Scenario25,bus_gen,36:32,3.136
Stage2,Scenario25,bus_gen,36:33,0.55
Stage2,Scenario25,bus_gen,36:34,0.55
Stage2,Scenario25,bus_gen,37:81,0.0
Stage2,Scenario25,bus_gen,38:111,1.251
Stage2,Scenario25,bus_gen,38:35,0.55
Stage2,Scenario25,bus_gen,38:36,0.55
Stage2,Scenario25,bus_gen,38:82,0.5
Stage2,Scenario25,bus_gen,38:83,0.5
Stage2,Scenario25,bus_gen,38:84,0.5
Stage2,Scenario25,bus_gen,39:37,1.55
Stage2,Scenario25,bus_gen,41:38,3.33
Stage2,Scenario25,bus_gen,44:39,2.1139999999999985
Stage2,Scenario25,bus_gen,45:85,0.5
Stage2,Scenario25,bus_gen,45:86,0.5
Stage2,Scenario25,bus_gen,45:87,0.5
Stage2,Scenario25,bus_gen,45:88,0.5
Stage2,Scenario25,bus_gen,45:89,0.5
Stage2,Scenario25,bus_gen,45:90,0.5
Stage2,Scenario25,bus_gen,46:40,0.6199999999999983
Stage2,Scenario25,bus_gen,46:41,0.6199999999999983
Stage2,Scenario25,bus_gen,46:42,1.7999999999999987
Stage2,Scenario25,bus_gen,46:43,0.55
Stage2,Scenario25,bus_gen,46:44,0.55
Stage2,Scenario25,bus_gen,46:45,0.55
Stage2,Scenario25,bus_gen,48:46,0.0799999999999983
Stage2,Scenario25,bus_gen,48:47,0.0799999999999983
Stage2,Scenario25,bus_gen,48:48,0.21999999999999886
Stage2,Scenario25,bus_gen,48:49,0.21999999999999886
Stage2,Scenario25,bus_gen,49:50,0.2
Stage2,Scenario25,bus_gen,49:51,0.2
Stage2,Scenario25,bus_gen,49:52,0.21999999999999886
Stage2,Scenario25,bus_gen,49:53,0.21999999999999886
Stage2,Scenario25,bus_gen,50:155,0.08865298173831215
Stage2,Scenario25,bus_gen,54:54,0.21999999999999886
Stage2,Scenario25,bus_gen,54:55,0.21999999999999886
Stage2,Scenario25,bus_gen,55:122,0.0
Stage2,Scenario25,bus_gen,56:153,1.483
Stage2,Scenario25,bus_gen,57:103,0.5169999999999999
Stage2,Scenario25,bus_gen,57:106,0.516
Stage2,Scenario25,bus_gen,59:105,0.9410000000000001
Stage2,Scenario25,bus_gen,6:8,3.136
Stage2,Scenario25,bus_gen,60:102,0.0
Stage2,Scenario25,bus_gen,60:123,0.0
Stage2,Scenario25,bus_gen,60:124,0.0
Stage2,Scenario25,bus_gen,60:125,0.0
Stage2,Scenario25,bus_gen,60:126,0.0
Stage2,Scenario25,bus_gen,60:127,0.0
Stage2,Scenario25,bus_gen,60:128,0.0
Stage2,Scenario25,bus_gen,60:129,0.0
Stage2,Scenario25,bus_gen,60:130,0.0
Stage2,Scenario25,bus_gen,60:131,0.0
Stage2,Scenario25,bus_gen,60:132,0.0
Stage2,Scenario25,bus_gen,60:133,0.0
Stage2,Scenario25,bus_gen,60:134,0.0
Stage2,Scenario25,bus_gen,60:138,0.0
Stage2,Scenario25,bus_gen,60:157,0.0
Stage2,Scenario25,bus_gen,60:56,1.6999999999999986
Stage2,Scenario25,bus_gen,60:99,0.0
Stage2,Scenario25,bus_gen,61:100,0.927
Stage2,Scenario25,bus_gen,61:101,0.516
Stage2,Scenario25,bus_gen,61:91,0.0
Stage2,Scenario25,bus_gen,61:97,0.516
Stage2,Scenario25,bus_gen,61:98,0.516
Stage2,Scenario25,bus_gen,62:57,0.049999999999998934
Stage2,Scenario25,bus_gen,62:58,0.049999999999998934
Stage2,Scenario25,bus_gen,62:59,0.049999999999998934
Stage2,Scenario25,bus_gen,62:60,0.049999999999998934
Stage2,Scenario25,bus_gen,62:61,0.049999999999998934
Stage2,Scenario25,bus_gen,62:62,0.55
Stage2,Scenario25,bus_gen,62:63,0.55
Stage2,Scenario25,bus_gen,62:64,0.55
Stage2,Scenario25,bus_gen,63:65,1.2500000000000002
Stage2,Scenario25,bus_gen,64:154,0.0
Stage2,Scenario25,bus_gen,65:66,3.33
Stage2,Scenario25,bus_gen,66:110,1.8820000000000001
Stage2,Scenario25,bus_gen,67:135,0.273
Stage2,Scenario25,bus_gen,67:136,0.27
Stage2,Scenario25,bus_gen,67:137,0.28300000000000003
Stage2,Scenario25,bus_gen,67:139,0.2699999999999999
Stage2,Scenario25,bus_gen,67:140,0.282
Stage2,Scenario25,bus_gen,67:147,0.09399999999999999
Stage2,Scenario25,bus_gen,67:96,0.516
Stage2,Scenario25,bus_gen,68:67,2.1139999999999985
Stage2,Scenario25,bus_gen,69:68,0.21999999999999886
Stage2,Scenario25,bus_gen,69:69,0.21999999999999886
Stage2,Scenario25,bus_gen,69:92,0.5
Stage2,Scenario25,bus_gen,69:93,0.5
Stage2,Scenario25,bus_gen,69:94,0.5
Stage2,Scenario25,bus_gen,69:95,0.5
Stage2,Scenario25,bus_gen,70:70,1.9069999999999985
Stage2,Scenario25,bus_gen,70:71,1.9069999999999985
Stage2,Scenario25,bus_gen,71:104,0.49700000000000005
Stage2,Scenario25,bus_gen,71:107,0.516
Stage2,Scenario25,bus_gen,71:108,0.5100000000000084
Stage2,Scenario25,cvar,None,27.4536842105263
Stage2,Scenario25,gen_curtailment,0:0,0.0
Stage2,Scenario25,gen_curtailment,0:1,0.0
Stage2,Scenario25,gen_curtailment,0:113,0.0
Stage2,Scenario25,gen_curtailment,0:117,0.0
Stage2,Scenario25,gen_curtailment,0:118,0.0
Stage2,Scenario25,gen_curtailment,0:119,0.0
Stage2,Scenario25,gen_curtailment,0:2,0.0
Stage2,Scenario25,gen_curtailment,0:3,0.0
Stage2,Scenario25,gen_curtailment,1:112,0.0
Stage2,Scenario25,gen_curtailment,1:114,0.0
Stage2,Scenario25,gen_curtailment,1:4,0.0
Stage2,Scenario25,gen_curtailment,1:5,0.0
Stage2,Scenario25,gen_curtailment,1:6,0.0
Stage2,Scenario25,gen_curtailment,1:7,0.0
Stage2,Scenario25,gen_curtailment,12:10,0.0
Stage2,Scenario25,gen_curtailment,12:109,0.0
Stage2,Scenario25,gen_curtailment,12:11,0.0
Stage2,Scenario25,gen_curtailment,12:12,0.0
Stage2,Scenario25,gen_curtailment,12:9,0.0
Stage2,Scenario25,gen_curtailment,13:72,0.0
Stage2,Scenario25,gen_curtailment,14:13,0.0
Stage2,Scenario25,gen_curtailment,14:14,0.0
Stage2,Scenario25,gen_curtailment,14:15,0.0
Stage2,Scenario25,gen_curtailment,15:16,0.0
Stage2,Scenario25,gen_curtailment,17:141,0.0
Stage2,Scenario25,gen_curtailment,17:142,0.0
Stage2,Scenario25,gen_curtailment,17:143,0.0
Stage2,Scenario25,gen_curtailment,17:144,0.0
Stage2,Scenario25,gen_curtailment,17:145,0.0
Stage2,Scenario25,gen_curtailment,17:146,0.0
Stage2,Scenario25,gen_curtailment,17:148,0.0
Stage2,Scenario25,gen_curtailment,17:149,0.0
Stage2,Scenario25,gen_curtailment,17:150,0.0
Stage2,Scenario25,gen_curtailment,17:151,0.0
Stage2,Scenario25,gen_curtailment,17:17,0.0
Stage2,Scenario25,gen_curtailment,18:121,0.0
Stage2,Scenario25,gen_curtailment,2:120,0.0
Stage2,Scenario25,gen_curtailment,20:73,0.0
Stage2,Scenario25,gen_curtailment,21:156,0.0
Stage2,Scenario25,gen_curtailment,21:74,0.0
Stage2,Scenario25,gen_curtailment,21:75,0.0
Stage2,Scenario25,gen_curtailment,21:76,0.0
Stage2,Scenario25,gen_curtailment,21:77,0.0
Stage2,Scenario25,gen_curtailment,21:78,0.0
Stage2,Scenario25,gen_curtailment,21:79,0.0
Stage2,Scenario25,gen_curtailment,22:18,0.0
Stage2,Scenario25,gen_curtailment,22:19,0.0
Stage2,Scenario25,gen_curtailment,22:20,0.0
Stage2,Scenario25,gen_curtailment,22:21,0.0
Stage2,Scenario25,gen_curtailment,22:22,0.0
Stage2,Scenario25,gen_curtailment,24:23,0.0
Stage2,Scenario25,gen_curtailment,24:24,0.0
Stage2,Scenario25,gen_curtailment,24:25,0.0
Stage2,Scenario25,gen_curtailment,24:80,0.0
Stage2,Scenario25,gen_curtailment,25:26,0.0
Stage2,Scenario25,gen_curtailment,25:27,0.0
Stage2,Scenario25,gen_curtailment,25:28,0.0
Stage2,Scenario25,gen_curtailment,25:29,0.0
Stage2,Scenario25,gen_curtailment,3:115,0.0
Stage2,Scenario25,gen_curtailment,30:30,0.0
Stage2,Scenario25,gen_curtailment,30:31,0.0
Stage2,Scenario25,gen_curtailment,35:116,0.0
Stage2,Scenario25,gen_curtailment,36:152,0.0
Stage2,Scenario25,gen_curtailment,36:32,0.0
Stage2,Scenario25,gen_curtailment,36:33,0.0
Stage2,Scenario25,gen_curtailment,36:34,0.0
Stage2,Scenario25,gen_curtailment,37:81,0.0
Stage2,Scenario25,gen_curtailment,38:111,0.0
Stage2,Scenario25,gen_curtailment,38:35,0.0
Stage2,Scenario25,gen_curtailment,38:36,0.0
Stage2,Scenario25,gen_curtailment,38:82,0.0
Stage2,Scenario25,gen_curtailment,38:83,0.0
Stage2,Scenario25,gen_curtailment,38:84,0.0
Stage2,Scenario25,gen_curtailment,39:37,0.0
Stage2,Scenario25,gen_curtailment,41:38,0.0
Stage2,Scenario25,gen_curtailment,44:39,0.0
Stage2,Scenario25,gen_curtailment,45:85,0.0
Stage2,Scenario25,gen_curtailment,45:86,0.0
Stage2,Scenario25,gen_curtailment,45:87,0.0
Stage2,Scenario25,gen_curtailment,45:88,0.0
Stage2,Scenario25,gen_curtailment,45:89,0.0
Stage2,Scenario25,gen_curtailment,45:90,0.0
Stage2,Scenario25,gen_curtailment,46:40,0.0
Stage2,Scenario25,gen_curtailment,46:41,0.0
Stage2,Scenario25,gen_curtailment,46:42,0.0
Stage2,Scenario25,gen_curtailment,46:43,0.0
Stage2,Scenario25,gen_curtailment,46:44,0.0
Stage2,Scenario25,gen_curtailment,46:45,0.0
Stage2,Scenario25,gen_curtailment,48:46,0.0
Stage2,Scenario25,gen_curtailment,48:47,0.0
Stage2,Scenario25,gen_curtailment,48:48,0.0
Stage2,Scenario25,gen_curtailment,48:49,0.0
Stage2,Scenario25,gen_curtailment,49:50,0.0
Stage2,Scenario25,gen_curtailment,49:51,0.0
Stage2,Scenario25,gen_curtailment,49:52,0.0
Stage2,Scenario25,gen_curtailment,49:53,0.0
Stage2,Scenario25,gen_curtailment,50:155,0.0
Stage2,Scenario25,gen_curtailment,54:54,0.0
Stage2,Scenario25,gen_curtailment,54:55,0.0
Stage2,Scenario25,gen_curtailment,55:122,0.0
Stage2,Scenario25,gen_curtailment,56:153,0.0
Stage2,Scenario25,gen_curtailment,57:103,0.0
Stage2,Scenario25,gen_curtailment,57:106,0.0
Stage2,Scenario25,gen_curtailment,59:105,0.0
Stage2,Scenario25,gen_curtailment,6:8,0.0
Stage2,Scenario25,gen_curtailment,60:102,0.0
Stage2,Scenario25,gen_curtailment,60:123,0.0
Stage2,Scenario25,gen_curtailment,60:124,0.0
Stage2,Scenario25,gen_curtailment,60:125,0.0
Stage2,Scenario25,gen_curtailment,60:126,0.0
Stage2,Scenario25,gen_curtailment,60:127,0.0
Stage2,Scenario25,gen_curtailment,60:128,0.0
Stage2,Scenario25,gen_curtailment,60:129,0.0
Stage2,Scenario25,gen_curtailment,60:130,0.0
Stage2,Scenario25,gen_curtailment,60:131,0.0
Stage2,Scenario25,gen_curtailment,60:132,0.0
Stage2,Scenario25,gen_curtailment,60:133,0.0
Stage2,Scenario25,gen_curtailment,60:134,0.0
Stage2,Scenario25,gen_curtailment,60:138,0.0
Stage2,Scenario25,gen_curtailment,60:157,0.0
Stage2,Scenario25,gen_curtailment,60:56,0.0
Stage2,Scenario25,gen_curtailment,60:99,0.0
Stage2,Scenario25,gen_curtailment,61:100,0.0
Stage2,Scenario25,gen_curtailment,61:101,0.0
Stage2,Scenario25,gen_curtailment,61:91,0.0
Stage2,Scenario25,gen_curtailment,61:97,0.0
Stage2,Scenario25,gen_curtailment,61:98,0.0
Stage2,Scenario25,gen_curtailment,62:57,0.0
Stage2,Scenario25,gen_curtailment,62:58,0.0
Stage2,Scenario25,gen_curtailment,62:59,0.0
Stage2,Scenario25,gen_curtailment,62:60,0.0
Stage2,Scenario25,gen_curtailment,62:61,0.0
Stage2,Scenario25,gen_curtailment,62:62,0.0
Stage2,Scenario25,gen_curtailment,62:63,0.0
Stage2,Scenario25,gen_curtailment,62:64,0.0
Stage2,Scenario25,gen_curtailment,63:65,0.0
Stage2,Scenario25,gen_curtailment,64:154,0.0
Stage2,Scenario25,gen_curtailment,65:66,0.0
Stage2,Scenario25,gen_curtailment,66:110,0.0
Stage2,Scenario25,gen_curtailment,67:135,0.0
Stage2,Scenario25,gen_curtailment,67:136,0.0
Stage2,Scenario25,gen_curtailment,67:137,0.0
Stage2,Scenario25,gen_curtailment,67:139,0.0
Stage2,Scenario25,gen_curtailment,67:140,0.0
Stage2,Scenario25,gen_curtailment,67:147,0.0
Stage2,Scenario25,gen_curtailment,67:96,0.0
Stage2,Scenario25,gen_curtailment,68:67,0.0
Stage2,Scenario25,gen_curtailment,69:68,0.0
Stage2,Scenario25,gen_curtailment,69:69,0.0
Stage2,Scenario25,gen_curtailment,69:92,0.0
Stage2,Scenario25,gen_curtailment,69:93,0.0
Stage2,Scenario25,gen_curtailment,69:94,0.0
Stage2,Scenario25,gen_curtailment,69:95,0.0
Stage2,Scenario25,gen_curtailment,70:70,0.0
Stage2,Scenario25,gen_curtailment,70:71,0.0
Stage2,Scenario25,gen_curtailment,71:104,0.0
Stage2,Scenario25,gen_curtailment,71:107,0.0
Stage2,Scenario25,gen_curtailment,71:108,0.0
Stage2,Scenario25,load_shed,0,0.0
Stage2,Scenario25,load_shed,1,0.0
Stage2,Scenario25,load_shed,10,0.0
Stage2,Scenario25,load_shed,11,0.0
Stage2,Scenario25,load_shed,12,0.0
Stage2,Scenario25,load_shed,13,0.0
Stage2,Scenario25,load_shed,14,0.0
Stage2,Scenario25,load_shed,15,0.0
Stage2,Scenario25,load_shed,16,0.0
Stage2,Scenario25,load_shed,17,0.0
Stage2,Scenario25,load_shed,18,0.0
Stage2,Scenario25,load_shed,19,0.0
Stage2,Scenario25,load_shed,2,0.0
Stage2,Scenario25,load_shed,20,0.0
Stage2,Scenario25,load_shed,21,0.0
Stage2,Scenario25,load_shed,22,0.0
Stage2,Scenario25,load_shed,23,0.0
Stage2,Scenario25,load_shed,24,0.0
Stage2,Scenario25,load_shed,25,0.0
Stage2,Scenario25,load_shed,26,0.0
Stage2,Scenario25,load_shed,27,0.0
Stage2,Scenario25,load_shed,28,0.0
Stage2,Scenario25,load_shed,29,0.0
Stage2,Scenario25,load_shed,3,0.0
Stage2,Scenario25,load_shed,30,0.10999999999999988
Stage2,Scenario25,load_shed,31,0.0
Stage2,Scenario25,load_shed,32,0.0
Stage2,Scenario25,load_shed,33,0.0
Stage2,Scenario25,load_shed,34,0.0
Stage2,Scenario25,load_shed,35,0.0
Stage2,Scenario25,load_shed,36,0.0
Stage2,Scenario25,load_shed,37,0.0
Stage2,Scenario25,load_shed,38,0.0
Stage2,Scenario25,load_shed,39,0.0
Stage2,Scenario25,load_shed,4,0.0
Stage2,Scenario25,load_shed,40,0.0
Stage2,Scenario25,load_shed,41,0.0
Stage2,Scenario25,load_shed,42,0.0
Stage2,Scenario25,load_shed,43,0.0
Stage2,Scenario25,load_shed,44,0.0
Stage2,Scenario25,load_shed,45,0.0
Stage2,Scenario25,load_shed,46,0.0
Stage2,Scenario25,load_shed,47,0.0
Stage2,Scenario25,load_shed,48,0.0
Stage2,Scenario25,load_shed,49,0.0
Stage2,Scenario25,load_shed,5,0.0
Stage2,Scenario25,load_shed,50,0.0
Stage2,Scenario25,load_shed,51,0.0
Stage2,Scenario25,load_shed,52,0.0
Stage2,Scenario25,load_shed,53,0.0
Stage2,Scenario25,load_shed,54,0.0
Stage2,Scenario25,load_shed,55,0.0
Stage2,Scenario25,load_shed,56,0.0
Stage2,Scenario25,load_shed,57,0.0
Stage2,Scenario25,load_shed,58,0.0
Stage2,Scenario25,load_shed,59,0.0
Stage2,Scenario25,load_shed,6,0.0
Stage2,Scenario25,load_shed,60,0.0
Stage2,Scenario25,load_shed,61,0.0
Stage2,Scenario25,load_shed,62,0.0
Stage2,Scenario25,load_shed,63,0.0
Stage2,Scenario25,load_shed,64,0.0
Stage2,Scenario25,load_shed,65,0.0
Stage2,Scenario25,load_shed,66,0.0
Stage2,Scenario25,load_shed,67,0.0
Stage2,Scenario25,load_shed,68,0.0
Stage2,Scenario25,load_shed,69,0.0
Stage2,Scenario25,load_shed,7,0.0
Stage2,Scenario25,load_shed,70,0.0
Stage2,Scenario25,load_shed,71,0.0
Stage2,Scenario25,load_shed,72,0.0
Stage2,Scenario25,load_shed,8,0.0
Stage2,Scenario25,load_shed,9,0.0
Stage2,Scenario25,load_shed_value,None,0.10999999999999387
Stage2,Scenario25,nu,None,0.0
Stage2,Scenario25,theta,0,-0.3486734311829631
Stage2,Scenario25,theta,1,-0.4322113649291054
Stage2,Scenario25,theta,10,-0.298430180472895
Stage2,Scenario25,theta,11,-0.13125382995320034
Stage2,Scenario25,theta,12,0.0
Stage2,Scenario25,theta,13,-0.21030207458060812
Stage2,Scenario25,theta,14,0.03732460722758457
Stage2,Scenario25,theta,15,0.027956931315699887
Stage2,Scenario25,theta,16,0.10602342810304169
Stage2,Scenario25,theta,17,0.254703290253958
Stage2,Scenario25,theta,18,0.033354822182774094
Stage2,Scenario25,theta,19,0.07424864032805606
Stage2,Scenario25,theta,2,-0.2954965352211558
Stage2,Scenario25,theta,20,0.272318290253958
Stage2,Scenario25,theta,21,0.4212919728211528
Stage2,Scenario25,theta,22,0.1108202403085411
Stage2,Scenario25,theta,23,-0.08876237665216552
Stage2,Scenario25,theta,24,-0.5016742822522764
Stage2,Scenario25,theta,25,-0.4934085818622473
Stage2,Scenario25,theta,26,-0.36511666827710976
Stage2,Scenario25,theta,27,-0.5603506327083336
Stage2,Scenario25,theta,28,-0.5260856433323196
Stage2,Scenario25,theta,29,-0.5529285818622467
Stage2,Scenario25,theta,3,-0.4639803996296374
Stage2,Scenario25,theta,30,-0.7745806327083335
Stage2,Scenario25,theta,31,-0.7721406327083337
Stage2,Scenario25,theta,32,-0.4833906327083336
Stage2,Scenario25,theta,33,-0.48887858186224653
Stage2,Scenario25,theta,34,-0.3321879523561038
Stage2,Scenario25,theta,35,-0.3537406424940884
Stage2,Scenario25,theta,36,-0.30173229742509616
Stage2,Scenario25,theta,37,-0.2082497888066746
Stage2,Scenario25,theta,38,0.0730994193807194
Stage2,Scenario25,theta,39,0.08031382189371408
Stage2,Scenario25,theta,4,-0.38709540348985194
Stage2,Scenario25,theta,40,0.12772826150162503
Stage2,Scenario25,theta,41,0.13829942338472673
Stage2,Scenario25,theta,42,0.1479718404736946
Stage2,Scenario25,theta,43,0.338037959743226
Stage2,Scenario25,theta,44,0.14811550227617834
Stage2,Scenario25,theta,45,0.2639170492549666
Stage2,Scenario25,theta,46,0.4043861425423471
Stage2,Scenario25,theta,47,-0.09291570926715409
Stage2,Scenario25,theta,48,-0.37728657922703907
Stage2,Scenario25,theta,49,-0.37103424899008003
Stage2,Scenario25,theta,5,-0.44370258805900914
Stage2,Scenario25,theta,50,-0.3691308000802552
Stage2,Scenario25,theta,51,-0.2978066818405226
Stage2,Scenario25,theta,52,-0.377732659113475
Stage2,Scenario25,theta,53,-0.39867448299590336
Stage2,Scenario25,theta,54,-0.4956076415380794
Stage2,Scenario25,theta,55,-0.4461976415380792
Stage2,Scenario25,theta,56,-0.16088080008025518
Stage2,Scenario25,theta,57,-0.315714482995903
Stage2,Scenario25,theta,58,0.11033691791816076
Stage2,Scenario25,theta,59,0.00593389928834806
Stage2,Scenario25,theta,6,-0.325109340966093
Stage2,Scenario25,theta,60,0.06473691791816068
Stage2,Scenario25,theta,61,0.2818960043251588
Stage2,Scenario25,theta,62,0.5203156920881438
Stage2,Scenario25,theta,63,0.4913306733254656
Stage2,Scenario25,theta,64,0.5370996671044093
Stage2,Scenario25,theta,65,0.5439180526431291
Stage2,Scenario25,theta,66,0.4875217154140404
Stage2,Scenario25,theta,67,0.47801744078547487
Stage2,Scenario25,theta,68,0.5914637461688044
Stage2,Scenario25,theta,69,0.67079809659436
Stage2,Scenario25,theta,7,-0.42499728527682584
Stage2,Scenario25,theta,70,0.46761576526261933
Stage2,Scenario25,theta,71,0.5995116920881443
Stage2,Scenario25,theta,72,0.46761576526261933
Stage2,Scenario25,theta,8,-0.4130359871009392
Stage2,Scenario25,theta,9,-0.36439344540757246
Stage2,Scenario25,xij,0,0.0
Stage2,Scenario25,xij,1,1.0
Stage2,Scenario25,xij,10,1.0
Stage2,Scenario25,xij,100,0.0
Stage2,Scenario25,xij,101,1.0
Stage2,Scenario25,xij,102,1.0
Stage2,Scenario25,xij,103,1.0
Stage2,Scenario25,xij,104,0.0
Stage2,Scenario25,xij,105,1.0
Stage2,Scenario25,xij,106,1.0
Stage2,Scenario25,xij,107,1.0
Stage2,Scenario25,xij,108,1.0
Stage2,Scenario25,xij,109,1.0
Stage2,Scenario25,xij,11,1.0
Stage2,Scenario25,xij,110,1.0
Stage2,Scenario25,xij,111,0.0
Stage2,Scenario25,xij,112,0.0
Stage2,Scenario25,xij,113,1.0
Stage2,Scenario25,xij,114,1.0
Stage2,Scenario25,xij,115,1.0
Stage2,Scenario25,xij,116,1.0
Stage2,Scenario25,xij,117,0.0
Stage2,Scenario25,xij,118,1.0
Stage2,Scenario25,xij,119,1.0
Stage2,Scenario25,xij,12,1.0
Stage2,Scenario25,xij,13,0.0
Stage2,Scenario25,xij,14,1.0
Stage2,Scenario25,xij,15,0.0
Stage2,Scenario25,xij,16,1.0
Stage2,Scenario25,xij,17,1.0
Stage2,Scenario25,xij,18,0.0
Stage2,Scenario25,xij,19,1.0
Stage2,Scenario25,xij,2,1.0
Stage2,Scenario25,xij,20,1.0
Stage2,Scenario25,xij,21,0.0
Stage2,Scenario25,xij,22,1.0
Stage2,Scenario25,xij,23,1.0
Stage2,Scenario25,xij,24,1.0
Stage2,Scenario25,xij,25,1.0
Stage2,Scenario25,xij,26,1.0
Stage2,Scenario25,xij,27,0.0
Stage2,Scenario25,xij,28,1.0
Stage2,Scenario25,xij,29,1.0
Stage2,Scenario25,xij,3,1.0
Stage2,Scenario25,xij,30,1.0
Stage2,Scenario25,xij,31,0.0
Stage2,Scenario25,xij,32,1.0
Stage2,Scenario25,xij,33,1.0
Stage2,Scenario25,xij,34,1.0
Stage2,Scenario25,xij,35,1.0
Stage2,Scenario25,xij,36,1.0
Stage2,Scenario25,xij,37,1.0
Stage2,Scenario25,xij,38,1.0
Stage2,Scenario25,xij,39,1.0
Stage2,Scenario25,xij,4,1.0
Stage2,Scenario25,xij,40,1.0
Stage2,Scenario25,xij,41,0.0
Stage2,Scenario25,xij,42,1.0
Stage2,Scenario25,xij,43,1.0
Stage2,Scenario25,xij,44,0.0
Stage2,Scenario25,xij,45,1.0
Stage2,Scenario25,xij,46,1.0
Stage2,Scenario25,xij,47,1.0
Stage2,Scenario25,xij,48,1.0
Stage2,Scenario25,xij,49,1.0
Stage2,Scenario25,xij,5,1.0
Stage2,Scenario25,xij,50,1.0
Stage2,Scenario25,xij,51,1.0
Stage2,Scenario25,xij,52,1.0
Stage2,Scenario25,xij,53,0.0
Stage2,Scenario25,xij,54,1.0
Stage2,Scenario25,xij,55,1.0
Stage2,Scenario25,xij,56,1.0
Stage2,Scenario25,xij,57,1.0
Stage2,Scenario25,xij,58,1.0
Stage2,Scenario25,xij,59,1.0
Stage2,Scenario25,xij,6,1.0
Stage2,Scenario25,xij,60,1.0
Stage2,Scenario25,xij,61,0.0
Stage2,Scenario25,xij,62,0.0
Stage2,Scenario25,xij,63,1.0
Stage2,Scenario25,xij,64,1.0
Stage2,Scenario25,xij,65,1.0
Stage2,Scenario25,xij,66,1.0
Stage2,Scenario25,xij,67,1.0
Stage2,Scenario25,xij,68,1.0
Stage2,Scenario25,xij,69,1.0
Stage2,Scenario25,xij,7,1.0
Stage2,Scenario25,xij,70,1.0
Stage2,Scenario25,xij,71,1.0
Stage2,Scenario25,xij,72,1.0
Stage2,Scenario25,xij,73,1.0
Stage2,Scenario25,xij,74,0.0
Stage2,Scenario25,xij,75,1.0
Stage2,Scenario25,xij,76,1.0
Stage2,Scenario25,xij,77,1.0
Stage2,Scenario25,xij,78,1.0
Stage2,Scenario25,xij,79,1.0
Stage2,Scenario25,xij,8,1.0
Stage2,Scenario25,xij,80,1.0
Stage2,Scenario25,xij,81,1.0
Stage2,Scenario25,xij,82,1.0
Stage2,Scenario25,xij,83,0.0
Stage2,Scenario25,xij,84,1.0
Stage2,Scenario25,xij,85,0.0
Stage2,Scenario25,xij,86,1.0
Stage2,Scenario25,xij,87,1.0
Stage2,Scenario25,xij,88,1.0
Stage2,Scenario25,xij,89,1.0
Stage2,Scenario25,xij,9,1.0
Stage2,Scenario25,xij,90,1.0
Stage2,Scenario25,xij,91,1.0
Stage2,Scenario25,xij,92,1.0
Stage2,Scenario25,xij,93,1.0
Stage2,Scenario25,xij,94,0.0
Stage2,Scenario25,xij,95,1.0
Stage2,Scenario25,xij,96,1.0
Stage2,Scenario25,xij,97,1.0
Stage2,Scenario25,xij,98,0.0
Stage2,Scenario25,xij,99,1.0
Stage2,Scenario26,Pij,0,0.24657005092123302
Stage2,Scenario26,Pij,1,-0.8137864346705601
Stage2,Scenario26,Pij,10,0.13600000000000012
Stage2,Scenario26,Pij,100,0.41954552485391367
Stage2,Scenario26,Pij,101,0.0
Stage2,Scenario26,Pij,102,0.0
Stage2,Scenario26,Pij,103,-0.45949999999999225
Stage2,Scenario26,Pij,104,-0.45949999999999225
Stage2,Scenario26,Pij,105,-1.3410000000000242
Stage2,Scenario26,Pij,106,0.0
Stage2,Scenario26,Pij,107,0.0
Stage2,Scenario26,Pij,108,0.0
Stage2,Scenario26,Pij,109,0.0
Stage2,Scenario26,Pij,11,1.7499999999999998
Stage2,Scenario26,Pij,110,-0.7810000000000139
Stage2,Scenario26,Pij,111,0.0
Stage2,Scenario26,Pij,112,-1.8100000000000023
Stage2,Scenario26,Pij,113,0.0
Stage2,Scenario26,Pij,114,-1.5450000000000035
Stage2,Scenario26,Pij,115,-1.5450000000000035
Stage2,Scenario26,Pij,116,0.0
Stage2,Scenario26,Pij,117,0.0
Stage2,Scenario26,Pij,118,0.3670000000000142
Stage2,Scenario26,Pij,119,0.0
Stage2,Scenario26,Pij,12,-1.5739999999999998
Stage2,Scenario26,Pij,13,0.0
Stage2,Scenario26,Pij,14,-1.1883272409444556
Stage2,Scenario26,Pij,15,-1.6522149723298951
Stage2,Scenario26,Pij,16,-2.6608608744493516
Stage2,Scenario26,Pij,17,0.0
Stage2,Scenario26,Pij,18,-0.9877850276701025
Stage2,Scenario26,Pij,19,-2.8614030877237053
Stage2,Scenario26,Pij,2,0.7672163837493238
Stage2,Scenario26,Pij,20,-0.15162739184784887
Stage2,Scenario26,Pij,21,-1.500587580482046
Stage2,Scenario26,Pij,22,-1.589412419517951
Stage2,Scenario26,Pij,23,0.0
Stage2,Scenario26,Pij,24,-4.801403087723705
Stage2,Scenario26,Pij,25,1.293102015736494
Stage2,Scenario26,Pij,26,-3.0513494640064005
Stage2,Scenario26,Pij,27,-3.0513494640064005
Stage2,Scenario26,Pij,28,2.989596912276304
Stage2,Scenario26,Pij,29,-4.1023010719872115
Stage2,Scenario26,Pij,3,-0.03535269088009496
Stage2,Scenario26,Pij,30,1.1440000000000001
Stage2,Scenario26,Pij,31,-0.7402257533041643
Stage2,Scenario26,Pij,32,-3.362075318683047
Stage2,Scenario26,Pij,33,0.0
Stage2,Scenario26,Pij,34,-2.095225753304164
Stage2,Scenario26,Pij,35,0.0
Stage2,Scenario26,Pij,36,0.0
Stage2,Scenario26,Pij,37,-0.64
Stage2,Scenario26,Pij,38,-0.64
Stage2,Scenario26,Pij,39,-4.237924681316965
Stage2,Scenario26,Pij,4,0.5919227418013246
Stage2,Scenario26,Pij,40,0.0
Stage2,Scenario26,Pij,41,0.23087090427698603
Stage2,Scenario26,Pij,42,-1.2821572131900205
Stage2,Scenario26,Pij,43,0.691286308913031
Stage2,Scenario26,Pij,44,0.0
Stage2,Scenario26,Pij,45,0.5408709042769828
Stage2,Scenario26,Pij,46,0.0
Stage2,Scenario26,Pij,47,-1.3321572131900206
Stage2,Scenario26,Pij,48,-0.74
Stage2,Scenario26,Pij,49,-0.01871369108696891
Stage2,Scenario26,Pij,5,0.9908104776057441
Stage2,Scenario26,Pij,50,-0.8191290957230173
Stage2,Scenario26,Pij,51,-0.8100000000000023
Stage2,Scenario26,Pij,52,-0.8419920378367278
Stage2,Scenario26,Pij,53,-1.6780079621632744
Stage2,Scenario26,Pij,54,0.0
Stage2,Scenario26,Pij,55,-3.331992037836728
Stage2,Scenario26,Pij,56,-2.702523003257173
Stage2,Scenario26,Pij,57,-1.7633277457160856
Stage2,Scenario26,Pij,58,-1.427074207345457
Stage2,Scenario26,Pij,59,-1.275448795911716
Stage2,Scenario26,Pij,6,-2.989596912276304
Stage2,Scenario26,Pij,60,-3.095319783552814
Stage2,Scenario26,Pij,61,0.0
Stage2,Scenario26,Pij,62,-2.8043939908982707
Stage2,Scenario26,Pij,63,-3.215448795911716
Stage2,Scenario26,Pij,64,2.164833109571849
Stage2,Scenario26,Pij,65,-1.737995161380936
Stage2,Scenario26,Pij,66,-1.737995161380936
Stage2,Scenario26,Pij,67,1.3321572131900206
Stage2,Scenario26,Pij,68,-1.6380096772381272
Stage2,Scenario26,Pij,69,0.8373939908982608
Stage2,Scenario26,Pij,7,-0.5073526908800949
Stage2,Scenario26,Pij,70,0.0
Stage2,Scenario26,Pij,71,-1.6380096772381272
Stage2,Scenario26,Pij,72,0.0
Stage2,Scenario26,Pij,73,0.0
Stage2,Scenario26,Pij,74,0.0
Stage2,Scenario26,Pij,75,-0.9726060091017392
Stage2,Scenario26,Pij,76,0.0
Stage2,Scenario26,Pij,77,-2.252606009101739
Stage2,Scenario26,Pij,78,-1.3619903227618728
Stage2,Scenario26,Pij,79,0.37000000000000566
Stage2,Scenario26,Pij,8,0.05721638374932376
Stage2,Scenario26,Pij,80,0.07620443944400956
Stage2,Scenario26,Pij,81,-0.9262044394440211
Stage2,Scenario26,Pij,82,0.0
Stage2,Scenario26,Pij,83,0.0
Stage2,Scenario26,Pij,84,-1.7499999999999998
Stage2,Scenario26,Pij,85,1.3410000000000242
Stage2,Scenario26,Pij,86,-0.74
Stage2,Scenario26,Pij,87,-1.636204439444021
Stage2,Scenario26,Pij,88,0.0
Stage2,Scenario26,Pij,89,0.7009999999999934
Stage2,Scenario26,Pij,9,-0.7680772581986754
Stage2,Scenario26,Pij,90,0.0
Stage2,Scenario26,Pij,91,0.0
Stage2,Scenario26,Pij,92,-1.9702145471908952
Stage2,Scenario26,Pij,93,-2.269785452809105
Stage2,Scenario26,Pij,94,-1.6411031887925742
Stage2,Scenario26,Pij,95,-1.9451012506514467
Stage2,Scenario26,Pij,96,-3.61131773598347
Stage2,Scenario26,Pij,97,0.0
Stage2,Scenario26,Pij,98,-3.0713411786066485
Stage2,Scenario26,Pij,99,-1.1435455248539037
Stage2,Scenario26,bus_gen,0:0,0.0799999999999983
Stage2,Scenario26,bus_gen,0:1,0.0799999999999983
Stage2,Scenario26,bus_gen,0:113,0.0
Stage2,Scenario26,bus_gen,0:117,0.0
Stage2,Scenario26,bus_gen,0:118,0.0
Stage2,Scenario26,bus_gen,0:119,0.0
Stage2,Scenario26,bus_gen,0:2,0.56
Stage2,Scenario26,bus_gen,0:3,0.56
Stage2,Scenario26,bus_gen,1:112,0.0
Stage2,Scenario26,bus_gen,1:114,0.0
Stage2,Scenario26,bus_gen,1:4,0.0799999999999983
Stage2,Scenario26,bus_gen,1:5,0.0799999999999983
Stage2,Scenario26,bus_gen,1:6,0.56
Stage2,Scenario26,bus_gen,1:7,0.56
Stage2,Scenario26,bus_gen,12:10,0.55
Stage2,Scenario26,bus_gen,12:109,0.0
Stage2,Scenario26,bus_gen,12:11,0.55
Stage2,Scenario26,bus_gen,12:12,0.55
Stage2,Scenario26,bus_gen,12:9,0.55
Stage2,Scenario26,bus_gen,13:72,0.0
Stage2,Scenario26,bus_gen,14:13,0.049999999999998934
Stage2,Scenario26,bus_gen,14:14,0.049999999999998934
Stage2,Scenario26,bus_gen,14:15,1.2500000000000002
Stage2,Scenario26,bus_gen,15:16,1.55
Stage2,Scenario26,bus_gen,17:141,0.0
Stage2,Scenario26,bus_gen,17:142,0.0
Stage2,Scenario26,bus_gen,17:143,0.0
Stage2,Scenario26,bus_gen,17:144,0.0
Stage2,Scenario26,bus_gen,17:145,0.0
Stage2,Scenario26,bus_gen,17:146,0.0
Stage2,Scenario26,bus_gen,17:148,0.0
Stage2,Scenario26,bus_gen,17:149,0.0
Stage2,Scenario26,bus_gen,17:150,0.0
Stage2,Scenario26,bus_gen,17:151,0.0
Stage2,Scenario26,bus_gen,17:17,1.9750000000000003
Stage2,Scenario26,bus_gen,18:121,0.6659999999999999
Stage2,Scenario26,bus_gen,2:120,0.615
Stage2,Scenario26,bus_gen,20:73,3.96
Stage2,Scenario26,bus_gen,21:156,7.135
Stage2,Scenario26,bus_gen,21:74,0.0
Stage2,Scenario26,bus_gen,21:75,0.0
Stage2,Scenario26,bus_gen,21:76,0.4650000000000123
Stage2,Scenario26,bus_gen,21:77,0.0
Stage2,Scenario26,bus_gen,21:78,0.0
Stage2,Scenario26,bus_gen,21:79,0.0
Stage2,Scenario26,bus_gen,22:18,0.9199999999999985
Stage2,Scenario26,bus_gen,22:19,1.7999999999999985
Stage2,Scenario26,bus_gen,22:20,0.55
Stage2,Scenario26,bus_gen,22:21,0.55
Stage2,Scenario26,bus_gen,22:22,0.55
Stage2,Scenario26,bus_gen,24:23,0.0799999999999983
Stage2,Scenario26,bus_gen,24:24,0.0799999999999983
Stage2,Scenario26,bus_gen,24:25,0.56
Stage2,Scenario26,bus_gen,24:80,0.0
Stage2,Scenario26,bus_gen,25:26,0.0799999999999983
Stage2,Scenario26,bus_gen,25:27,0.0799999999999983
Stage2,Scenario26,bus_gen,25:28,0.56
Stage2,Scenario26,bus_gen,25:29,0.56
Stage2,Scenario26,bus_gen,3:115,0.268
Stage2,Scenario26,bus_gen,30:30,0.21999999999999886
Stage2,Scenario26,bus_gen,30:31,0.21999999999999886
Stage2,Scenario26,bus_gen,35:116,2.0
Stage2,Scenario26,bus_gen,36:152,0.132
Stage2,Scenario26,bus_gen,36:32,3.136
Stage2,Scenario26,bus_gen,36:33,0.55
Stage2,Scenario26,bus_gen,36:34,0.55
Stage2,Scenario26,bus_gen,37:81,0.0
Stage2,Scenario26,bus_gen,38:111,1.251
Stage2,Scenario26,bus_gen,38:35,0.21999999999999892
Stage2,Scenario26,bus_gen,38:36,0.21999999999999892
Stage2,Scenario26,bus_gen,38:82,0.5
Stage2,Scenario26,bus_gen,38:83,0.5
Stage2,Scenario26,bus_gen,38:84,0.5
Stage2,Scenario26,bus_gen,39:37,1.2500000000000002
Stage2,Scenario26,bus_gen,41:38,3.33
Stage2,Scenario26,bus_gen,44:39,2.1139999999999985
Stage2,Scenario26,bus_gen,45:85,0.5
Stage2,Scenario26,bus_gen,45:86,0.5
Stage2,Scenario26,bus_gen,45:87,0.5
Stage2,Scenario26,bus_gen,45:88,0.5
Stage2,Scenario26,bus_gen,45:89,0.5
Stage2,Scenario26,bus_gen,45:90,0.5
Stage2,Scenario26,bus_gen,46:40,0.6199999999999983
Stage2,Scenario26,bus_gen,46:41,0.6199999999999983
Stage2,Scenario26,bus_gen,46:42,1.7999999999999985
Stage2,Scenario26,bus_gen,46:43,0.55
Stage2,Scenario26,bus_gen,46:44,0.55
Stage2,Scenario26,bus_gen,46:45,0.55
Stage2,Scenario26,bus_gen,48:46,0.0799999999999983
Stage2,Scenario26,bus_gen,48:47,0.0799999999999983
Stage2,Scenario26,bus_gen,48:48,0.21999999999999886
Stage2,Scenario26,bus_gen,48:49,0.21999999999999886
Stage2,Scenario26,bus_gen,49:50,0.0799999999999983
Stage2,Scenario26,bus_gen,49:51,0.0799999999999983
Stage2,Scenario26,bus_gen,49:52,0.21999999999999886
Stage2,Scenario26,bus_gen,49:53,0.21999999999999886
Stage2,Scenario26,bus_gen,50:155,1.3147955605560147
Stage2,Scenario26,bus_gen,54:54,0.55
Stage2,Scenario26,bus_gen,54:55,0.55
Stage2,Scenario26,bus_gen,55:122,1.0090000000000001
Stage2,Scenario26,bus_gen,56:153,0.0
Stage2,Scenario26,bus_gen,57:103,0.0
Stage2,Scenario26,bus_gen,57:106,0.0
Stage2,Scenario26,bus_gen,59:105,0.0
Stage2,Scenario26,bus_gen,6:8,3.136
Stage2,Scenario26,bus_gen,60:102,0.9329999999999999
Stage2,Scenario26,bus_gen,60:123,0.8452044394440325
Stage2,Scenario26,bus_gen,60:124,0.631
Stage2,Scenario26,bus_gen,60:125,0.654
Stage2,Scenario26,bus_gen,60:126,0.67
Stage2,Scenario26,bus_gen,60:127,0.648
Stage2,Scenario26,bus_gen,60:128,0.638
Stage2,Scenario26,bus_gen,60:129,0.6409999999999999
Stage2,Scenario26,bus_gen,60:130,0.0
Stage2,Scenario26,bus_gen,60:131,0.0
Stage2,Scenario26,bus_gen,60:132,0.669
Stage2,Scenario26,bus_gen,60:133,0.0
Stage2,Scenario26,bus_gen,60:134,0.0
Stage2,Scenario26,bus_gen,60:138,0.272
Stage2,Scenario26,bus_gen,60:157,0.5
Stage2,Scenario26,bus_gen,60:56,1.6999999999999986
Stage2,Scenario26,bus_gen,60:99,0.9509999999999998
Stage2,Scenario26,bus_gen,61:100,0.927
Stage2,Scenario26,bus_gen,61:101,0.516
Stage2,Scenario26,bus_gen,61:91,0.0
Stage2,Scenario26,bus_gen,61:97,0.4969999999999999
Stage2,Scenario26,bus_gen,61:98,0.0
Stage2,Scenario26,bus_gen,62:57,0.049999999999998934
Stage2,Scenario26,bus_gen,62:58,0.049999999999998934
Stage2,Scenario26,bus_gen,62:59,0.049999999999998934
Stage2,Scenario26,bus_gen,62:60,0.049999999999998934
Stage2,Scenario26,bus_gen,62:61,0.049999999999998934
Stage2,Scenario26,bus_gen,62:62,0.21999999999999886
Stage2,Scenario26,bus_gen,62:63,0.21999999999999886
Stage2,Scenario26,bus_gen,62:64,0.21999999999999886
Stage2,Scenario26,bus_gen,63:65,1.2500000000000002
Stage2,Scenario26,bus_gen,64:154,0.0
Stage2,Scenario26,bus_gen,65:66,2.9160000000000004
Stage2,Scenario26,bus_gen,66:110,0.0
Stage2,Scenario26,bus_gen,67:135,0.0
Stage2,Scenario26,bus_gen,67:136,0.0
Stage2,Scenario26,bus_gen,67:137,0.0
Stage2,Scenario26,bus_gen,67:139,0.0
Stage2,Scenario26,bus_gen,67:140,0.0
Stage2,Scenario26,bus_gen,67:147,0.0
Stage2,Scenario26,bus_gen,67:96,0.0
Stage2,Scenario26,bus_gen,68:67,1.6999999999999986
Stage2,Scenario26,bus_gen,69:68,0.21999999999999886
Stage2,Scenario26,bus_gen,69:69,0.21999999999999886
Stage2,Scenario26,bus_gen,69:92,0.0
Stage2,Scenario26,bus_gen,69:93,0.0
Stage2,Scenario26,bus_gen,69:94,0.0
Stage2,Scenario26,bus_gen,69:95,0.0
Stage2,Scenario26,bus_gen,70:70,1.9069999999999985
Stage2,Scenario26,bus_gen,70:71,1.9069999999999985
Stage2,Scenario26,bus_gen,71:104,0.0
Stage2,Scenario26,bus_gen,71:107,0.0
Stage2,Scenario26,bus_gen,71:108,0.0
Stage2,Scenario26,cvar,None,27.453684210526298
Stage2,Scenario26,gen_curtailment,0:0,0.0
Stage2,Scenario26,gen_curtailment,0:1,0.0
Stage2,Scenario26,gen_curtailment,0:113,0.0
Stage2,Scenario26,gen_curtailment,0:117,0.0
Stage2,Scenario26,gen_curtailment,0:118,0.0
Stage2,Scenario26,gen_curtailment,0:119,0.0
Stage2,Scenario26,gen_curtailment,0:2,0.0
Stage2,Scenario26,gen_curtailment,0:3,0.0
Stage2,Scenario26,gen_curtailment,1:112,0.0
Stage2,Scenario26,gen_curtailment,1:114,0.0
Stage2,Scenario26,gen_curtailment,1:4,0.0
Stage2,Scenario26,gen_curtailment,1:5,0.0
Stage2,Scenario26,gen_curtailment,1:6,0.0
Stage2,Scenario26,gen_curtailment,1:7,0.0
Stage2,Scenario26,gen_curtailment,12:10,0.0
Stage2,Scenario26,gen_curtailment,12:109,0.0
Stage2,Scenario26,gen_curtailment,12:11,0.0
Stage2,Scenario26,gen_curtailment,12:12,0.0
Stage2,Scenario26,gen_curtailment,12:9,0.0
Stage2,Scenario26,gen_curtailment,13:72,0.0
Stage2,Scenario26,gen_curtailment,14:13,0.0
Stage2,Scenario26,gen_curtailment,14:14,0.0
Stage2,Scenario26,gen_curtailment,14:15,0.0
Stage2,Scenario26,gen_curtailment,15:16,0.0
Stage2,Scenario26,gen_curtailment,17:141,0.0
Stage2,Scenario26,gen_curtailment,17:142,0.0
Stage2,Scenario26,gen_curtailment,17:143,0.0
Stage2,Scenario26,gen_curtailment,17:144,0.0
Stage2,Scenario26,gen_curtailment,17:145,0.0
Stage2,Scenario26,gen_curtailment,17:146,0.0
Stage2,Scenario26,gen_curtailment,17:148,0.0
Stage2,Scenario26,gen_curtailment,17:149,0.0
Stage2,Scenario26,gen_curtailment,17:150,0.0
Stage2,Scenario26,gen_curtailment,17:151,0.0
Stage2,Scenario26,gen_curtailment,17:17,0.0
Stage2,Scenario26,gen_curtailment,18:121,0.0
Stage2,Scenario26,gen_curtailment,2:120,0.0
Stage2,Scenario26,gen_curtailment,20:73,0.0
Stage2,Scenario26,gen_curtailment,21:156,0.0
Stage2,Scenario26,gen_curtailment,21:74,0.0
Stage2,Scenario26,gen_curtailment,21:75,0.0
Stage2,Scenario26,gen_curtailment,21:76,0.0
Stage2,Scenario26,gen_curtailment,21:77,0.0
Stage2,Scenario26,gen_curtailment,21:78,0.0
Stage2,Scenario26,gen_curtailment,21:79,0.0
Stage2,Scenario26,gen_curtailment,22:18,0.0
Stage2,Scenario26,gen_curtailment,22:19,0.0
Stage2,Scenario26,gen_curtailment,22:20,0.0
Stage2,Scenario26,gen_curtailment,22:21,0.0
Stage2,Scenario26,gen_curtailment,22:22,0.0
Stage2,Scenario26,gen_curtailment,24:23,0.0
Stage2,Scenario26,gen_curtailment,24:24,0.0
Stage2,Scenario26,gen_curtailment,24:25,0.0
Stage2,Scenario26,gen_curtailment,24:80,0.0
Stage2,Scenario26,gen_curtailment,25:26,0.0
Stage2,Scenario26,gen_curtailment,25:27,0.0
Stage2,Scenario26,gen_curtailment,25:28,0.0
Stage2,Scenario26,gen_curtailment,25:29,0.0
Stage2,Scenario26,gen_curtailment,3:115,0.0
Stage2,Scenario26,gen_curtailment,30:30,0.0
Stage2,Scenario26,gen_curtailment,30:31,0.0
Stage2,Scenario26,gen_curtailment,35:116,0.0
Stage2,Scenario26,gen_curtailment,36:152,0.0
Stage2,Scenario26,gen_curtailment,36:32,0.0
Stage2,Scenario26,gen_curtailment,36:33,0.0
Stage2,Scenario26,gen_curtailment,36:34,0.0
Stage2,Scenario26,gen_curtailment,37:81,0.0
Stage2,Scenario26,gen_curtailment,38:111,0.0
Stage2,Scenario26,gen_curtailment,38:35,0.0
Stage2,Scenario26,gen_curtailment,38:36,0.0
Stage2,Scenario26,gen_curtailment,38:82,0.0
Stage2,Scenario26,gen_curtailment,38:83,0.0
Stage2,Scenario26,gen_curtailment,38:84,0.0
Stage2,Scenario26,gen_curtailment,39:37,0.0
Stage2,Scenario26,gen_curtailment,41:38,0.0
Stage2,Scenario26,gen_curtailment,44:39,0.0
Stage2,Scenario26,gen_curtailment,45:85,0.0
Stage2,Scenario26,gen_curtailment,45:86,0.0
Stage2,Scenario26,gen_curtailment,45:87,0.0
Stage2,Scenario26,gen_curtailment,45:88,0.0
Stage2,Scenario26,gen_curtailment,45:89,0.0
Stage2,Scenario26,gen_curtailment,45:90,0.0
Stage2,Scenario26,gen_curtailment,46:40,0.0
Stage2,Scenario26,gen_curtailment,46:41,0.0
Stage2,Scenario26,gen_curtailment,46:42,0.0
Stage2,Scenario26,gen_curtailment,46:43,0.0
Stage2,Scenario26,gen_curtailment,46:44,0.0
Stage2,Scenario26,gen_curtailment,46:45,0.0
Stage2,Scenario26,gen_curtailment,48:46,0.0
Stage2,Scenario26,gen_curtailment,48:47,0.0
Stage2,Scenario26,gen_curtailment,48:48,0.0
Stage2,Scenario26,gen_curtailment,48:49,0.0
Stage2,Scenario26,gen_curtailment,49:50,0.0
Stage2,Scenario26,gen_curtailment,49:51,0.0
Stage2,Scenario26,gen_curtailment,49:52,0.0
Stage2,Scenario26,gen_curtailment,49:53,0.0
Stage2,Scenario26,gen_curtailment,50:155,0.0
Stage2,Scenario26,gen_curtailment,54:54,0.0
Stage2,Scenario26,gen_curtailment,54:55,0.0
Stage2,Scenario26,gen_curtailment,55:122,0.0
Stage2,Scenario26,gen_curtailment,56:153,0.0
Stage2,Scenario26,gen_curtailment,57:103,0.0
Stage2,Scenario26,gen_curtailment,57:106,0.0
Stage2,Scenario26,gen_curtailment,59:105,0.0
Stage2,Scenario26,gen_curtailment,6:8,0.0
Stage2,Scenario26,gen_curtailment,60:102,0.0
Stage2,Scenario26,gen_curtailment,60:123,0.0
Stage2,Scenario26,gen_curtailment,60:124,0.0
Stage2,Scenario26,gen_curtailment,60:125,0.0
Stage2,Scenario26,gen_curtailment,60:126,0.0
Stage2,Scenario26,gen_curtailment,60:127,0.0
Stage2,Scenario26,gen_curtailment,60:128,0.0
Stage2,Scenario26,gen_curtailment,60:129,0.0
Stage2,Scenario26,gen_curtailment,60:130,0.0
Stage2,Scenario26,gen_curtailment,60:131,0.0
Stage2,Scenario26,gen_curtailment,60:132,0.0
Stage2,Scenario26,gen_curtailment,60:133,0.0
Stage2,Scenario26,gen_curtailment,60:134,0.0
Stage2,Scenario26,gen_curtailment,60:138,0.0
Stage2,Scenario26,gen_curtailment,60:157,0.0
Stage2,Scenario26,gen_curtailment,60:56,0.0
Stage2,Scenario26,gen_curtailment,60:99,0.0
Stage2,Scenario26,gen_curtailment,61:100,0.0
Stage2,Scenario26,gen_curtailment,61:101,0.0
Stage2,Scenario26,gen_curtailment,61:91,0.0
Stage2,Scenario26,gen_curtailment,61:97,0.0
Stage2,Scenario26,gen_curtailment,61:98,0.0
Stage2,Scenario26,gen_curtailment,62:57,0.0
Stage2,Scenario26,gen_curtailment,62:58,0.0
Stage2,Scenario26,gen_curtailment,62:59,0.0
Stage2,Scenario26,gen_curtailment,62:60,0.0
Stage2,Scenario26,gen_curtailment,62:61,0.0
Stage2,Scenario26,gen_curtailment,62:62,0.0
Stage2,Scenario26,gen_curtailment,62:63,0.0
Stage2,Scenario26,gen_curtailment,62:64,0.0
Stage2,Scenario26,gen_curtailment,63:65,0.2500000000000002
Stage2,Scenario26,gen_curtailment,64:154,0.0
Stage2,Scenario26,gen_curtailment,65:66,0.0
Stage2,Scenario26,gen_curtailment,66:110,0.0
Stage2,Scenario26,gen_curtailment,67:135,0.0
Stage2,Scenario26,gen_curtailment,67:136,0.0
Stage2,Scenario26,gen_curtailment,67:137,0.0
Stage2,Scenario26,gen_curtailment,67:139,0.0
Stage2,Scenario26,gen_curtailment,67:140,0.0
Stage2,Scenario26,gen_curtailment,67:147,0.0
Stage2,Scenario26,gen_curtailment,67:96,0.0
Stage2,Scenario26,gen_curtailment,68:67,0.0
Stage2,Scenario26,gen_curtailment,69:68,0.21999999999999886
Stage2,Scenario26,gen_curtailment,69:69,0.21999999999999886
Stage2,Scenario26,gen_curtailment,69:92,0.0
Stage2,Scenario26,gen_curtailment,69:93,0.0
Stage2,Scenario26,gen_curtailment,69:94,0.0
Stage2,Scenario26,gen_curtailment,69:95,0.0
Stage2,Scenario26,gen_curtailment,70:70,0.0
Stage2,Scenario26,gen_curtailment,70:71,0.0
Stage2,Scenario26,gen_curtailment,71:104,0.0
Stage2,Scenario26,gen_curtailment,71:107,0.0
Stage2,Scenario26,gen_curtailment,71:108,0.0
Stage2,Scenario26,load_shed,0,0.0
Stage2,Scenario26,load_shed,1,0.0
Stage2,Scenario26,load_shed,10,0.0
Stage2,Scenario26,load_shed,11,0.0
Stage2,Scenario26,load_shed,12,0.0
Stage2,Scenario26,load_shed,13,0.0
Stage2,Scenario26,load_shed,14,0.0
Stage2,Scenario26,load_shed,15,0.0
Stage2,Scenario26,load_shed,16,0.0
Stage2,Scenario26,load_shed,17,0.0
Stage2,Scenario26,load_shed,18,0.0
Stage2,Scenario26,load_shed,19,0.0
Stage2,Scenario26,load_shed,2,0.0
Stage2,Scenario26,load_shed,20,0.0
Stage2,Scenario26,load_shed,21,0.0
Stage2,Scenario26,load_shed,22,0.0
Stage2,Scenario26,load_shed,23,0.0
Stage2,Scenario26,load_shed,24,0.0
Stage2,Scenario26,load_shed,25,0.0
Stage2,Scenario26,load_shed,26,0.0
Stage2,Scenario26,load_shed,27,0.0
Stage2,Scenario26,load_shed,28,0.0
Stage2,Scenario26,load_shed,29,0.0
Stage2,Scenario26,load_shed,3,0.0
Stage2,Scenario26,load_shed,30,0.0
Stage2,Scenario26,load_shed,31,0.0
Stage2,Scenario26,load_shed,32,0.0
Stage2,Scenario26,load_shed,33,0.0
Stage2,Scenario26,load_shed,34,0.0
Stage2,Scenario26,load_shed,35,0.0
Stage2,Scenario26,load_shed,36,0.0
Stage2,Scenario26,load_shed,37,0.0
Stage2,Scenario26,load_shed,38,0.0
Stage2,Scenario26,load_shed,39,0.0
Stage2,Scenario26,load_shed,4,0.0
Stage2,Scenario26,load_shed,40,0.0
Stage2,Scenario26,load_shed,41,0.0
Stage2,Scenario26,load_shed,42,0.0
Stage2,Scenario26,load_shed,43,0.0
Stage2,Scenario26,load_shed,44,0.0
Stage2,Scenario26,load_shed,45,0.0
Stage2,Scenario26,load_shed,46,0.0
Stage2,Scenario26,load_shed,47,0.0
Stage2,Scenario26,load_shed,48,0.0
Stage2,Scenario26,load_shed,49,0.0
Stage2,Scenario26,load_shed,5,0.0
Stage2,Scenario26,load_shed,50,0.0
Stage2,Scenario26,load_shed,51,0.0
Stage2,Scenario26,load_shed,52,0.0
Stage2,Scenario26,load_shed,53,1.36
Stage2,Scenario26,load_shed,54,0.8509999999999998
Stage2,Scenario26,load_shed,55,0.0
Stage2,Scenario26,load_shed,56,0.0
Stage2,Scenario26,load_shed,57,0.0
Stage2,Scenario26,load_shed,58,0.0
Stage2,Scenario26,load_shed,59,0.0
Stage2,Scenario26,load_shed,6,0.0
Stage2,Scenario26,load_shed,60,0.0
Stage2,Scenario26,load_shed,61,0.0
Stage2,Scenario26,load_shed,62,0.0
Stage2,Scenario26,load_shed,63,0.0
Stage2,Scenario26,load_shed,64,0.0
Stage2,Scenario26,load_shed,65,0.0
Stage2,Scenario26,load_shed,66,0.0
Stage2,Scenario26,load_shed,67,0.0
Stage2,Scenario26,load_shed,68,0.0
Stage2,Scenario26,load_shed,69,0.0
Stage2,Scenario26,load_shed,7,0.0
Stage2,Scenario26,load_shed,70,0.0
Stage2,Scenario26,load_shed,71,0.0
Stage2,Scenario26,load_shed,72,0.0
Stage2,Scenario26,load_shed,8,0.0
Stage2,Scenario26,load_shed,9,0.0
Stage2,Scenario26,load_shed_value,None,2.211
Stage2,Scenario26,nu,None,0.0
Stage2,Scenario26,theta,0,-0.20403024509508394
Stage2,Scenario26,theta,1,-0.2074822258079812
Stage2,Scenario26,theta,10,-0.04741368132816492
Stage2,Scenario26,theta,11,-0.0072781148086967454
Stage2,Scenario26,theta,12,0.0
Stage2,Scenario26,theta,13,0.07276524835623072
Stage2,Scenario26,theta,14,0.3780307647994497
Stage2,Scenario26,theta,15,0.3560480305319293
Stage2,Scenario26,theta,16,0.4627078584035968
Stage2,Scenario26,theta,17,0.4730710189498551
Stage2,Scenario26,theta,18,0.3297360305319293
Stage2,Scenario26,theta,19,0.12419888049806173
Stage2,Scenario26,theta,2,-0.032321307379595765
Stage2,Scenario26,theta,20,0.5275468885357634
Stage2,Scenario26,theta,21,0.8157257668653167
Stage2,Scenario26,theta,22,0.13827888049806172
Stage2,Scenario26,theta,23,0.22257172536108194
Stage2,Scenario26,theta,24,-0.9539269261977739
Stage2,Scenario26,theta,25,-0.9571591188576517
Stage2,Scenario26,theta,26,-0.6833917542146792
Stage2,Scenario26,theta,27,-1.2259420851536085
Stage2,Scenario26,theta,28,-1.0126862624553814
Stage2,Scenario26,theta,29,-1.0610063324788324
Stage2,Scenario26,theta,3,-0.20299243406620915
Stage2,Scenario26,theta,30,-1.3373207713966688
Stage2,Scenario26,theta,31,-1.2879107713966687
Stage2,Scenario26,theta,32,-1.1489820851536086
Stage2,Scenario26,theta,33,-1.0110394576397284
Stage2,Scenario26,theta,34,-0.7806223463820215
Stage2,Scenario26,theta,35,-0.8606981340399749
Stage2,Scenario26,theta,36,-0.7121227844294397
Stage2,Scenario26,theta,37,-0.7270534969537295
Stage2,Scenario26,theta,38,-0.500539855132217
Stage2,Scenario26,theta,39,-0.5373420179949384
Stage2,Scenario26,theta,4,-0.26924363771377646
Stage2,Scenario26,theta,40,-0.494753766386747
Stage2,Scenario26,theta,41,-0.41537809222455113
Stage2,Scenario26,theta,42,-0.5566020797855975
Stage2,Scenario26,theta,43,-0.5176978394215279
Stage2,Scenario26,theta,44,-0.41537809222455113
Stage2,Scenario26,theta,45,-0.3227627502767437
Stage2,Scenario26,theta,46,-0.4681405072212897
Stage2,Scenario26,theta,47,-0.5698120302180981
Stage2,Scenario26,theta,48,-0.2320372104985983
Stage2,Scenario26,theta,49,-0.23721721049859842
Stage2,Scenario26,theta,5,-0.3211313922338355
Stage2,Scenario26,theta,50,-0.2481163472212841
Stage2,Scenario26,theta,51,-0.11682634722128411
Stage2,Scenario26,theta,52,-0.15330983314585653
Stage2,Scenario26,theta,53,-6.283185307179586
Stage2,Scenario26,theta,54,-6.240424307179587
Stage2,Scenario26,theta,55,-6.283185307179586
Stage2,Scenario26,theta,56,-0.039866347221284126
Stage2,Scenario26,theta,57,-0.009323842474782677
Stage2,Scenario26,theta,58,0.13059661540167217
Stage2,Scenario26,theta,59,0.15651549015575966
Stage2,Scenario26,theta,6,-0.40164175421467924
Stage2,Scenario26,theta,60,0.3039398667288788
Stage2,Scenario26,theta,61,6.283185307179586
Stage2,Scenario26,theta,62,-0.43218200722128736
Stage2,Scenario26,theta,63,-6.172265000334463
Stage2,Scenario26,theta,64,-5.547480000333509
Stage2,Scenario26,theta,65,-0.42997250722128816
Stage2,Scenario26,theta,66,0.16104940606658813
Stage2,Scenario26,theta,67,0.2334494060665882
Stage2,Scenario26,theta,68,-0.40966650722128783
Stage2,Scenario26,theta,69,-5.547480000333509
Stage2,Scenario26,theta,7,-0.40993775421467926
Stage2,Scenario26,theta,70,0.2674394060665883
Stage2,Scenario26,theta,71,-0.3624500072212862
Stage2,Scenario26,theta,72,0.5275468885357634
Stage2,Scenario26,theta,8,-0.15022775421467927
Stage2,Scenario26,theta,9,-0.27427867948371665
Stage2,Scenario26,xij,0,1.0
Stage2,Scenario26,xij,1,1.0
Stage2,Scenario26,xij,10,1.0
Stage2,Scenario26,xij,100,1.0
Stage2,Scenario26,xij,101,0.0
Stage2,Scenario26,xij,102,0.0
Stage2,Scenario26,xij,103,1.0
Stage2,Scenario26,xij,104,1.0
Stage2,Scenario26,xij,105,1.0
Stage2,Scenario26,xij,106,0.0
Stage2,Scenario26,xij,107,0.0
Stage2,Scenario26,xij,108,0.0
Stage2,Scenario26,xij,109,1.0
Stage2,Scenario26,xij,11,1.0
Stage2,Scenario26,xij,110,1.0
Stage2,Scenario26,xij,111,0.0
Stage2,Scenario26,xij,112,1.0
Stage2,Scenario26,xij,113,0.0
Stage2,Scenario26,xij,114,1.0
Stage2,Scenario26,xij,115,1.0
Stage2,Scenario26,xij,116,0.0
Stage2,Scenario26,xij,117,1.0
Stage2,Scenario26,xij,118,1.0
Stage2,Scenario26,xij,119,0.0
Stage2,Scenario26,xij,12,1.0
Stage2,Scenario26,xij,13,0.0
Stage2,Scenario26,xij,14,1.0
Stage2,Scenario26,xij,15,1.0
Stage2,Scenario26,xij,16,1.0
Stage2,Scenario26,xij,17,0.0
Stage2,Scenario26,xij,18,1.0
Stage2,Scenario26,xij,19,1.0
Stage2,Scenario26,xij,2,1.0
Stage2,Scenario26,xij,20,1.0
Stage2,Scenario26,xij,21,1.0
Stage2,Scenario26,xij,22,1.0
Stage2,Scenario26,xij,23,0.0
Stage2,Scenario26,xij,24,1.0
Stage2,Scenario26,xij,25,1.0
Stage2,Scenario26,xij,26,1.0
Stage2,Scenario26,xij,27,1.0
Stage2,Scenario26,xij,28,1.0
Stage2,Scenario26,xij,29,1.0
Stage2,Scenario26,xij,3,1.0
Stage2,Scenario26,xij,30,1.0
Stage2,Scenario26,xij,31,1.0
Stage2,Scenario26,xij,32,1.0
Stage2,Scenario26,xij,33,0.0
Stage2,Scenario26,xij,34,1.0
Stage2,Scenario26,xij,35,0.0
Stage2,Scenario26,xij,36,0.0
Stage2,Scenario26,xij,37,1.0
Stage2,Scenario26,xij,38,1.0
Stage2,Scenario26,xij,39,1.0
Stage2,Scenario26,xij,4,1.0
Stage2,Scenario26,xij,40,0.0
Stage2,Scenario26,xij,41,1.0
Stage2,Scenario26,xij,42,1.0
Stage2,Scenario26,xij,43,1.0
Stage2,Scenario26,xij,44,0.0
Stage2,Scenario26,xij,45,1.0
Stage2,Scenario26,xij,46,0.0
Stage2,Scenario26,xij,47,1.0
Stage2,Scenario26,xij,48,1.0
Stage2,Scenario26,xij,49,1.0
Stage2,Scenario26,xij,5,1.0
Stage2,Scenario26,xij,50,1.0
Stage2,Scenario26,xij,51,1.0
Stage2,Scenario26,xij,52,1.0
Stage2,Scenario26,xij,53,1.0
Stage2,Scenario26,xij,54,0.0
Stage2,Scenario26,xij,55,1.0
Stage2,Scenario26,xij,56,1.0
Stage2,Scenario26,xij,57,1.0
Stage2,Scenario26,xij,58,1.0
Stage2,Scenario26,xij,59,1.0
Stage2,Scenario26,xij,6,1.0
Stage2,Scenario26,xij,60,1.0
Stage2,Scenario26,xij,61,0.0
Stage2,Scenario26,xij,62,1.0
Stage2,Scenario26,xij,63,1.0
Stage2,Scenario26,xij,64,1.0
Stage2,Scenario26,xij,65,1.0
Stage2,Scenario26,xij,66,1.0
Stage2,Scenario26,xij,67,1.0
Stage2,Scenario26,xij,68,1.0
Stage2,Scenario26,xij,69,1.0
Stage2,Scenario26,xij,7,1.0
Stage2,Scenario26,xij,70,0.0
Stage2,Scenario26,xij,71,1.0
Stage2,Scenario26,xij,72,1.0
Stage2,Scenario26,xij,73,1.0
Stage2,Scenario26,xij,74,0.0
Stage2,Scenario26,xij,75,1.0
Stage2,Scenario26,xij,76,0.0
Stage2,Scenario26,xij,77,1.0
Stage2,Scenario26,xij,78,1.0
Stage2,Scenario26,xij,79,1.0
Stage2,Scenario26,xij,8,1.0
Stage2,Scenario26,xij,80,1.0
Stage2,Scenario26,xij,81,1.0
Stage2,Scenario26,xij,82,0.0
Stage2,Scenario26,xij,83,0.0
Stage2,Scenario26,xij,84,1.0
Stage2,Scenario26,xij,85,1.0
Stage2,Scenario26,xij,86,1.0
Stage2,Scenario26,xij,87,1.0
Stage2,Scenario26,xij,88,0.0
Stage2,Scenario26,xij,89,1.0
Stage2,Scenario26,xij,9,1.0
Stage2,Scenario26,xij,90,0.0
Stage2,Scenario26,xij,91,0.0
Stage2,Scenario26,xij,92,1.0
Stage2,Scenario26,xij,93,1.0
Stage2,Scenario26,xij,94,1.0
Stage2,Scenario26,xij,95,1.0
Stage2,Scenario26,xij,96,1.0
Stage2,Scenario26,xij,97,0.0
Stage2,Scenario26,xij,98,1.0
Stage2,Scenario26,xij,99,1.0
Stage2,Scenario27,Pij,0,0.0
Stage2,Scenario27,Pij,1,0.0
Stage2,Scenario27,Pij,10,2.3
Stage2,Scenario27,Pij,100,-1.9619999999999858
Stage2,Scenario27,Pij,101,-1.94
Stage2,Scenario27,Pij,102,-4.060000000000011
Stage2,Scenario27,Pij,103,0.0
Stage2,Scenario27,Pij,104,0.0
Stage2,Scenario27,Pij,105,1.8000000000000025
Stage2,Scenario27,Pij,106,-5.0
Stage2,Scenario27,Pij,107,-0.7500000000000111
Stage2,Scenario27,Pij,108,-5.0
Stage2,Scenario27,Pij,109,0.0
Stage2,Scenario27,Pij,11,0.0
Stage2,Scenario27,Pij,110,0.0
Stage2,Scenario27,Pij,111,-3.5000000000000044
Stage2,Scenario27,Pij,112,0.0
Stage2,Scenario27,Pij,113,-2.560000000000011
Stage2,Scenario27,Pij,114,-0.9260000000000056
Stage2,Scenario27,Pij,115,-0.9260000000000056
Stage2,Scenario27,Pij,116,-1.8000000000000114
Stage2,Scenario27,Pij,117,0.0
Stage2,Scenario27,Pij,118,-1.4999999999999956
Stage2,Scenario27,Pij,119,0.0
Stage2,Scenario27,Pij,12,0.5899999999999999
Stage2,Scenario27,Pij,13,0.0
Stage2,Scenario27,Pij,14,0.0
Stage2,Scenario27,Pij,15,0.0
Stage2,Scenario27,Pij,16,0.0
Stage2,Scenario27,Pij,17,-2.6599999999999993
Stage2,Scenario27,Pij,18,0.0
Stage2,Scenario27,Pij,19,0.0
Stage2,Scenario27,Pij,2,1.7500000000000009
Stage2,Scenario27,Pij,20,0.44999999999999973
Stage2,Scenario27,Pij,21,-3.109999999999999
Stage2,Scenario27,Pij,22,0.0
Stage2,Scenario27,Pij,23,0.0
Stage2,Scenario27,Pij,24,-1.94
Stage2,Scenario27,Pij,25,2.2090000000000036
Stage2,Scenario27,Pij,26,-2.607000000000003
Stage2,Scenario27,Pij,27,-2.607000000000003
Stage2,Scenario27,Pij,28,1.185
Stage2,Scenario27,Pij,29,0.0
Stage2,Scenario27,Pij,3,0.6999999999999966
Stage2,Scenario27,Pij,30,0.5190000000000039
Stage2,Scenario27,Pij,31,1.6280000000000057
Stage2,Scenario27,Pij,32,-1.6280000000000057
Stage2,Scenario27,Pij,33,0.6070000000000029
Stage2,Scenario27,Pij,34,0.6070000000000029
Stage2,Scenario27,Pij,35,-0.6249999999999962
Stage2,Scenario27,Pij,36,0.0
Stage2,Scenario27,Pij,37,-0.9524999999999981
Stage2,Scenario27,Pij,38,-0.9524999999999981
Stage2,Scenario27,Pij,39,0.0
Stage2,Scenario27,Pij,4,-0.3899999999999999
Stage2,Scenario27,Pij,40,-1.3449999999999984
Stage2,Scenario27,Pij,41,0.58
Stage2,Scenario27,Pij,42,0.0
Stage2,Scenario27,Pij,43,0.0
Stage2,Scenario27,Pij,44,1.53
Stage2,Scenario27,Pij,45,0.0
Stage2,Scenario27,Pij,46,-1.75
Stage2,Scenario27,Pij,47,0.0
Stage2,Scenario27,Pij,48,0.79
Stage2,Scenario27,Pij,49,-0.71
Stage2,Scenario27,Pij,5,0.0
Stage2,Scenario27,Pij,50,-1.36
Stage2,Scenario27,Pij,51,-0.040000000000000036
Stage2,Scenario27,Pij,52,-1.75
Stage2,Scenario27,Pij,53,0.0
Stage2,Scenario27,Pij,54,-4.0
Stage2,Scenario27,Pij,55,0.0
Stage2,Scenario27,Pij,56,-1.4805087798289056
Stage2,Scenario27,Pij,57,-2.5394912201710937
Stage2,Scenario27,Pij,58,-2.4205087798289053
Stage2,Scenario27,Pij,59,-3.06
Stage2,Scenario27,Pij,6,-1.185
Stage2,Scenario27,Pij,60,-0.5394912201710937
Stage2,Scenario27,Pij,61,0.0
Stage2,Scenario27,Pij,62,0.0
Stage2,Scenario27,Pij,63,-5.0
Stage2,Scenario27,Pij,64,0.0
Stage2,Scenario27,Pij,65,0.681
Stage2,Scenario27,Pij,66,0.0
Stage2,Scenario27,Pij,67,0.0
Stage2,Scenario27,Pij,68,-4.45
Stage2,Scenario27,Pij,69,0.0
Stage2,Scenario27,Pij,7,0.0
Stage2,Scenario27,Pij,70,-3.992674999999999
Stage2,Scenario27,Pij,71,-1.8023249999999997
Stage2,Scenario27,Pij,72,-1.9963374999999994
Stage2,Scenario27,Pij,73,-1.9963374999999994
Stage2,Scenario27,Pij,74,-0.905
Stage2,Scenario27,Pij,75,-0.905
Stage2,Scenario27,Pij,76,-1.545
Stage2,Scenario27,Pij,77,-1.545
Stage2,Scenario27,Pij,78,-1.1976750000000003
Stage2,Scenario27,Pij,79,0.42000000000000004
Stage2,Scenario27,Pij,8,1.040000000000001
Stage2,Scenario27,Pij,80,0.0
Stage2,Scenario27,Pij,81,0.0
Stage2,Scenario27,Pij,82,0.5717868338558022
Stage2,Scenario27,Pij,83,0.3782131661442017
Stage2,Scenario27,Pij,84,0.0
Stage2,Scenario27,Pij,85,-1.8000000000000025
Stage2,Scenario27,Pij,86,0.0
Stage2,Scenario27,Pij,87,0.0
Stage2,Scenario27,Pij,88,-0.9817868338557983
Stage2,Scenario27,Pij,89,0.6497868338557993
Stage2,Scenario27,Pij,9,-1.75
Stage2,Scenario27,Pij,90,0.0
Stage2,Scenario27,Pij,91,-0.05121316614420157
Stage2,Scenario27,Pij,92,-1.0119999999999842
Stage2,Scenario27,Pij,93,-0.7380000000000158
Stage2,Scenario27,Pij,94,0.0
Stage2,Scenario27,Pij,95,0.0
Stage2,Scenario27,Pij,96,-1.0119999999999842
Stage2,Scenario27,Pij,97,0.0
Stage2,Scenario27,Pij,98,0.0
Stage2,Scenario27,Pij,99,0.0
Stage2,Scenario27,bus_gen,0:0,0.2
Stage2,Scenario27,bus_gen,0:1,0.2
Stage2,Scenario27,bus_gen,0:113,0.259
Stage2,Scenario27,bus_gen,0:117,0.267
Stage2,Scenario27,bus_gen,0:118,0.262
Stage2,Scenario27,bus_gen,0:119,0.12200000000000089
Stage2,Scenario27,bus_gen,0:2,0.76
Stage2,Scenario27,bus_gen,0:3,0.76
Stage2,Scenario27,bus_gen,1:112,0.0
Stage2,Scenario27,bus_gen,1:114,0.0
Stage2,Scenario27,bus_gen,1:4,0.0799999999999983
Stage2,Scenario27,bus_gen,1:5,0.0799999999999983
Stage2,Scenario27,bus_gen,1:6,0.56
Stage2,Scenario27,bus_gen,1:7,0.56
Stage2,Scenario27,bus_gen,12:10,0.55
Stage2,Scenario27,bus_gen,12:109,0.0
Stage2,Scenario27,bus_gen,12:11,0.55
Stage2,Scenario27,bus_gen,12:12,0.55
Stage2,Scenario27,bus_gen,12:9,0.55
Stage2,Scenario27,bus_gen,13:72,0.0
Stage2,Scenario27,bus_gen,14:13,0.049999999999998934
Stage2,Scenario27,bus_gen,14:14,0.049999999999998934
Stage2,Scenario27,bus_gen,14:15,1.2500000000000002
Stage2,Scenario27,bus_gen,15:16,1.2500000000000002
Stage2,Scenario27,bus_gen,17:141,0.09300000000000001
Stage2,Scenario27,bus_gen,17:142,0.09699999999999999
Stage2,Scenario27,bus_gen,17:143,0.094
Stage2,Scenario27,bus_gen,17:144,0.091
Stage2,Scenario27,bus_gen,17:145,0.091
Stage2,Scenario27,bus_gen,17:146,0.09699999999999999
Stage2,Scenario27,bus_gen,17:148,0.11800000000000001
Stage2,Scenario27,bus_gen,17:149,0.11199999999999999
Stage2,Scenario27,bus_gen,17:150,0.10300000000000001
Stage2,Scenario27,bus_gen,17:151,0.04499999999999997
Stage2,Scenario27,bus_gen,17:17,1.9750000000000003
Stage2,Scenario27,bus_gen,18:121,0.6659999999999999
Stage2,Scenario27,bus_gen,2:120,0.615
Stage2,Scenario27,bus_gen,20:73,4.0
Stage2,Scenario27,bus_gen,21:156,1.6280000000000057
Stage2,Scenario27,bus_gen,21:74,0.0
Stage2,Scenario27,bus_gen,21:75,0.0
Stage2,Scenario27,bus_gen,21:76,0.0
Stage2,Scenario27,bus_gen,21:77,0.0
Stage2,Scenario27,bus_gen,21:78,0.0
Stage2,Scenario27,bus_gen,21:79,0.0
Stage2,Scenario27,bus_gen,22:18,0.6199999999999983
Stage2,Scenario27,bus_gen,22:19,1.3999999999999986
Stage2,Scenario27,bus_gen,22:20,0.55
Stage2,Scenario27,bus_gen,22:21,0.55
Stage2,Scenario27,bus_gen,22:22,0.55
Stage2,Scenario27,bus_gen,24:23,0.2
Stage2,Scenario27,bus_gen,24:24,0.2
Stage2,Scenario27,bus_gen,24:25,0.76
Stage2,Scenario27,bus_gen,24:80,0.5
Stage2,Scenario27,bus_gen,25:26,0.2
Stage2,Scenario27,bus_gen,25:27,0.2
Stage2,Scenario27,bus_gen,25:28,0.76
Stage2,Scenario27,bus_gen,25:29,0.76
Stage2,Scenario27,bus_gen,3:115,0.040000000000003366
Stage2,Scenario27,bus_gen,30:30,0.55
Stage2,Scenario27,bus_gen,30:31,0.55
Stage2,Scenario27,bus_gen,35:116,2.0
Stage2,Scenario27,bus_gen,36:152,0.132
Stage2,Scenario27,bus_gen,36:32,3.55
Stage2,Scenario27,bus_gen,36:33,0.55
Stage2,Scenario27,bus_gen,36:34,0.55
Stage2,Scenario27,bus_gen,37:81,0.0
Stage2,Scenario27,bus_gen,38:111,1.251
Stage2,Scenario27,bus_gen,38:35,0.55
Stage2,Scenario27,bus_gen,38:36,0.55
Stage2,Scenario27,bus_gen,38:82,0.5
Stage2,Scenario27,bus_gen,38:83,0.5
Stage2,Scenario27,bus_gen,38:84,0.5
Stage2,Scenario27,bus_gen,39:37,1.55
Stage2,Scenario27,bus_gen,41:38,3.33
Stage2,Scenario27,bus_gen,44:39,2.1139999999999985
Stage2,Scenario27,bus_gen,45:85,0.5
Stage2,Scenario27,bus_gen,45:86,0.5
Stage2,Scenario27,bus_gen,45:87,0.5
Stage2,Scenario27,bus_gen,45:88,0.5
Stage2,Scenario27,bus_gen,45:89,0.5
Stage2,Scenario27,bus_gen,45:90,0.5
Stage2,Scenario27,bus_gen,46:40,0.7699999999999984
Stage2,Scenario27,bus_gen,46:41,0.7699999999999984
Stage2,Scenario27,bus_gen,46:42,1.3999999999999986
Stage2,Scenario27,bus_gen,46:43,0.55
Stage2,Scenario27,bus_gen,46:44,0.55
Stage2,Scenario27,bus_gen,46:45,0.55
Stage2,Scenario27,bus_gen,48:46,0.2
Stage2,Scenario27,bus_gen,48:47,0.2
Stage2,Scenario27,bus_gen,48:48,0.55
Stage2,Scenario27,bus_gen,48:49,0.55
Stage2,Scenario27,bus_gen,49:50,0.2
Stage2,Scenario27,bus_gen,49:51,0.2
Stage2,Scenario27,bus_gen,49:52,0.55
Stage2,Scenario27,bus_gen,49:53,0.55
Stage2,Scenario27,bus_gen,50:155,0.0
Stage2,Scenario27,bus_gen,54:54,0.55
Stage2,Scenario27,bus_gen,54:55,0.55
Stage2,Scenario27,bus_gen,55:122,1.0090000000000001
Stage2,Scenario27,bus_gen,56:153,0.0
Stage2,Scenario27,bus_gen,57:103,0.517
Stage2,Scenario27,bus_gen,57:106,0.5159999999999999
Stage2,Scenario27,bus_gen,59:105,0.7380000000000158
Stage2,Scenario27,bus_gen,6:8,3.55
Stage2,Scenario27,bus_gen,60:102,0.0
Stage2,Scenario27,bus_gen,60:123,0.0
Stage2,Scenario27,bus_gen,60:124,0.0
Stage2,Scenario27,bus_gen,60:125,0.0
Stage2,Scenario27,bus_gen,60:126,0.0
Stage2,Scenario27,bus_gen,60:127,0.0
Stage2,Scenario27,bus_gen,60:128,0.0
Stage2,Scenario27,bus_gen,60:129,0.0
Stage2,Scenario27,bus_gen,60:130,0.0
Stage2,Scenario27,bus_gen,60:131,0.0
Stage2,Scenario27,bus_gen,60:132,0.0
Stage2,Scenario27,bus_gen,60:133,0.0
Stage2,Scenario27,bus_gen,60:134,0.0
Stage2,Scenario27,bus_gen,60:138,0.0
Stage2,Scenario27,bus_gen,60:157,0.0
Stage2,Scenario27,bus_gen,60:56,1.6999999999999984
Stage2,Scenario27,bus_gen,60:99,0.0
Stage2,Scenario27,bus_gen,61:100,0.0
Stage2,Scenario27,bus_gen,61:101,0.0
Stage2,Scenario27,bus_gen,61:91,0.0
Stage2,Scenario27,bus_gen,61:97,0.0
Stage2,Scenario27,bus_gen,61:98,0.0
Stage2,Scenario27,bus_gen,62:57,0.049999999999998934
Stage2,Scenario27,bus_gen,62:58,0.049999999999998934
Stage2,Scenario27,bus_gen,62:59,0.049999999999998934
Stage2,Scenario27,bus_gen,62:60,0.049999999999998934
Stage2,Scenario27,bus_gen,62:61,0.049999999999998934
Stage2,Scenario27,bus_gen,62:62,0.21999999999999886
Stage2,Scenario27,bus_gen,62:63,0.21999999999999886
Stage2,Scenario27,bus_gen,62:64,0.21999999999999886
Stage2,Scenario27,bus_gen,63:65,1.2500000000000002
Stage2,Scenario27,bus_gen,64:154,0.0
Stage2,Scenario27,bus_gen,65:66,3.33
Stage2,Scenario27,bus_gen,66:110,0.0
Stage2,Scenario27,bus_gen,67:135,0.273
Stage2,Scenario27,bus_gen,67:136,0.27
Stage2,Scenario27,bus_gen,67:137,0.28300000000000003
Stage2,Scenario27,bus_gen,67:139,0.27
Stage2,Scenario27,bus_gen,67:140,0.282
Stage2,Scenario27,bus_gen,67:147,0.094
Stage2,Scenario27,bus_gen,67:96,0.516
Stage2,Scenario27,bus_gen,68:67,1.6999999999999984
Stage2,Scenario27,bus_gen,69:68,0.21999999999999886
Stage2,Scenario27,bus_gen,69:69,0.21999999999999886
Stage2,Scenario27,bus_gen,69:92,0.5
Stage2,Scenario27,bus_gen,69:93,0.5
Stage2,Scenario27,bus_gen,69:94,0.0
Stage2,Scenario27,bus_gen,69:95,0.36000000000001364
Stage2,Scenario27,bus_gen,70:70,1.9069999999999985
Stage2,Scenario27,bus_gen,70:71,1.9069999999999985
Stage2,Scenario27,bus_gen,71:104,0.0
Stage2,Scenario27,bus_gen,71:107,0.0
Stage2,Scenario27,bus_gen,71:108,0.0
Stage2,Scenario27,cvar,None,27.4536842105263
Stage2,Scenario27,gen_curtailment,0:0,0.0
Stage2,Scenario27,gen_curtailment,0:1,0.0
Stage2,Scenario27,gen_curtailment,0:113,0.0
Stage2,Scenario27,gen_curtailment,0:117,0.0
Stage2,Scenario27,gen_curtailment,0:118,0.0
Stage2,Scenario27,gen_curtailment,0:119,0.0
Stage2,Scenario27,gen_curtailment,0:2,0.0
Stage2,Scenario27,gen_curtailment,0:3,0.0
Stage2,Scenario27,gen_curtailment,1:112,0.0
Stage2,Scenario27,gen_curtailment,1:114,0.0
Stage2,Scenario27,gen_curtailment,1:4,0.0
Stage2,Scenario27,gen_curtailment,1:5,0.0
Stage2,Scenario27,gen_curtailment,1:6,0.0
Stage2,Scenario27,gen_curtailment,1:7,0.0
Stage2,Scenario27,gen_curtailment,12:10,0.0
Stage2,Scenario27,gen_curtailment,12:109,0.0
Stage2,Scenario27,gen_curtailment,12:11,0.0
Stage2,Scenario27,gen_curtailment,12:12,0.0
Stage2,Scenario27,gen_curtailment,12:9,0.0
Stage2,Scenario27,gen_curtailment,13:72,0.0
Stage2,Scenario27,gen_curtailment,14:13,0.0
Stage2,Scenario27,gen_curtailment,14:14,0.0
Stage2,Scenario27,gen_curtailment,14:15,0.0
Stage2,Scenario27,gen_curtailment,15:16,0.0
Stage2,Scenario27,gen_curtailment,17:141,0.0
Stage2,Scenario27,gen_curtailment,17:142,0.0
Stage2,Scenario27,gen_curtailment,17:143,0.0
Stage2,Scenario27,gen_curtailment,17:144,0.0
Stage2,Scenario27,gen_curtailment,17:145,0.0
Stage2,Scenario27,gen_curtailment,17:146,0.0
Stage2,Scenario27,gen_curtailment,17:148,0.0
Stage2,Scenario27,gen_curtailment,17:149,0.0
Stage2,Scenario27,gen_curtailment,17:150,0.0
Stage2,Scenario27,gen_curtailment,17:151,0.0
Stage2,Scenario27,gen_curtailment,17:17,0.0
Stage2,Scenario27,gen_curtailment,18:121,0.0
Stage2,Scenario27,gen_curtailment,2:120,0.0
Stage2,Scenario27,gen_curtailment,20:73,0.0
Stage2,Scenario27,gen_curtailment,21:156,0.0
Stage2,Scenario27,gen_curtailment,21:74,0.0
Stage2,Scenario27,gen_curtailment,21:75,0.0
Stage2,Scenario27,gen_curtailment,21:76,0.0
Stage2,Scenario27,gen_curtailment,21:77,0.0
Stage2,Scenario27,gen_curtailment,21:78,0.0
Stage2,Scenario27,gen_curtailment,21:79,0.0
Stage2,Scenario27,gen_curtailment,22:18,0.0
Stage2,Scenario27,gen_curtailment,22:19,0.0
Stage2,Scenario27,gen_curtailment,22:20,0.0
Stage2,Scenario27,gen_curtailment,22:21,0.0
Stage2,Scenario27,gen_curtailment,22:22,0.0
Stage2,Scenario27,gen_curtailment,24:23,0.0
Stage2,Scenario27,gen_curtailment,24:24,0.0
Stage2,Scenario27,gen_curtailment,24:25,0.0
Stage2,Scenario27,gen_curtailment,24:80,0.0
Stage2,Scenario27,gen_curtailment,25:26,0.0
Stage2,Scenario27,gen_curtailment,25:27,0.0
Stage2,Scenario27,gen_curtailment,25:28,0.0
Stage2,Scenario27,gen_curtailment,25:29,0.0
Stage2,Scenario27,gen_curtailment,3:115,0.0
Stage2,Scenario27,gen_curtailment,30:30,0.0
Stage2,Scenario27,gen_curtailment,30:31,0.0
Stage2,Scenario27,gen_curtailment,35:116,0.0
Stage2,Scenario27,gen_curtailment,36:152,0.0
Stage2,Scenario27,gen_curtailment,36:32,0.0
Stage2,Scenario27,gen_curtailment,36:33,0.0
Stage2,Scenario27,gen_curtailment,36:34,0.0
Stage2,Scenario27,gen_curtailment,37:81,0.0
Stage2,Scenario27,gen_curtailment,38:111,0.0
Stage2,Scenario27,gen_curtailment,38:35,0.0
Stage2,Scenario27,gen_curtailment,38:36,0.0
Stage2,Scenario27,gen_curtailment,38:82,0.0
Stage2,Scenario27,gen_curtailment,38:83,0.0
Stage2,Scenario27,gen_curtailment,38:84,0.0
Stage2,Scenario27,gen_curtailment,39:37,0.0
Stage2,Scenario27,gen_curtailment,41:38,0.0
Stage2,Scenario27,gen_curtailment,44:39,0.0
Stage2,Scenario27,gen_curtailment,45:85,0.0
Stage2,Scenario27,gen_curtailment,45:86,0.0
Stage2,Scenario27,gen_curtailment,45:87,0.0
Stage2,Scenario27,gen_curtailment,45:88,0.0
Stage2,Scenario27,gen_curtailment,45:89,0.0
Stage2,Scenario27,gen_curtailment,45:90,0.0
Stage2,Scenario27,gen_curtailment,46:40,0.0
Stage2,Scenario27,gen_curtailment,46:41,0.0
Stage2,Scenario27,gen_curtailment,46:42,0.0
Stage2,Scenario27,gen_curtailment,46:43,0.0
Stage2,Scenario27,gen_curtailment,46:44,0.0
Stage2,Scenario27,gen_curtailment,46:45,0.0
Stage2,Scenario27,gen_curtailment,48:46,0.0
Stage2,Scenario27,gen_curtailment,48:47,0.0
Stage2,Scenario27,gen_curtailment,48:48,0.0
Stage2,Scenario27,gen_curtailment,48:49,0.0
Stage2,Scenario27,gen_curtailment,49:50,0.0
Stage2,Scenario27,gen_curtailment,49:51,0.0
Stage2,Scenario27,gen_curtailment,49:52,0.0
Stage2,Scenario27,gen_curtailment,49:53,0.0
Stage2,Scenario27,gen_curtailment,50:155,0.0
Stage2,Scenario27,gen_curtailment,54:54,0.0
Stage2,Scenario27,gen_curtailment,54:55,0.0
Stage2,Scenario27,gen_curtailment,55:122,0.0
Stage2,Scenario27,gen_curtailment,56:153,0.0
Stage2,Scenario27,gen_curtailment,57:103,0.0
Stage2,Scenario27,gen_curtailment,57:106,0.0
Stage2,Scenario27,gen_curtailment,59:105,0.0
Stage2,Scenario27,gen_curtailment,6:8,0.0
Stage2,Scenario27,gen_curtailment,60:102,0.0
Stage2,Scenario27,gen_curtailment,60:123,0.0
Stage2,Scenario27,gen_curtailment,60:124,0.0
Stage2,Scenario27,gen_curtailment,60:125,0.0
Stage2,Scenario27,gen_curtailment,60:126,0.0
Stage2,Scenario27,gen_curtailment,60:127,0.0
Stage2,Scenario27,gen_curtailment,60:128,0.0
Stage2,Scenario27,gen_curtailment,60:129,0.0
Stage2,Scenario27,gen_curtailment,60:130,0.0
Stage2,Scenario27,gen_curtailment,60:131,0.0
Stage2,Scenario27,gen_curtailment,60:132,0.0
Stage2,Scenario27,gen_curtailment,60:133,0.0
Stage2,Scenario27,gen_curtailment,60:134,0.0
Stage2,Scenario27,gen_curtailment,60:138,0.0
Stage2,Scenario27,gen_curtailment,60:157,0.0
Stage2,Scenario27,gen_curtailment,60:56,0.0
Stage2,Scenario27,gen_curtailment,60:99,0.0
Stage2,Scenario27,gen_curtailment,61:100,0.0
Stage2,Scenario27,gen_curtailment,61:101,0.0
Stage2,Scenario27,gen_curtailment,61:91,0.0
Stage2,Scenario27,gen_curtailment,61:97,0.0
Stage2,Scenario27,gen_curtailment,61:98,0.0
Stage2,Scenario27,gen_curtailment,62:57,0.0
Stage2,Scenario27,gen_curtailment,62:58,0.0
Stage2,Scenario27,gen_curtailment,62:59,0.0
Stage2,Scenario27,gen_curtailment,62:60,0.0
Stage2,Scenario27,gen_curtailment,62:61,0.0
Stage2,Scenario27,gen_curtailment,62:62,0.0
Stage2,Scenario27,gen_curtailment,62:63,0.0
Stage2,Scenario27,gen_curtailment,62:64,0.0
Stage2,Scenario27,gen_curtailment,63:65,0.0
Stage2,Scenario27,gen_curtailment,64:154,0.0
Stage2,Scenario27,gen_curtailment,65:66,0.0
Stage2,Scenario27,gen_curtailment,66:110,0.0
Stage2,Scenario27,gen_curtailment,67:135,0.0
Stage2,Scenario27,gen_curtailment,67:136,0.0
Stage2,Scenario27,gen_curtailment,67:137,0.0
Stage2,Scenario27,gen_curtailment,67:139,0.0
Stage2,Scenario27,gen_curtailment,67:140,0.0
Stage2,Scenario27,gen_curtailment,67:147,0.0
Stage2,Scenario27,gen_curtailment,67:96,0.0
Stage2,Scenario27,gen_curtailment,68:67,0.0
Stage2,Scenario27,gen_curtailment,69:68,0.0
Stage2,Scenario27,gen_curtailment,69:69,0.0
Stage2,Scenario27,gen_curtailment,69:92,0.0
Stage2,Scenario27,gen_curtailment,69:93,0.0
Stage2,Scenario27,gen_curtailment,69:94,0.0
Stage2,Scenario27,gen_curtailment,69:95,0.0
Stage2,Scenario27,gen_curtailment,70:70,0.0
Stage2,Scenario27,gen_curtailment,70:71,0.0
Stage2,Scenario27,gen_curtailment,71:104,0.0
Stage2,Scenario27,gen_curtailment,71:107,0.0
Stage2,Scenario27,gen_curtailment,71:108,0.0
Stage2,Scenario27,load_shed,0,0.0
Stage2,Scenario27,load_shed,1,0.0
Stage2,Scenario27,load_shed,10,0.0
Stage2,Scenario27,load_shed,11,0.0
Stage2,Scenario27,load_shed,12,0.0
Stage2,Scenario27,load_shed,13,0.0
Stage2,Scenario27,load_shed,14,0.0
Stage2,Scenario27,load_shed,15,0.0
Stage2,Scenario27,load_shed,16,0.0
Stage2,Scenario27,load_shed,17,0.0
Stage2,Scenario27,load_shed,18,0.0
Stage2,Scenario27,load_shed,19,0.0
Stage2,Scenario27,load_shed,2,0.0
Stage2,Scenario27,load_shed,20,0.0
Stage2,Scenario27,load_shed,21,0.0
Stage2,Scenario27,load_shed,22,0.0
Stage2,Scenario27,load_shed,23,0.0
Stage2,Scenario27,load_shed,24,0.0
Stage2,Scenario27,load_shed,25,0.0
Stage2,Scenario27,load_shed,26,0.050000000000000044
Stage2,Scenario27,load_shed,27,0.0
Stage2,Scenario27,load_shed,28,0.0
Stage2,Scenario27,load_shed,29,0.0
Stage2,Scenario27,load_shed,3,0.0
Stage2,Scenario27,load_shed,30,0.10999999999999988
Stage2,Scenario27,load_shed,31,0.0
Stage2,Scenario27,load_shed,32,0.45999999999999996
Stage2,Scenario27,load_shed,33,0.0
Stage2,Scenario27,load_shed,34,0.0
Stage2,Scenario27,load_shed,35,0.0
Stage2,Scenario27,load_shed,36,0.827999999999999
Stage2,Scenario27,load_shed,37,0.0
Stage2,Scenario27,load_shed,38,0.0
Stage2,Scenario27,load_shed,39,0.0
Stage2,Scenario27,load_shed,4,0.0
Stage2,Scenario27,load_shed,40,0.0
Stage2,Scenario27,load_shed,41,0.0
Stage2,Scenario27,load_shed,42,0.0
Stage2,Scenario27,load_shed,43,0.0
Stage2,Scenario27,load_shed,44,0.0
Stage2,Scenario27,load_shed,45,0.0
Stage2,Scenario27,load_shed,46,0.0
Stage2,Scenario27,load_shed,47,0.0
Stage2,Scenario27,load_shed,48,0.0
Stage2,Scenario27,load_shed,49,0.0
Stage2,Scenario27,load_shed,5,0.0
Stage2,Scenario27,load_shed,50,0.0
Stage2,Scenario27,load_shed,51,0.1682131661441978
Stage2,Scenario27,load_shed,52,0.71
Stage2,Scenario27,load_shed,53,0.0
Stage2,Scenario27,load_shed,54,0.7997868338558041
Stage2,Scenario27,load_shed,55,0.0
Stage2,Scenario27,load_shed,56,0.0
Stage2,Scenario27,load_shed,57,1.95
Stage2,Scenario27,load_shed,58,0.0
Stage2,Scenario27,load_shed,59,0.0
Stage2,Scenario27,load_shed,6,0.0
Stage2,Scenario27,load_shed,60,0.0
Stage2,Scenario27,load_shed,61,0.0
Stage2,Scenario27,load_shed,62,0.0
Stage2,Scenario27,load_shed,63,0.0
Stage2,Scenario27,load_shed,64,0.0
Stage2,Scenario27,load_shed,65,0.0
Stage2,Scenario27,load_shed,66,0.0
Stage2,Scenario27,load_shed,67,0.0
Stage2,Scenario27,load_shed,68,0.0
Stage2,Scenario27,load_shed,69,0.0
Stage2,Scenario27,load_shed,7,0.0
Stage2,Scenario27,load_shed,70,0.0
Stage2,Scenario27,load_shed,71,0.0
Stage2,Scenario27,load_shed,72,0.0
Stage2,Scenario27,load_shed,8,1.1600000000000001
Stage2,Scenario27,load_shed,9,0.0
Stage2,Scenario27,load_shed_value,None,6.236000000000001
Stage2,Scenario27,nu,None,0.0
Stage2,Scenario27,theta,0,0.035078400000000176
Stage2,Scenario27,theta,1,-0.3868216
Stage2,Scenario27,theta,10,6.045535307178514
Stage2,Scenario27,theta,11,0.021599999999999987
Stage2,Scenario27,theta,12,0.0
Stage2,Scenario27,theta,13,0.17479200000000022
Stage2,Scenario27,theta,14,0.3268050000000003
Stage2,Scenario27,theta,15,0.28925200000000023
Stage2,Scenario27,theta,16,0.49312200000000056
Stage2,Scenario27,theta,17,0.47033000000000047
Stage2,Scenario27,theta,18,0.27731500000000014
Stage2,Scenario27,theta,19,0.302315
Stage2,Scenario27,theta,2,0.1641519000000003
Stage2,Scenario27,theta,20,0.4545480000000004
Stage2,Scenario27,theta,21,0.6640620000000012
Stage2,Scenario27,theta,22,0.32326999999999995
Stage2,Scenario27,theta,23,0.2651850000000003
Stage2,Scenario27,theta,24,-0.17791000000000037
Stage2,Scenario27,theta,25,-0.18603000000000036
Stage2,Scenario27,theta,26,-0.6707500000000004
Stage2,Scenario27,theta,27,-0.38034000000000034
Stage2,Scenario27,theta,28,-0.3051281785682128
Stage2,Scenario27,theta,29,-0.32560817856821284
Stage2,Scenario27,theta,3,-0.4757215999999996
Stage2,Scenario27,theta,30,-0.7536900000000004
Stage2,Scenario27,theta,31,-0.7512500000000004
Stage2,Scenario27,theta,32,-0.46250000000000036
Stage2,Scenario27,theta,33,-0.2426481785682128
Stage2,Scenario27,theta,34,-0.1164200000000003
Stage2,Scenario27,theta,35,-0.026131157136425387
Stage2,Scenario27,theta,36,-0.00023557856821283807
Stage2,Scenario27,theta,37,0.012099999999999722
Stage2,Scenario27,theta,38,0.5639712249999996
Stage2,Scenario27,theta,39,0.3070999999999997
Stage2,Scenario27,theta,4,-0.1136715999999999
Stage2,Scenario27,theta,40,0.42279999999999973
Stage2,Scenario27,theta,41,0.47869744999999975
Stage2,Scenario27,theta,42,-5.681287307179586
Stage2,Scenario27,theta,43,-5.645087307179586
Stage2,Scenario27,theta,44,0.5306022249999996
Stage2,Scenario27,theta,45,0.6120441249999997
Stage2,Scenario27,theta,46,-5.611097307179586
Stage2,Scenario27,theta,47,-0.6707500000000004
Stage2,Scenario27,theta,48,-6.204688379279899
Stage2,Scenario27,theta,49,-6.210568379279899
Stage2,Scenario27,theta,5,-0.3119416
Stage2,Scenario27,theta,50,-6.283185307179586
Stage2,Scenario27,theta,51,-6.283185307179586
Stage2,Scenario27,theta,52,-6.223296310314383
Stage2,Scenario27,theta,53,-6.283185307179586
Stage2,Scenario27,theta,54,-6.192109485862972
Stage2,Scenario27,theta,55,-6.231746482728176
Stage2,Scenario27,theta,56,-6.133903547179581
Stage2,Scenario27,theta,57,-6.223296310314383
Stage2,Scenario27,theta,58,-6.046345307179582
Stage2,Scenario27,theta,59,-6.07005178717958
Stage2,Scenario27,theta,6,6.283185307179586
Stage2,Scenario27,theta,60,-5.997769307179583
Stage2,Scenario27,theta,61,-6.081557307179586
Stage2,Scenario27,theta,62,-6.036117307179585
Stage2,Scenario27,theta,63,-5.967097307179586
Stage2,Scenario27,theta,64,-5.837097307179586
Stage2,Scenario27,theta,65,-5.7670973071795855
Stage2,Scenario27,theta,66,-5.949847307179585
Stage2,Scenario27,theta,67,-5.847447307179585
Stage2,Scenario27,theta,68,-5.676097307179585
Stage2,Scenario27,theta,69,-5.5536973071795845
Stage2,Scenario27,theta,7,6.142885307178513
Stage2,Scenario27,theta,70,-5.827075307179585
Stage2,Scenario27,theta,71,-6.129717307179586
Stage2,Scenario27,theta,72,0.0
Stage2,Scenario27,theta,8,6.045535307178514
Stage2,Scenario27,theta,9,-0.20519159999999997
Stage2,Scenario27,xij,0,0.0
Stage2,Scenario27,xij,1,0.0
Stage2,Scenario27,xij,10,1.0
Stage2,Scenario27,xij,100,1.0
Stage2,Scenario27,xij,101,1.0
Stage2,Scenario27,xij,102,1.0
Stage2,Scenario27,xij,103,0.0
Stage2,Scenario27,xij,104,0.0
Stage2,Scenario27,xij,105,1.0
Stage2,Scenario27,xij,106,1.0
Stage2,Scenario27,xij,107,1.0
Stage2,Scenario27,xij,108,1.0
Stage2,Scenario27,xij,109,0.0
Stage2,Scenario27,xij,11,0.0
Stage2,Scenario27,xij,110,0.0
Stage2,Scenario27,xij,111,1.0
Stage2,Scenario27,xij,112,0.0
Stage2,Scenario27,xij,113,1.0
Stage2,Scenario27,xij,114,1.0
Stage2,Scenario27,xij,115,1.0
Stage2,Scenario27,xij,116,1.0
Stage2,Scenario27,xij,117,0.0
Stage2,Scenario27,xij,118,1.0
Stage2,Scenario27,xij,119,0.0
Stage2,Scenario27,xij,12,1.0
Stage2,Scenario27,xij,13,0.0
Stage2,Scenario27,xij,14,1.0
Stage2,Scenario27,xij,15,0.0
Stage2,Scenario27,xij,16,0.0
Stage2,Scenario27,xij,17,1.0
Stage2,Scenario27,xij,18,0.0
Stage2,Scenario27,xij,19,0.0
Stage2,Scenario27,xij,2,1.0
Stage2,Scenario27,xij,20,1.0
Stage2,Scenario27,xij,21,1.0
Stage2,Scenario27,xij,22,0.0
Stage2,Scenario27,xij,23,0.0
Stage2,Scenario27,xij,24,1.0
Stage2,Scenario27,xij,25,1.0
Stage2,Scenario27,xij,26,1.0
Stage2,Scenario27,xij,27,1.0
Stage2,Scenario27,xij,28,1.0
Stage2,Scenario27,xij,29,0.0
Stage2,Scenario27,xij,3,1.0
Stage2,Scenario27,xij,30,1.0
Stage2,Scenario27,xij,31,1.0
Stage2,Scenario27,xij,32,1.0
Stage2,Scenario27,xij,33,1.0
Stage2,Scenario27,xij,34,1.0
Stage2,Scenario27,xij,35,1.0
Stage2,Scenario27,xij,36,0.0
Stage2,Scenario27,xij,37,1.0
Stage2,Scenario27,xij,38,1.0
Stage2,Scenario27,xij,39,0.0
Stage2,Scenario27,xij,4,1.0
Stage2,Scenario27,xij,40,1.0
Stage2,Scenario27,xij,41,1.0
Stage2,Scenario27,xij,42,0.0
Stage2,Scenario27,xij,43,0.0
Stage2,Scenario27,xij,44,1.0
Stage2,Scenario27,xij,45,0.0
Stage2,Scenario27,xij,46,1.0
Stage2,Scenario27,xij,47,1.0
Stage2,Scenario27,xij,48,1.0
Stage2,Scenario27,xij,49,1.0
Stage2,Scenario27,xij,5,0.0
Stage2,Scenario27,xij,50,1.0
Stage2,Scenario27,xij,51,1.0
Stage2,Scenario27,xij,52,1.0
Stage2,Scenario27,xij,53,0.0
Stage2,Scenario27,xij,54,1.0
Stage2,Scenario27,xij,55,0.0
Stage2,Scenario27,xij,56,1.0
Stage2,Scenario27,xij,57,1.0
Stage2,Scenario27,xij,58,1.0
Stage2,Scenario27,xij,59,1.0
Stage2,Scenario27,xij,6,1.0
Stage2,Scenario27,xij,60,1.0
Stage2,Scenario27,xij,61,0.0
Stage2,Scenario27,xij,62,0.0
Stage2,Scenario27,xij,63,1.0
Stage2,Scenario27,xij,64,0.0
Stage2,Scenario27,xij,65,1.0
Stage2,Scenario27,xij,66,0.0
Stage2,Scenario27,xij,67,0.0
Stage2,Scenario27,xij,68,1.0
Stage2,Scenario27,xij,69,0.0
Stage2,Scenario27,xij,7,0.0
Stage2,Scenario27,xij,70,1.0
Stage2,Scenario27,xij,71,1.0
Stage2,Scenario27,xij,72,1.0
Stage2,Scenario27,xij,73,1.0
Stage2,Scenario27,xij,74,1.0
Stage2,Scenario27,xij,75,1.0
Stage2,Scenario27,xij,76,1.0
Stage2,Scenario27,xij,77,1.0
Stage2,Scenario27,xij,78,1.0
Stage2,Scenario27,xij,79,1.0
Stage2,Scenario27,xij,8,1.0
Stage2,Scenario27,xij,80,0.0
Stage2,Scenario27,xij,81,0.0
Stage2,Scenario27,xij,82,1.0
Stage2,Scenario27,xij,83,1.0
Stage2,Scenario27,xij,84,0.0
Stage2,Scenario27,xij,85,1.0
Stage2,Scenario27,xij,86,0.0
Stage2,Scenario27,xij,87,1.0
Stage2,Scenario27,xij,88,1.0
Stage2,Scenario27,xij,89,1.0
Stage2,Scenario27,xij,9,1.0
Stage2,Scenario27,xij,90,0.0
Stage2,Scenario27,xij,91,1.0
Stage2,Scenario27,xij,92,1.0
Stage2,Scenario27,xij,93,1.0
Stage2,Scenario27,xij,94,0.0
Stage2,Scenario27,xij,95,0.0
Stage2,Scenario27,xij,96,1.0
Stage2,Scenario27,xij,97,0.0
Stage2,Scenario27,xij,98,0.0
Stage2,Scenario27,xij,99,0.0
Stage2,Scenario28,Pij,0,0.0
Stage2,Scenario28,Pij,1,1.185
Stage2,Scenario28,Pij,10,2.2494112460704168
Stage2,Scenario28,Pij,100,-0.6762711864406725
Stage2,Scenario28,Pij,101,0.0
Stage2,Scenario28,Pij,102,0.0
Stage2,Scenario28,Pij,103,0.0
Stage2,Scenario28,Pij,104,0.0
Stage2,Scenario28,Pij,105,-2.2600000000000087
Stage2,Scenario28,Pij,106,0.0
Stage2,Scenario28,Pij,107,0.2500000000000002
Stage2,Scenario28,Pij,108,0.9368892361391977
Stage2,Scenario28,Pij,109,-0.9368892361391977
Stage2,Scenario28,Pij,11,-0.36341124607041664
Stage2,Scenario28,Pij,110,-1.5755667845713854
Stage2,Scenario28,Pij,111,-1.5755667845713854
Stage2,Scenario28,Pij,112,-0.7218644067796595
Stage2,Scenario28,Pij,113,-0.7218644067796595
Stage2,Scenario28,Pij,114,-1.3618644067796595
Stage2,Scenario28,Pij,115,-1.3618644067796595
Stage2,Scenario28,Pij,116,-1.0371335691427719
Stage2,Scenario28,Pij,117,0.0
Stage2,Scenario28,Pij,118,4.088022805281968
Stage2,Scenario28,Pij,119,0.0
Stage2,Scenario28,Pij,12,-0.16182945027385975
Stage2,Scenario28,Pij,13,0.7012406963442765
Stage2,Scenario28,Pij,14,-0.9248294502738597
Stage2,Scenario28,Pij,15,0.0
Stage2,Scenario28,Pij,16,-2.6087593036557233
Stage2,Scenario28,Pij,17,0.0
Stage2,Scenario28,Pij,18,-5.0
Stage2,Scenario28,Pij,19,1.4664112460704164
Stage2,Scenario28,Pij,2,0.7100000000000003
Stage2,Scenario28,Pij,20,0.0
Stage2,Scenario28,Pij,21,0.0
Stage2,Scenario28,Pij,22,-2.2394325806638777
Stage2,Scenario28,Pij,23,-2.398178978547658
Stage2,Scenario28,Pij,24,-0.4735887539295836
Stage2,Scenario28,Pij,25,0.0
Stage2,Scenario28,Pij,26,-0.9599999999999999
Stage2,Scenario28,Pij,27,-0.9599999999999999
Stage2,Scenario28,Pij,28,0.0
Stage2,Scenario28,Pij,29,0.0
Stage2,Scenario28,Pij,3,1.459
Stage2,Scenario28,Pij,30,0.0
Stage2,Scenario28,Pij,31,0.0
Stage2,Scenario28,Pij,32,0.0
Stage2,Scenario28,Pij,33,-1.3549999999999998
Stage2,Scenario28,Pij,34,0.0
Stage2,Scenario28,Pij,35,-1.1440000000000001
Stage2,Scenario28,Pij,36,0.0
Stage2,Scenario28,Pij,37,0.0
Stage2,Scenario28,Pij,38,-2.4240000000000004
Stage2,Scenario28,Pij,39,0.0
Stage2,Scenario28,Pij,4,0.0
Stage2,Scenario28,Pij,40,-0.29343258066388067
Stage2,Scenario28,Pij,41,-1.2834112460704203
Stage2,Scenario28,Pij,42,0.4134112460704167
Stage2,Scenario28,Pij,43,0.71
Stage2,Scenario28,Pij,44,0.0
Stage2,Scenario28,Pij,45,-0.33341124607042005
Stage2,Scenario28,Pij,46,-1.75
Stage2,Scenario28,Pij,47,0.0
Stage2,Scenario28,Pij,48,0.0
Stage2,Scenario28,Pij,49,0.0
Stage2,Scenario28,Pij,5,0.0
Stage2,Scenario28,Pij,50,-1.6934112460704203
Stage2,Scenario28,Pij,51,0.0
Stage2,Scenario28,Pij,52,0.0
Stage2,Scenario28,Pij,53,0.0
Stage2,Scenario28,Pij,54,0.0
Stage2,Scenario28,Pij,55,-3.5
Stage2,Scenario28,Pij,56,-0.8453884407884605
Stage2,Scenario28,Pij,57,-2.79802280528196
Stage2,Scenario28,Pij,58,-2.132
Stage2,Scenario28,Pij,59,1.2866115592115395
Stage2,Scenario28,Pij,6,0.0
Stage2,Scenario28,Pij,60,0.0
Stage2,Scenario28,Pij,61,-4.29802280528196
Stage2,Scenario28,Pij,62,0.0
Stage2,Scenario28,Pij,63,-0.6533884407884604
Stage2,Scenario28,Pij,64,0.10338844078845977
Stage2,Scenario28,Pij,65,-0.9102837096680589
Stage2,Scenario28,Pij,66,-0.9102837096680589
Stage2,Scenario28,Pij,67,0.0
Stage2,Scenario28,Pij,68,0.0
Stage2,Scenario28,Pij,69,0.0
Stage2,Scenario28,Pij,7,0.9870000000000001
Stage2,Scenario28,Pij,70,-0.29343258066388067
Stage2,Scenario28,Pij,71,0.0
Stage2,Scenario28,Pij,72,-0.14671629033194034
Stage2,Scenario28,Pij,73,-0.14671629033194034
Stage2,Scenario28,Pij,74,-0.905
Stage2,Scenario28,Pij,75,-0.905
Stage2,Scenario28,Pij,76,-1.545
Stage2,Scenario28,Pij,77,-1.545
Stage2,Scenario28,Pij,78,0.0
Stage2,Scenario28,Pij,79,0.20999999999999985
Stage2,Scenario28,Pij,8,0.0
Stage2,Scenario28,Pij,80,-0.6900000000000056
Stage2,Scenario28,Pij,81,0.0
Stage2,Scenario28,Pij,82,0.7400000000000001
Stage2,Scenario28,Pij,83,0.0
Stage2,Scenario28,Pij,84,0.2669999999999999
Stage2,Scenario28,Pij,85,2.2600000000000087
Stage2,Scenario28,Pij,86,0.0
Stage2,Scenario28,Pij,87,0.0
Stage2,Scenario28,Pij,88,0.0
Stage2,Scenario28,Pij,89,-0.14999999999999147
Stage2,Scenario28,Pij,9,-1.36
Stage2,Scenario28,Pij,90,0.0
Stage2,Scenario28,Pij,91,-0.8509999999999837
Stage2,Scenario28,Pij,92,0.0
Stage2,Scenario28,Pij,93,0.0
Stage2,Scenario28,Pij,94,0.0
Stage2,Scenario28,Pij,95,0.0
Stage2,Scenario28,Pij,96,0.0
Stage2,Scenario28,Pij,97,0.0
Stage2,Scenario28,Pij,98,0.0
Stage2,Scenario28,Pij,99,0.0
Stage2,Scenario28,bus_gen,0:0,0.2
Stage2,Scenario28,bus_gen,0:1,0.2
Stage2,Scenario28,bus_gen,0:113,0.259
Stage2,Scenario28,bus_gen,0:117,0.267
Stage2,Scenario28,bus_gen,0:118,0.262
Stage2,Scenario28,bus_gen,0:119,0.258
Stage2,Scenario28,bus_gen,0:2,0.76
Stage2,Scenario28,bus_gen,0:3,0.76
Stage2,Scenario28,bus_gen,1:112,0.256
Stage2,Scenario28,bus_gen,1:114,0.253
Stage2,Scenario28,bus_gen,1:4,0.2
Stage2,Scenario28,bus_gen,1:5,0.2
Stage2,Scenario28,bus_gen,1:6,0.76
Stage2,Scenario28,bus_gen,1:7,0.76
Stage2,Scenario28,bus_gen,12:10,0.55
Stage2,Scenario28,bus_gen,12:109,0.8123884407884634
Stage2,Scenario28,bus_gen,12:11,0.55
Stage2,Scenario28,bus_gen,12:12,0.55
Stage2,Scenario28,bus_gen,12:9,0.55
Stage2,Scenario28,bus_gen,13:72,0.0
Stage2,Scenario28,bus_gen,14:13,0.049999999999998934
Stage2,Scenario28,bus_gen,14:14,0.049999999999998934
Stage2,Scenario28,bus_gen,14:15,1.2500000000000002
Stage2,Scenario28,bus_gen,15:16,1.4735887539295836
Stage2,Scenario28,bus_gen,17:141,0.0
Stage2,Scenario28,bus_gen,17:142,0.0
Stage2,Scenario28,bus_gen,17:143,0.0
Stage2,Scenario28,bus_gen,17:144,0.0
Stage2,Scenario28,bus_gen,17:145,0.0
Stage2,Scenario28,bus_gen,17:146,0.0
Stage2,Scenario28,bus_gen,17:148,0.0
Stage2,Scenario28,bus_gen,17:149,0.0
Stage2,Scenario28,bus_gen,17:150,0.0
Stage2,Scenario28,bus_gen,17:151,0.0
Stage2,Scenario28,bus_gen,17:17,1.9750000000000003
Stage2,Scenario28,bus_gen,18:121,0.6659999999999999
Stage2,Scenario28,bus_gen,2:120,0.615
Stage2,Scenario28,bus_gen,20:73,3.96
Stage2,Scenario28,bus_gen,21:156,0.0
Stage2,Scenario28,bus_gen,21:74,0.0
Stage2,Scenario28,bus_gen,21:75,0.0
Stage2,Scenario28,bus_gen,21:76,0.0
Stage2,Scenario28,bus_gen,21:77,0.0
Stage2,Scenario28,bus_gen,21:78,0.0
Stage2,Scenario28,bus_gen,21:79,0.0
Stage2,Scenario28,bus_gen,22:18,0.9199999999999984
Stage2,Scenario28,bus_gen,22:19,1.7999999999999985
Stage2,Scenario28,bus_gen,22:20,0.55
Stage2,Scenario28,bus_gen,22:21,0.55
Stage2,Scenario28,bus_gen,22:22,0.55
Stage2,Scenario28,bus_gen,24:23,0.07999999999999828
Stage2,Scenario28,bus_gen,24:24,0.07999999999999828
Stage2,Scenario28,bus_gen,24:25,0.76
Stage2,Scenario28,bus_gen,24:80,0.0
Stage2,Scenario28,bus_gen,25:26,0.2
Stage2,Scenario28,bus_gen,25:27,0.2
Stage2,Scenario28,bus_gen,25:28,0.76
Stage2,Scenario28,bus_gen,25:29,0.76
Stage2,Scenario28,bus_gen,3:115,0.268
Stage2,Scenario28,bus_gen,30:30,0.55
Stage2,Scenario28,bus_gen,30:31,0.55
Stage2,Scenario28,bus_gen,35:116,2.0
Stage2,Scenario28,bus_gen,36:152,0.132
Stage2,Scenario28,bus_gen,36:32,3.55
Stage2,Scenario28,bus_gen,36:33,0.55
Stage2,Scenario28,bus_gen,36:34,0.55
Stage2,Scenario28,bus_gen,37:81,0.0
Stage2,Scenario28,bus_gen,38:111,1.251
Stage2,Scenario28,bus_gen,38:35,0.55
Stage2,Scenario28,bus_gen,38:36,0.55
Stage2,Scenario28,bus_gen,38:82,0.5
Stage2,Scenario28,bus_gen,38:83,0.5
Stage2,Scenario28,bus_gen,38:84,0.5
Stage2,Scenario28,bus_gen,39:37,1.5500000000000005
Stage2,Scenario28,bus_gen,41:38,3.3299999999999996
Stage2,Scenario28,bus_gen,44:39,2.1139999999999985
Stage2,Scenario28,bus_gen,45:85,0.0
Stage2,Scenario28,bus_gen,45:86,0.0
Stage2,Scenario28,bus_gen,45:87,0.0
Stage2,Scenario28,bus_gen,45:88,0.0
Stage2,Scenario28,bus_gen,45:89,0.0
Stage2,Scenario28,bus_gen,45:90,0.0
Stage2,Scenario28,bus_gen,46:40,0.6199999999999983
Stage2,Scenario28,bus_gen,46:41,0.6199999999999983
Stage2,Scenario28,bus_gen,46:42,1.3999999999999986
Stage2,Scenario28,bus_gen,46:43,0.21999999999999884
Stage2,Scenario28,bus_gen,46:44,0.21999999999999884
Stage2,Scenario28,bus_gen,46:45,0.21999999999999884
Stage2,Scenario28,bus_gen,48:46,0.07999999999999828
Stage2,Scenario28,bus_gen,48:47,0.07999999999999828
Stage2,Scenario28,bus_gen,48:48,0.21999999999999884
Stage2,Scenario28,bus_gen,48:49,0.21999999999999884
Stage2,Scenario28,bus_gen,49:50,0.2
Stage2,Scenario28,bus_gen,49:51,0.2
Stage2,Scenario28,bus_gen,49:52,0.55
Stage2,Scenario28,bus_gen,49:53,0.55
Stage2,Scenario28,bus_gen,50:155,5.017000000000015
Stage2,Scenario28,bus_gen,54:54,0.55
Stage2,Scenario28,bus_gen,54:55,0.55
Stage2,Scenario28,bus_gen,55:122,1.0090000000000001
Stage2,Scenario28,bus_gen,56:153,1.4830000000000003
Stage2,Scenario28,bus_gen,57:103,0.517
Stage2,Scenario28,bus_gen,57:106,0.5159999999999999
Stage2,Scenario28,bus_gen,59:105,0.0
Stage2,Scenario28,bus_gen,6:8,3.136
Stage2,Scenario28,bus_gen,60:102,0.0
Stage2,Scenario28,bus_gen,60:123,0.0
Stage2,Scenario28,bus_gen,60:124,0.0
Stage2,Scenario28,bus_gen,60:125,0.0
Stage2,Scenario28,bus_gen,60:126,0.0
Stage2,Scenario28,bus_gen,60:127,0.0
Stage2,Scenario28,bus_gen,60:128,0.0
Stage2,Scenario28,bus_gen,60:129,0.0
Stage2,Scenario28,bus_gen,60:130,0.0
Stage2,Scenario28,bus_gen,60:131,0.0
Stage2,Scenario28,bus_gen,60:132,0.0
Stage2,Scenario28,bus_gen,60:133,0.2737288135593303
Stage2,Scenario28,bus_gen,60:134,0.0
Stage2,Scenario28,bus_gen,60:138,0.0
Stage2,Scenario28,bus_gen,60:157,0.0
Stage2,Scenario28,bus_gen,60:56,1.6999999999999984
Stage2,Scenario28,bus_gen,60:99,0.0
Stage2,Scenario28,bus_gen,61:100,0.9269999999999999
Stage2,Scenario28,bus_gen,61:101,0.516
Stage2,Scenario28,bus_gen,61:91,0.0
Stage2,Scenario28,bus_gen,61:97,0.0
Stage2,Scenario28,bus_gen,61:98,0.4969999999999999
Stage2,Scenario28,bus_gen,62:57,0.049999999999998934
Stage2,Scenario28,bus_gen,62:58,0.049999999999998934
Stage2,Scenario28,bus_gen,62:59,0.049999999999998934
Stage2,Scenario28,bus_gen,62:60,0.049999999999998934
Stage2,Scenario28,bus_gen,62:61,0.049999999999998934
Stage2,Scenario28,bus_gen,62:62,0.21999999999999884
Stage2,Scenario28,bus_gen,62:63,0.21999999999999884
Stage2,Scenario28,bus_gen,62:64,0.21999999999999884
Stage2,Scenario28,bus_gen,63:65,1.2500000000000002
Stage2,Scenario28,bus_gen,64:154,0.0
Stage2,Scenario28,bus_gen,65:66,3.3299999999999996
Stage2,Scenario28,bus_gen,66:110,0.11627118644068092
Stage2,Scenario28,bus_gen,67:135,0.0
Stage2,Scenario28,bus_gen,67:136,0.0
Stage2,Scenario28,bus_gen,67:137,0.0
Stage2,Scenario28,bus_gen,67:139,0.0
Stage2,Scenario28,bus_gen,67:140,0.0
Stage2,Scenario28,bus_gen,67:147,0.0
Stage2,Scenario28,bus_gen,67:96,0.0
Stage2,Scenario28,bus_gen,68:67,2.1139999999999985
Stage2,Scenario28,bus_gen,69:68,0.21999999999999884
Stage2,Scenario28,bus_gen,69:69,0.21999999999999884
Stage2,Scenario28,bus_gen,69:92,0.5
Stage2,Scenario28,bus_gen,69:93,0.03402280528197199
Stage2,Scenario28,bus_gen,69:94,0.5
Stage2,Scenario28,bus_gen,69:95,0.5
Stage2,Scenario28,bus_gen,70:70,1.6999999999999984
Stage2,Scenario28,bus_gen,70:71,1.6999999999999984
Stage2,Scenario28,bus_gen,71:104,0.0
Stage2,Scenario28,bus_gen,71:107,0.0
Stage2,Scenario28,bus_gen,71:108,0.0
Stage2,Scenario28,cvar,None,27.4536842105263
Stage2,Scenario28,gen_curtailment,0:0,0.0
Stage2,Scenario28,gen_curtailment,0:1,0.0
Stage2,Scenario28,gen_curtailment,0:113,0.0
Stage2,Scenario28,gen_curtailment,0:117,0.0
Stage2,Scenario28,gen_curtailment,0:118,0.0
Stage2,Scenario28,gen_curtailment,0:119,0.0
Stage2,Scenario28,gen_curtailment,0:2,0.0
Stage2,Scenario28,gen_curtailment,0:3,0.0
Stage2,Scenario28,gen_curtailment,1:112,0.0
Stage2,Scenario28,gen_curtailment,1:114,0.0
Stage2,Scenario28,gen_curtailment,1:4,0.0
Stage2,Scenario28,gen_curtailment,1:5,0.0
Stage2,Scenario28,gen_curtailment,1:6,0.0
Stage2,Scenario28,gen_curtailment,1:7,0.0
Stage2,Scenario28,gen_curtailment,12:10,0.0
Stage2,Scenario28,gen_curtailment,12:109,0.0
Stage2,Scenario28,gen_curtailment,12:11,0.0
Stage2,Scenario28,gen_curtailment,12:12,0.0
Stage2,Scenario28,gen_curtailment,12:9,0.0
Stage2,Scenario28,gen_curtailment,13:72,0.0
Stage2,Scenario28,gen_curtailment,14:13,0.049999999999998934
Stage2,Scenario28,gen_curtailment,14:14,0.049999999999998934
Stage2,Scenario28,gen_curtailment,14:15,0.0
Stage2,Scenario28,gen_curtailment,15:16,0.0
Stage2,Scenario28,gen_curtailment,17:141,0.0
Stage2,Scenario28,gen_curtailment,17:142,0.0
Stage2,Scenario28,gen_curtailment,17:143,0.0
Stage2,Scenario28,gen_curtailment,17:144,0.0
Stage2,Scenario28,gen_curtailment,17:145,0.0
Stage2,Scenario28,gen_curtailment,17:146,0.0
Stage2,Scenario28,gen_curtailment,17:148,0.0
Stage2,Scenario28,gen_curtailment,17:149,0.0
Stage2,Scenario28,gen_curtailment,17:150,0.0
Stage2,Scenario28,gen_curtailment,17:151,0.0
Stage2,Scenario28,gen_curtailment,17:17,0.0
Stage2,Scenario28,gen_curtailment,18:121,0.0
Stage2,Scenario28,gen_curtailment,2:120,0.0
Stage2,Scenario28,gen_curtailment,20:73,0.6850000000000003
Stage2,Scenario28,gen_curtailment,21:156,0.0
Stage2,Scenario28,gen_curtailment,21:74,0.0
Stage2,Scenario28,gen_curtailment,21:75,0.0
Stage2,Scenario28,gen_curtailment,21:76,0.0
Stage2,Scenario28,gen_curtailment,21:77,0.0
Stage2,Scenario28,gen_curtailment,21:78,0.0
Stage2,Scenario28,gen_curtailment,21:79,0.0
Stage2,Scenario28,gen_curtailment,22:18,0.0
Stage2,Scenario28,gen_curtailment,22:19,0.0
Stage2,Scenario28,gen_curtailment,22:20,0.0
Stage2,Scenario28,gen_curtailment,22:21,0.0
Stage2,Scenario28,gen_curtailment,22:22,0.0
Stage2,Scenario28,gen_curtailment,24:23,0.0
Stage2,Scenario28,gen_curtailment,24:24,0.0
Stage2,Scenario28,gen_curtailment,24:25,0.0
Stage2,Scenario28,gen_curtailment,24:80,0.0
Stage2,Scenario28,gen_curtailment,25:26,0.0
Stage2,Scenario28,gen_curtailment,25:27,0.0
Stage2,Scenario28,gen_curtailment,25:28,0.0
Stage2,Scenario28,gen_curtailment,25:29,0.0
Stage2,Scenario28,gen_curtailment,3:115,0.0
Stage2,Scenario28,gen_curtailment,30:30,0.0
Stage2,Scenario28,gen_curtailment,30:31,0.0
Stage2,Scenario28,gen_curtailment,35:116,0.0
Stage2,Scenario28,gen_curtailment,36:152,0.0
Stage2,Scenario28,gen_curtailment,36:32,0.0
Stage2,Scenario28,gen_curtailment,36:33,0.0
Stage2,Scenario28,gen_curtailment,36:34,0.0
Stage2,Scenario28,gen_curtailment,37:81,0.0
Stage2,Scenario28,gen_curtailment,38:111,0.0
Stage2,Scenario28,gen_curtailment,38:35,0.0
Stage2,Scenario28,gen_curtailment,38:36,0.0
Stage2,Scenario28,gen_curtailment,38:82,0.0
Stage2,Scenario28,gen_curtailment,38:83,0.0
Stage2,Scenario28,gen_curtailment,38:84,0.0
Stage2,Scenario28,gen_curtailment,39:37,0.0
Stage2,Scenario28,gen_curtailment,41:38,0.0
Stage2,Scenario28,gen_curtailment,44:39,0.0
Stage2,Scenario28,gen_curtailment,45:85,0.0
Stage2,Scenario28,gen_curtailment,45:86,0.0
Stage2,Scenario28,gen_curtailment,45:87,0.0
Stage2,Scenario28,gen_curtailment,45:88,0.0
Stage2,Scenario28,gen_curtailment,45:89,0.0
Stage2,Scenario28,gen_curtailment,45:90,0.0
Stage2,Scenario28,gen_curtailment,46:40,0.0
Stage2,Scenario28,gen_curtailment,46:41,0.0
Stage2,Scenario28,gen_curtailment,46:42,0.0
Stage2,Scenario28,gen_curtailment,46:43,0.0
Stage2,Scenario28,gen_curtailment,46:44,0.0
Stage2,Scenario28,gen_curtailment,46:45,0.0
Stage2,Scenario28,gen_curtailment,48:46,0.0
Stage2,Scenario28,gen_curtailment,48:47,0.0
Stage2,Scenario28,gen_curtailment,48:48,0.0
Stage2,Scenario28,gen_curtailment,48:49,0.0
Stage2,Scenario28,gen_curtailment,49:50,0.0
Stage2,Scenario28,gen_curtailment,49:51,0.0
Stage2,Scenario28,gen_curtailment,49:52,0.0
Stage2,Scenario28,gen_curtailment,49:53,0.0
Stage2,Scenario28,gen_curtailment,50:155,0.0
Stage2,Scenario28,gen_curtailment,54:54,0.0
Stage2,Scenario28,gen_curtailment,54:55,0.0
Stage2,Scenario28,gen_curtailment,55:122,0.0
Stage2,Scenario28,gen_curtailment,56:153,0.0
Stage2,Scenario28,gen_curtailment,57:103,0.0
Stage2,Scenario28,gen_curtailment,57:106,0.0
Stage2,Scenario28,gen_curtailment,59:105,0.0
Stage2,Scenario28,gen_curtailment,6:8,0.0
Stage2,Scenario28,gen_curtailment,60:102,0.0
Stage2,Scenario28,gen_curtailment,60:123,0.0
Stage2,Scenario28,gen_curtailment,60:124,0.0
Stage2,Scenario28,gen_curtailment,60:125,0.0
Stage2,Scenario28,gen_curtailment,60:126,0.0
Stage2,Scenario28,gen_curtailment,60:127,0.0
Stage2,Scenario28,gen_curtailment,60:128,0.0
Stage2,Scenario28,gen_curtailment,60:129,0.0
Stage2,Scenario28,gen_curtailment,60:130,0.0
Stage2,Scenario28,gen_curtailment,60:131,0.0
Stage2,Scenario28,gen_curtailment,60:132,0.0
Stage2,Scenario28,gen_curtailment,60:133,0.0
Stage2,Scenario28,gen_curtailment,60:134,0.0
Stage2,Scenario28,gen_curtailment,60:138,0.0
Stage2,Scenario28,gen_curtailment,60:157,0.0
Stage2,Scenario28,gen_curtailment,60:56,0.0
Stage2,Scenario28,gen_curtailment,60:99,0.0
Stage2,Scenario28,gen_curtailment,61:100,0.0
Stage2,Scenario28,gen_curtailment,61:101,0.0
Stage2,Scenario28,gen_curtailment,61:91,0.0
Stage2,Scenario28,gen_curtailment,61:97,0.0
Stage2,Scenario28,gen_curtailment,61:98,0.0
Stage2,Scenario28,gen_curtailment,62:57,0.0
Stage2,Scenario28,gen_curtailment,62:58,0.0
Stage2,Scenario28,gen_curtailment,62:59,0.0
Stage2,Scenario28,gen_curtailment,62:60,0.0
Stage2,Scenario28,gen_curtailment,62:61,0.0
Stage2,Scenario28,gen_curtailment,62:62,0.0
Stage2,Scenario28,gen_curtailment,62:63,0.0
Stage2,Scenario28,gen_curtailment,62:64,0.0
Stage2,Scenario28,gen_curtailment,63:65,0.0
Stage2,Scenario28,gen_curtailment,64:154,0.0
Stage2,Scenario28,gen_curtailment,65:66,0.0
Stage2,Scenario28,gen_curtailment,66:110,0.0
Stage2,Scenario28,gen_curtailment,67:135,0.0
Stage2,Scenario28,gen_curtailment,67:136,0.0
Stage2,Scenario28,gen_curtailment,67:137,0.0
Stage2,Scenario28,gen_curtailment,67:139,0.0
Stage2,Scenario28,gen_curtailment,67:140,0.0
Stage2,Scenario28,gen_curtailment,67:147,0.0
Stage2,Scenario28,gen_curtailment,67:96,0.0
Stage2,Scenario28,gen_curtailment,68:67,0.0
Stage2,Scenario28,gen_curtailment,69:68,0.0
Stage2,Scenario28,gen_curtailment,69:69,0.0
Stage2,Scenario28,gen_curtailment,69:92,0.0
Stage2,Scenario28,gen_curtailment,69:93,0.0
Stage2,Scenario28,gen_curtailment,69:94,0.0
Stage2,Scenario28,gen_curtailment,69:95,0.0
Stage2,Scenario28,gen_curtailment,70:70,0.0
Stage2,Scenario28,gen_curtailment,70:71,0.0
Stage2,Scenario28,gen_curtailment,71:104,0.0
Stage2,Scenario28,gen_curtailment,71:107,0.0
Stage2,Scenario28,gen_curtailment,71:108,0.0
Stage2,Scenario28,load_shed,0,0.009000000000000341
Stage2,Scenario28,load_shed,1,0.0
Stage2,Scenario28,load_shed,10,0.0
Stage2,Scenario28,load_shed,11,0.0
Stage2,Scenario28,load_shed,12,0.0
Stage2,Scenario28,load_shed,13,0.0
Stage2,Scenario28,load_shed,14,0.0
Stage2,Scenario28,load_shed,15,0.0
Stage2,Scenario28,load_shed,16,0.0
Stage2,Scenario28,load_shed,17,0.0
Stage2,Scenario28,load_shed,18,0.0
Stage2,Scenario28,load_shed,19,0.0
Stage2,Scenario28,load_shed,2,0.0
Stage2,Scenario28,load_shed,20,0.0
Stage2,Scenario28,load_shed,21,0.0
Stage2,Scenario28,load_shed,22,0.0
Stage2,Scenario28,load_shed,23,0.0
Stage2,Scenario28,load_shed,24,0.0
Stage2,Scenario28,load_shed,25,0.0
Stage2,Scenario28,load_shed,26,0.0
Stage2,Scenario28,load_shed,27,0.7400000000000001
Stage2,Scenario28,load_shed,28,0.0
Stage2,Scenario28,load_shed,29,0.0
Stage2,Scenario28,load_shed,3,0.0
Stage2,Scenario28,load_shed,30,0.1499999999999999
Stage2,Scenario28,load_shed,31,1.71
Stage2,Scenario28,load_shed,32,0.0
Stage2,Scenario28,load_shed,33,0.0
Stage2,Scenario28,load_shed,34,0.0
Stage2,Scenario28,load_shed,35,0.0
Stage2,Scenario28,load_shed,36,0.0
Stage2,Scenario28,load_shed,37,0.0
Stage2,Scenario28,load_shed,38,0.0
Stage2,Scenario28,load_shed,39,0.0
Stage2,Scenario28,load_shed,4,0.0
Stage2,Scenario28,load_shed,40,0.0
Stage2,Scenario28,load_shed,41,0.0
Stage2,Scenario28,load_shed,42,0.0
Stage2,Scenario28,load_shed,43,0.0
Stage2,Scenario28,load_shed,44,0.0
Stage2,Scenario28,load_shed,45,0.0
Stage2,Scenario28,load_shed,46,0.0
Stage2,Scenario28,load_shed,47,0.0
Stage2,Scenario28,load_shed,48,0.0
Stage2,Scenario28,load_shed,49,0.0
Stage2,Scenario28,load_shed,5,0.0
Stage2,Scenario28,load_shed,50,0.0
Stage2,Scenario28,load_shed,51,0.0
Stage2,Scenario28,load_shed,52,0.7100000000000001
Stage2,Scenario28,load_shed,53,1.36
Stage2,Scenario28,load_shed,54,0.0
Stage2,Scenario28,load_shed,55,0.0
Stage2,Scenario28,load_shed,56,0.0
Stage2,Scenario28,load_shed,57,1.7679999999999836
Stage2,Scenario28,load_shed,58,0.0
Stage2,Scenario28,load_shed,59,0.0
Stage2,Scenario28,load_shed,6,0.0
Stage2,Scenario28,load_shed,60,0.0
Stage2,Scenario28,load_shed,61,0.0
Stage2,Scenario28,load_shed,62,0.0
Stage2,Scenario28,load_shed,63,0.0
Stage2,Scenario28,load_shed,64,0.0
Stage2,Scenario28,load_shed,65,0.0
Stage2,Scenario28,load_shed,66,0.0
Stage2,Scenario28,load_shed,67,0.0
Stage2,Scenario28,load_shed,68,0.0
Stage2,Scenario28,load_shed,69,0.0
Stage2,Scenario28,load_shed,7,0.0
Stage2,Scenario28,load_shed,70,0.0
Stage2,Scenario28,load_shed,71,0.0
Stage2,Scenario28,load_shed,72,0.0
Stage2,Scenario28,load_shed,8,0.0
Stage2,Scenario28,load_shed,9,0.0
Stage2,Scenario28,load_shed_value,None,6.446999999999984
Stage2,Scenario28,nu,None,0.0
Stage2,Scenario28,theta,0,-6.033150307179586
Stage2,Scenario28,theta,1,-0.03207524403769431
Stage2,Scenario28,theta,10,-0.24
Stage2,Scenario28,theta,11,1.8643200001670799
Stage2,Scenario28,theta,12,0.0
Stage2,Scenario28,theta,13,-0.30158927233495747
Stage2,Scenario28,theta,14,-6.283185307179586
Stage2,Scenario28,theta,15,-0.273647535853112
Stage2,Scenario28,theta,16,-6.236145307179586
Stage2,Scenario28,theta,17,-6.2713753071795875
Stage2,Scenario28,theta,18,0.09574263451775732
Stage2,Scenario28,theta,19,0.14150263451775733
Stage2,Scenario28,theta,2,-6.283185307179586
Stage2,Scenario28,theta,20,-6.236145307179586
Stage2,Scenario28,theta,21,-6.236145307179586
Stage2,Scenario28,theta,22,0.19483063451775734
Stage2,Scenario28,theta,23,-6.283185307179586
Stage2,Scenario28,theta,24,-0.06376503378439025
Stage2,Scenario28,theta,25,-0.04579727633940437
Stage2,Scenario28,theta,26,-0.15099480670524812
Stage2,Scenario28,theta,27,-3.748580000394508
Stage2,Scenario28,theta,28,-0.12411503378439025
Stage2,Scenario28,theta,29,0.018217682906116292
Stage2,Scenario28,theta,3,-0.21736824403769434
Stage2,Scenario28,theta,30,-6.283185307179586
Stage2,Scenario28,theta,31,-6.283185307179586
Stage2,Scenario28,theta,32,0.05725519329475187
Stage2,Scenario28,theta,33,0.12151576891641194
Stage2,Scenario28,theta,34,0.19359358737803609
Stage2,Scenario28,theta,35,0.36007519329475185
Stage2,Scenario28,theta,36,0.2959295873780361
Stage2,Scenario28,theta,37,0.1395559018911514
Stage2,Scenario28,theta,38,0.17986342339107436
Stage2,Scenario28,theta,39,0.17810581989767052
Stage2,Scenario28,theta,4,-6.0935003071795855
Stage2,Scenario28,theta,40,0.21654464548688454
Stage2,Scenario28,theta,41,0.22065270161617884
Stage2,Scenario28,theta,42,0.706793405407102
Stage2,Scenario28,theta,43,0.7429934054071019
Stage2,Scenario28,theta,44,0.22446732516480924
Stage2,Scenario28,theta,45,0.0
Stage2,Scenario28,theta,46,0.7769834054071021
Stage2,Scenario28,theta,47,0.17986342339107436
Stage2,Scenario28,theta,48,-6.118567707179586
Stage2,Scenario28,theta,49,-6.121507707179585
Stage2,Scenario28,theta,5,-0.5453828182296869
Stage2,Scenario28,theta,50,-5.972977707179584
Stage2,Scenario28,theta,51,-6.2154877071795855
Stage2,Scenario28,theta,52,-6.283185307179586
Stage2,Scenario28,theta,53,6.283185307179586
Stage2,Scenario28,theta,54,6.133620307179589
Stage2,Scenario28,theta,55,6.142770307179589
Stage2,Scenario28,theta,56,-6.004750707179585
Stage2,Scenario28,theta,57,6.283185307179586
Stage2,Scenario28,theta,58,6.283185307179586
Stage2,Scenario28,theta,59,-6.283185307179586
Stage2,Scenario28,theta,6,-0.20950401732258578
Stage2,Scenario28,theta,60,-6.283185307179586
Stage2,Scenario28,theta,61,6.283185307179586
Stage2,Scenario28,theta,62,-6.283185307179586
Stage2,Scenario28,theta,63,-6.277435307179586
Stage2,Scenario28,theta,64,1.2152542264623756
Stage2,Scenario28,theta,65,1.2021377771564268
Stage2,Scenario28,theta,66,-6.283185307179586
Stage2,Scenario28,theta,67,-6.254310730908401
Stage2,Scenario28,theta,68,1.243102513555283
Stage2,Scenario28,theta,69,1.3136275962569914
Stage2,Scenario28,theta,7,-0.3467181033328812
Stage2,Scenario28,theta,70,-6.224349713959247
Stage2,Scenario28,theta,71,-6.165665307179586
Stage2,Scenario28,theta,72,0.0
Stage2,Scenario28,theta,8,-0.3200162440376943
Stage2,Scenario28,theta,9,-0.46242281822968695
Stage2,Scenario28,xij,0,0.0
Stage2,Scenario28,xij,1,1.0
Stage2,Scenario28,xij,10,1.0
Stage2,Scenario28,xij,100,1.0
Stage2,Scenario28,xij,101,0.0
Stage2,Scenario28,xij,102,0.0
Stage2,Scenario28,xij,103,0.0
Stage2,Scenario28,xij,104,0.0
Stage2,Scenario28,xij,105,1.0
Stage2,Scenario28,xij,106,0.0
Stage2,Scenario28,xij,107,1.0
Stage2,Scenario28,xij,108,1.0
Stage2,Scenario28,xij,109,1.0
Stage2,Scenario28,xij,11,1.0
Stage2,Scenario28,xij,110,1.0
Stage2,Scenario28,xij,111,1.0
Stage2,Scenario28,xij,112,1.0
Stage2,Scenario28,xij,113,1.0
Stage2,Scenario28,xij,114,1.0
Stage2,Scenario28,xij,115,1.0
Stage2,Scenario28,xij,116,1.0
Stage2,Scenario28,xij,117,0.0
Stage2,Scenario28,xij,118,1.0
Stage2,Scenario28,xij,119,0.0
Stage2,Scenario28,xij,12,1.0
Stage2,Scenario28,xij,13,1.0
Stage2,Scenario28,xij,14,1.0
Stage2,Scenario28,xij,15,0.0
Stage2,Scenario28,xij,16,1.0
Stage2,Scenario28,xij,17,0.0
Stage2,Scenario28,xij,18,1.0
Stage2,Scenario28,xij,19,1.0
Stage2,Scenario28,xij,2,1.0
Stage2,Scenario28,xij,20,0.0
Stage2,Scenario28,xij,21,0.0
Stage2,Scenario28,xij,22,1.0
Stage2,Scenario28,xij,23,1.0
Stage2,Scenario28,xij,24,1.0
Stage2,Scenario28,xij,25,0.0
Stage2,Scenario28,xij,26,1.0
Stage2,Scenario28,xij,27,1.0
Stage2,Scenario28,xij,28,0.0
Stage2,Scenario28,xij,29,0.0
Stage2,Scenario28,xij,3,1.0
Stage2,Scenario28,xij,30,0.0
Stage2,Scenario28,xij,31,0.0
Stage2,Scenario28,xij,32,1.0
Stage2,Scenario28,xij,33,1.0
Stage2,Scenario28,xij,34,0.0
Stage2,Scenario28,xij,35,1.0
Stage2,Scenario28,xij,36,0.0
Stage2,Scenario28,xij,37,0.0
Stage2,Scenario28,xij,38,1.0
Stage2,Scenario28,xij,39,1.0
Stage2,Scenario28,xij,4,0.0
Stage2,Scenario28,xij,40,1.0
Stage2,Scenario28,xij,41,1.0
Stage2,Scenario28,xij,42,1.0
Stage2,Scenario28,xij,43,1.0
Stage2,Scenario28,xij,44,0.0
Stage2,Scenario28,xij,45,1.0
Stage2,Scenario28,xij,46,1.0
Stage2,Scenario28,xij,47,0.0
Stage2,Scenario28,xij,48,0.0
Stage2,Scenario28,xij,49,0.0
Stage2,Scenario28,xij,5,0.0
Stage2,Scenario28,xij,50,1.0
Stage2,Scenario28,xij,51,0.0
Stage2,Scenario28,xij,52,0.0
Stage2,Scenario28,xij,53,0.0
Stage2,Scenario28,xij,54,0.0
Stage2,Scenario28,xij,55,1.0
Stage2,Scenario28,xij,56,1.0
Stage2,Scenario28,xij,57,1.0
Stage2,Scenario28,xij,58,1.0
Stage2,Scenario28,xij,59,1.0
Stage2,Scenario28,xij,6,1.0
Stage2,Scenario28,xij,60,0.0
Stage2,Scenario28,xij,61,1.0
Stage2,Scenario28,xij,62,0.0
Stage2,Scenario28,xij,63,1.0
Stage2,Scenario28,xij,64,1.0
Stage2,Scenario28,xij,65,1.0
Stage2,Scenario28,xij,66,1.0
Stage2,Scenario28,xij,67,1.0
Stage2,Scenario28,xij,68,0.0
Stage2,Scenario28,xij,69,0.0
Stage2,Scenario28,xij,7,1.0
Stage2,Scenario28,xij,70,1.0
Stage2,Scenario28,xij,71,0.0
Stage2,Scenario28,xij,72,1.0
Stage2,Scenario28,xij,73,1.0
Stage2,Scenario28,xij,74,1.0
Stage2,Scenario28,xij,75,1.0
Stage2,Scenario28,xij,76,1.0
Stage2,Scenario28,xij,77,1.0
Stage2,Scenario28,xij,78,0.0
Stage2,Scenario28,xij,79,1.0
Stage2,Scenario28,xij,8,0.0
Stage2,Scenario28,xij,80,1.0
Stage2,Scenario28,xij,81,0.0
Stage2,Scenario28,xij,82,1.0
Stage2,Scenario28,xij,83,0.0
Stage2,Scenario28,xij,84,1.0
Stage2,Scenario28,xij,85,1.0
Stage2,Scenario28,xij,86,0.0
Stage2,Scenario28,xij,87,0.0
Stage2,Scenario28,xij,88,1.0
Stage2,Scenario28,xij,89,1.0
Stage2,Scenario28,xij,9,1.0
Stage2,Scenario28,xij,90,0.0
Stage2,Scenario28,xij,91,1.0
Stage2,Scenario28,xij,92,0.0
Stage2,Scenario28,xij,93,0.0
Stage2,Scenario28,xij,94,0.0
Stage2,Scenario28,xij,95,0.0
Stage2,Scenario28,xij,96,0.0
Stage2,Scenario28,xij,97,1.0
Stage2,Scenario28,xij,98,0.0
Stage2,Scenario28,xij,99,0.0
Stage2,Scenario29,Pij,0,-0.9850000000000029
Stage2,Scenario29,Pij,1,1.185
Stage2,Scenario29,Pij,10,2.3000000000000007
Stage2,Scenario29,Pij,100,0.22274860066260166
Stage2,Scenario29,Pij,101,0.0
Stage2,Scenario29,Pij,102,0.0
Stage2,Scenario29,Pij,103,-1.7459999999999907
Stage2,Scenario29,Pij,104,0.0
Stage2,Scenario29,Pij,105,-0.5140000000000178
Stage2,Scenario29,Pij,106,0.2500000000000002
Stage2,Scenario29,Pij,107,0.0
Stage2,Scenario29,Pij,108,0.2500000000000002
Stage2,Scenario29,Pij,109,0.0
Stage2,Scenario29,Pij,11,0.0
Stage2,Scenario29,Pij,110,0.04599999999999249
Stage2,Scenario29,Pij,111,0.0
Stage2,Scenario29,Pij,112,0.0
Stage2,Scenario29,Pij,113,-1.7438366934859981
Stage2,Scenario29,Pij,114,-3.023836693485998
Stage2,Scenario29,Pij,115,0.0
Stage2,Scenario29,Pij,116,0.0
Stage2,Scenario29,Pij,117,0.0
Stage2,Scenario29,Pij,118,-0.20999999999999197
Stage2,Scenario29,Pij,119,0.0
Stage2,Scenario29,Pij,12,0.8276629154671571
Stage2,Scenario29,Pij,13,1.4723370845328434
Stage2,Scenario29,Pij,14,0.8276629154671571
Stage2,Scenario29,Pij,15,0.0
Stage2,Scenario29,Pij,16,0.0
Stage2,Scenario29,Pij,17,0.0
Stage2,Scenario29,Pij,18,0.0
Stage2,Scenario29,Pij,19,0.8276629154671571
Stage2,Scenario29,Pij,2,0.0
Stage2,Scenario29,Pij,20,0.0
Stage2,Scenario29,Pij,21,0.0
Stage2,Scenario29,Pij,22,-1.7700000000000042
Stage2,Scenario29,Pij,23,0.0
Stage2,Scenario29,Pij,24,0.0
Stage2,Scenario29,Pij,25,1.930000000000011
Stage2,Scenario29,Pij,26,-1.7250000000000065
Stage2,Scenario29,Pij,27,-1.7250000000000065
Stage2,Scenario29,Pij,28,0.0
Stage2,Scenario29,Pij,29,0.0
Stage2,Scenario29,Pij,3,0.0
Stage2,Scenario29,Pij,30,2.1800000000000113
Stage2,Scenario29,Pij,31,0.0
Stage2,Scenario29,Pij,32,0.0
Stage2,Scenario29,Pij,33,-0.25499999999999345
Stage2,Scenario29,Pij,34,-0.25499999999999345
Stage2,Scenario29,Pij,35,0.1850000000000055
Stage2,Scenario29,Pij,36,0.1850000000000055
Stage2,Scenario29,Pij,37,0.0
Stage2,Scenario29,Pij,38,-0.909999999999989
Stage2,Scenario29,Pij,39,0.0
Stage2,Scenario29,Pij,4,0.0
Stage2,Scenario29,Pij,40,0.0
Stage2,Scenario29,Pij,41,0.0
Stage2,Scenario29,Pij,42,0.0
Stage2,Scenario29,Pij,43,0.0
Stage2,Scenario29,Pij,44,0.74
Stage2,Scenario29,Pij,45,1.18
Stage2,Scenario29,Pij,46,0.0
Stage2,Scenario29,Pij,47,0.0
Stage2,Scenario29,Pij,48,0.0
Stage2,Scenario29,Pij,49,0.0
Stage2,Scenario29,Pij,5,0.0
Stage2,Scenario29,Pij,50,-0.18000000000000016
Stage2,Scenario29,Pij,51,0.0
Stage2,Scenario29,Pij,52,0.0
Stage2,Scenario29,Pij,53,0.0
Stage2,Scenario29,Pij,54,-1.75
Stage2,Scenario29,Pij,55,0.0
Stage2,Scenario29,Pij,56,3.6899999999999995
Stage2,Scenario29,Pij,57,-4.0
Stage2,Scenario29,Pij,58,0.0
Stage2,Scenario29,Pij,59,1.94
Stage2,Scenario29,Pij,6,0.0
Stage2,Scenario29,Pij,60,-2.0
Stage2,Scenario29,Pij,61,0.0
Stage2,Scenario29,Pij,62,0.0
Stage2,Scenario29,Pij,63,0.0
Stage2,Scenario29,Pij,64,-0.2500000000000002
Stage2,Scenario29,Pij,65,0.0
Stage2,Scenario29,Pij,66,-1.6999999999999984
Stage2,Scenario29,Pij,67,0.0
Stage2,Scenario29,Pij,68,0.0
Stage2,Scenario29,Pij,69,0.0
Stage2,Scenario29,Pij,7,0.0
Stage2,Scenario29,Pij,70,0.0
Stage2,Scenario29,Pij,71,0.0
Stage2,Scenario29,Pij,72,0.0
Stage2,Scenario29,Pij,73,0.0
Stage2,Scenario29,Pij,74,-0.905
Stage2,Scenario29,Pij,75,-0.905
Stage2,Scenario29,Pij,76,-1.545
Stage2,Scenario29,Pij,77,-1.545
Stage2,Scenario29,Pij,78,0.0
Stage2,Scenario29,Pij,79,0.0
Stage2,Scenario29,Pij,8,0.0
Stage2,Scenario29,Pij,80,0.0
Stage2,Scenario29,Pij,81,0.71
Stage2,Scenario29,Pij,82,0.0
Stage2,Scenario29,Pij,83,0.0
Stage2,Scenario29,Pij,84,0.5928709243697677
Stage2,Scenario29,Pij,85,0.5140000000000178
Stage2,Scenario29,Pij,86,0.0
Stage2,Scenario29,Pij,87,0.0
Stage2,Scenario29,Pij,88,0.0
Stage2,Scenario29,Pij,89,-0.15000000000000568
Stage2,Scenario29,Pij,9,0.0
Stage2,Scenario29,Pij,90,0.0
Stage2,Scenario29,Pij,91,0.0
Stage2,Scenario29,Pij,92,-1.1571290756302304
Stage2,Scenario29,Pij,93,0.0
Stage2,Scenario29,Pij,94,0.0
Stage2,Scenario29,Pij,95,-0.917
Stage2,Scenario29,Pij,96,-1.1571290756302304
Stage2,Scenario29,Pij,97,0.0
Stage2,Scenario29,Pij,98,0.0
Stage2,Scenario29,Pij,99,-0.5989119071766181
Stage2,Scenario29,bus_gen,0:0,0.0799999999999983
Stage2,Scenario29,bus_gen,0:1,0.0799999999999983
Stage2,Scenario29,bus_gen,0:113,0.0
Stage2,Scenario29,bus_gen,0:117,0.0
Stage2,Scenario29,bus_gen,0:118,0.0
Stage2,Scenario29,bus_gen,0:119,0.0
Stage2,Scenario29,bus_gen,0:2,0.56
Stage2,Scenario29,bus_gen,0:3,0.56
Stage2,Scenario29,bus_gen,1:112,0.256
Stage2,Scenario29,bus_gen,1:114,0.019000000000006345
Stage2,Scenario29,bus_gen,1:4,0.0799999999999983
Stage2,Scenario29,bus_gen,1:5,0.0799999999999983
Stage2,Scenario29,bus_gen,1:6,0.76
Stage2,Scenario29,bus_gen,1:7,0.76
Stage2,Scenario29,bus_gen,12:10,0.21999999999999884
Stage2,Scenario29,bus_gen,12:109,0.0
Stage2,Scenario29,bus_gen,12:11,0.21999999999999884
Stage2,Scenario29,bus_gen,12:12,0.21999999999999884
Stage2,Scenario29,bus_gen,12:9,0.21999999999999884
Stage2,Scenario29,bus_gen,13:72,0.0
Stage2,Scenario29,bus_gen,14:13,0.04999999999999894
Stage2,Scenario29,bus_gen,14:14,0.04999999999999894
Stage2,Scenario29,bus_gen,14:15,1.55
Stage2,Scenario29,bus_gen,15:16,1.2500000000000002
Stage2,Scenario29,bus_gen,17:141,0.09300000000000001
Stage2,Scenario29,bus_gen,17:142,0.09699999999999999
Stage2,Scenario29,bus_gen,17:143,0.094
Stage2,Scenario29,bus_gen,17:144,0.0
Stage2,Scenario29,bus_gen,17:145,0.091
Stage2,Scenario29,bus_gen,17:146,0.09699999999999999
Stage2,Scenario29,bus_gen,17:148,0.11800000000000001
Stage2,Scenario29,bus_gen,17:149,0.11199999999999999
Stage2,Scenario29,bus_gen,17:150,0.10300000000000002
Stage2,Scenario29,bus_gen,17:151,0.040000000000012984
Stage2,Scenario29,bus_gen,17:17,1.9750000000000005
Stage2,Scenario29,bus_gen,18:121,0.0
Stage2,Scenario29,bus_gen,2:120,0.615
Stage2,Scenario29,bus_gen,20:73,3.96
Stage2,Scenario29,bus_gen,21:156,0.0
Stage2,Scenario29,bus_gen,21:74,0.0
Stage2,Scenario29,bus_gen,21:75,0.0
Stage2,Scenario29,bus_gen,21:76,0.0
Stage2,Scenario29,bus_gen,21:77,0.0
Stage2,Scenario29,bus_gen,21:78,0.0
Stage2,Scenario29,bus_gen,21:79,0.0
Stage2,Scenario29,bus_gen,22:18,0.6199999999999983
Stage2,Scenario29,bus_gen,22:19,1.3999999999999986
Stage2,Scenario29,bus_gen,22:20,0.21999999999999884
Stage2,Scenario29,bus_gen,22:21,0.21999999999999884
Stage2,Scenario29,bus_gen,22:22,0.21999999999999884
Stage2,Scenario29,bus_gen,24:23,0.07999999999999843
Stage2,Scenario29,bus_gen,24:24,0.07999999999999843
Stage2,Scenario29,bus_gen,24:25,0.76
Stage2,Scenario29,bus_gen,24:80,0.1600000000000032
Stage2,Scenario29,bus_gen,25:26,0.20000000000000004
Stage2,Scenario29,bus_gen,25:27,0.20000000000000004
Stage2,Scenario29,bus_gen,25:28,0.76
Stage2,Scenario29,bus_gen,25:29,0.76
Stage2,Scenario29,bus_gen,3:115,0.268
Stage2,Scenario29,bus_gen,30:30,0.55
Stage2,Scenario29,bus_gen,30:31,0.55
Stage2,Scenario29,bus_gen,35:116,2.0
Stage2,Scenario29,bus_gen,36:152,0.132
Stage2,Scenario29,bus_gen,36:32,3.418
Stage2,Scenario29,bus_gen,36:33,0.55
Stage2,Scenario29,bus_gen,36:34,0.55
Stage2,Scenario29,bus_gen,37:81,0.0
Stage2,Scenario29,bus_gen,38:111,0.7800000000000036
Stage2,Scenario29,bus_gen,38:35,0.2199999999999989
Stage2,Scenario29,bus_gen,38:36,0.2199999999999989
Stage2,Scenario29,bus_gen,38:82,0.0
Stage2,Scenario29,bus_gen,38:83,0.0
Stage2,Scenario29,bus_gen,38:84,0.0
Stage2,Scenario29,bus_gen,39:37,1.2500000000000002
Stage2,Scenario29,bus_gen,41:38,3.33
Stage2,Scenario29,bus_gen,44:39,1.6999999999999984
Stage2,Scenario29,bus_gen,45:85,0.0
Stage2,Scenario29,bus_gen,45:86,0.0
Stage2,Scenario29,bus_gen,45:87,0.0
Stage2,Scenario29,bus_gen,45:88,0.0
Stage2,Scenario29,bus_gen,45:89,0.0
Stage2,Scenario29,bus_gen,45:90,0.0
Stage2,Scenario29,bus_gen,46:40,0.6199999999999983
Stage2,Scenario29,bus_gen,46:41,0.6199999999999983
Stage2,Scenario29,bus_gen,46:42,1.3999999999999986
Stage2,Scenario29,bus_gen,46:43,0.21999999999999884
Stage2,Scenario29,bus_gen,46:44,0.21999999999999884
Stage2,Scenario29,bus_gen,46:45,0.21999999999999884
Stage2,Scenario29,bus_gen,48:46,0.20000000000000004
Stage2,Scenario29,bus_gen,48:47,0.20000000000000004
Stage2,Scenario29,bus_gen,48:48,0.55
Stage2,Scenario29,bus_gen,48:49,0.55
Stage2,Scenario29,bus_gen,49:50,0.20000000000000004
Stage2,Scenario29,bus_gen,49:51,0.20000000000000004
Stage2,Scenario29,bus_gen,49:52,0.285
Stage2,Scenario29,bus_gen,49:53,0.285
Stage2,Scenario29,bus_gen,50:155,2.9068709243697857
Stage2,Scenario29,bus_gen,54:54,0.55
Stage2,Scenario29,bus_gen,54:55,0.55
Stage2,Scenario29,bus_gen,55:122,1.0090000000000001
Stage2,Scenario29,bus_gen,56:153,0.0
Stage2,Scenario29,bus_gen,57:103,0.517
Stage2,Scenario29,bus_gen,57:106,0.5159999999999999
Stage2,Scenario29,bus_gen,59:105,0.3180880928233819
Stage2,Scenario29,bus_gen,6:8,3.55
Stage2,Scenario29,bus_gen,60:102,0.0
Stage2,Scenario29,bus_gen,60:123,0.0
Stage2,Scenario29,bus_gen,60:124,0.0
Stage2,Scenario29,bus_gen,60:125,0.0
Stage2,Scenario29,bus_gen,60:126,0.0
Stage2,Scenario29,bus_gen,60:127,0.648
Stage2,Scenario29,bus_gen,60:128,0.638
Stage2,Scenario29,bus_gen,60:129,0.6409999999999999
Stage2,Scenario29,bus_gen,60:130,0.40287767629283355
Stage2,Scenario29,bus_gen,60:131,0.0
Stage2,Scenario29,bus_gen,60:132,0.0
Stage2,Scenario29,bus_gen,60:133,0.0
Stage2,Scenario29,bus_gen,60:134,0.0
Stage2,Scenario29,bus_gen,60:138,0.0
Stage2,Scenario29,bus_gen,60:157,0.0
Stage2,Scenario29,bus_gen,60:56,1.6999999999999984
Stage2,Scenario29,bus_gen,60:99,0.0
Stage2,Scenario29,bus_gen,61:100,0.927
Stage2,Scenario29,bus_gen,61:101,0.516
Stage2,Scenario29,bus_gen,61:91,0.0
Stage2,Scenario29,bus_gen,61:97,0.0
Stage2,Scenario29,bus_gen,61:98,0.49699999999999994
Stage2,Scenario29,bus_gen,62:57,0.04999999999999894
Stage2,Scenario29,bus_gen,62:58,0.04999999999999894
Stage2,Scenario29,bus_gen,62:59,0.04999999999999894
Stage2,Scenario29,bus_gen,62:60,0.04999999999999894
Stage2,Scenario29,bus_gen,62:61,0.04999999999999894
Stage2,Scenario29,bus_gen,62:62,0.21999999999999884
Stage2,Scenario29,bus_gen,62:63,0.21999999999999884
Stage2,Scenario29,bus_gen,62:64,0.21999999999999884
Stage2,Scenario29,bus_gen,63:65,1.2500000000000002
Stage2,Scenario29,bus_gen,64:154,0.0
Stage2,Scenario29,bus_gen,65:66,2.9160000000000004
Stage2,Scenario29,bus_gen,66:110,0.06616330651400193
Stage2,Scenario29,bus_gen,67:135,0.0
Stage2,Scenario29,bus_gen,67:136,0.0
Stage2,Scenario29,bus_gen,67:137,0.0
Stage2,Scenario29,bus_gen,67:139,0.0
Stage2,Scenario29,bus_gen,67:140,0.0
Stage2,Scenario29,bus_gen,67:147,0.0
Stage2,Scenario29,bus_gen,67:96,0.0
Stage2,Scenario29,bus_gen,68:67,1.6999999999999984
Stage2,Scenario29,bus_gen,69:68,0.21999999999999884
Stage2,Scenario29,bus_gen,69:69,0.21999999999999884
Stage2,Scenario29,bus_gen,69:92,0.0
Stage2,Scenario29,bus_gen,69:93,0.0
Stage2,Scenario29,bus_gen,69:94,0.0
Stage2,Scenario29,bus_gen,69:95,0.0
Stage2,Scenario29,bus_gen,70:70,1.6999999999999984
Stage2,Scenario29,bus_gen,70:71,1.6999999999999984
Stage2,Scenario29,bus_gen,71:104,0.0
Stage2,Scenario29,bus_gen,71:107,0.0
Stage2,Scenario29,bus_gen,71:108,0.0
Stage2,Scenario29,cvar,None,27.4536842105263
Stage2,Scenario29,gen_curtailment,0:0,0.0
Stage2,Scenario29,gen_curtailment,0:1,0.0
Stage2,Scenario29,gen_curtailment,0:113,0.0
Stage2,Scenario29,gen_curtailment,0:117,0.0
Stage2,Scenario29,gen_curtailment,0:118,0.0
Stage2,Scenario29,gen_curtailment,0:119,0.0
Stage2,Scenario29,gen_curtailment,0:2,0.0
Stage2,Scenario29,gen_curtailment,0:3,0.0
Stage2,Scenario29,gen_curtailment,1:112,0.0
Stage2,Scenario29,gen_curtailment,1:114,0.0
Stage2,Scenario29,gen_curtailment,1:4,0.0
Stage2,Scenario29,gen_curtailment,1:5,0.0
Stage2,Scenario29,gen_curtailment,1:6,0.0
Stage2,Scenario29,gen_curtailment,1:7,0.0
Stage2,Scenario29,gen_curtailment,12:10,0.0
Stage2,Scenario29,gen_curtailment,12:109,0.0
Stage2,Scenario29,gen_curtailment,12:11,0.0
Stage2,Scenario29,gen_curtailment,12:12,0.0
Stage2,Scenario29,gen_curtailment,12:9,0.0
Stage2,Scenario29,gen_curtailment,13:72,0.0
Stage2,Scenario29,gen_curtailment,14:13,0.0
Stage2,Scenario29,gen_curtailment,14:14,0.0
Stage2,Scenario29,gen_curtailment,14:15,0.0
Stage2,Scenario29,gen_curtailment,15:16,0.0
Stage2,Scenario29,gen_curtailment,17:141,0.0
Stage2,Scenario29,gen_curtailment,17:142,0.0
Stage2,Scenario29,gen_curtailment,17:143,0.0
Stage2,Scenario29,gen_curtailment,17:144,0.0
Stage2,Scenario29,gen_curtailment,17:145,0.0
Stage2,Scenario29,gen_curtailment,17:146,0.0
Stage2,Scenario29,gen_curtailment,17:148,0.0
Stage2,Scenario29,gen_curtailment,17:149,0.0
Stage2,Scenario29,gen_curtailment,17:150,0.0
Stage2,Scenario29,gen_curtailment,17:151,0.0
Stage2,Scenario29,gen_curtailment,17:17,0.0
Stage2,Scenario29,gen_curtailment,18:121,0.0
Stage2,Scenario29,gen_curtailment,2:120,0.0
Stage2,Scenario29,gen_curtailment,20:73,0.0
Stage2,Scenario29,gen_curtailment,21:156,0.0
Stage2,Scenario29,gen_curtailment,21:74,0.0
Stage2,Scenario29,gen_curtailment,21:75,0.0
Stage2,Scenario29,gen_curtailment,21:76,0.0
Stage2,Scenario29,gen_curtailment,21:77,0.0
Stage2,Scenario29,gen_curtailment,21:78,0.0
Stage2,Scenario29,gen_curtailment,21:79,0.0
Stage2,Scenario29,gen_curtailment,22:18,0.0
Stage2,Scenario29,gen_curtailment,22:19,0.0
Stage2,Scenario29,gen_curtailment,22:20,0.0
Stage2,Scenario29,gen_curtailment,22:21,0.0
Stage2,Scenario29,gen_curtailment,22:22,0.0
Stage2,Scenario29,gen_curtailment,24:23,0.0
Stage2,Scenario29,gen_curtailment,24:24,0.0
Stage2,Scenario29,gen_curtailment,24:25,0.0
Stage2,Scenario29,gen_curtailment,24:80,0.0
Stage2,Scenario29,gen_curtailment,25:26,0.0
Stage2,Scenario29,gen_curtailment,25:27,0.0
Stage2,Scenario29,gen_curtailment,25:28,0.0
Stage2,Scenario29,gen_curtailment,25:29,0.0
Stage2,Scenario29,gen_curtailment,3:115,0.0
Stage2,Scenario29,gen_curtailment,30:30,0.0
Stage2,Scenario29,gen_curtailment,30:31,0.0
Stage2,Scenario29,gen_curtailment,35:116,0.0
Stage2,Scenario29,gen_curtailment,36:152,0.0
Stage2,Scenario29,gen_curtailment,36:32,0.0
Stage2,Scenario29,gen_curtailment,36:33,0.0
Stage2,Scenario29,gen_curtailment,36:34,0.0
Stage2,Scenario29,gen_curtailment,37:81,0.0
Stage2,Scenario29,gen_curtailment,38:111,0.0
Stage2,Scenario29,gen_curtailment,38:35,0.0
Stage2,Scenario29,gen_curtailment,38:36,0.0
Stage2,Scenario29,gen_curtailment,38:82,0.0
Stage2,Scenario29,gen_curtailment,38:83,0.0
Stage2,Scenario29,gen_curtailment,38:84,0.0
Stage2,Scenario29,gen_curtailment,39:37,0.0
Stage2,Scenario29,gen_curtailment,41:38,0.0
Stage2,Scenario29,gen_curtailment,44:39,0.0
Stage2,Scenario29,gen_curtailment,45:85,0.0
Stage2,Scenario29,gen_curtailment,45:86,0.0
Stage2,Scenario29,gen_curtailment,45:87,0.0
Stage2,Scenario29,gen_curtailment,45:88,0.0
Stage2,Scenario29,gen_curtailment,45:89,0.0
Stage2,Scenario29,gen_curtailment,45:90,0.0
Stage2,Scenario29,gen_curtailment,46:40,0.0
Stage2,Scenario29,gen_curtailment,46:41,0.0
Stage2,Scenario29,gen_curtailment,46:42,0.0
Stage2,Scenario29,gen_curtailment,46:43,0.0
Stage2,Scenario29,gen_curtailment,46:44,0.0
Stage2,Scenario29,gen_curtailment,46:45,0.0
Stage2,Scenario29,gen_curtailment,48:46,0.0
Stage2,Scenario29,gen_curtailment,48:47,0.0
Stage2,Scenario29,gen_curtailment,48:48,0.0
Stage2,Scenario29,gen_curtailment,48:49,0.0
Stage2,Scenario29,gen_curtailment,49:50,0.0
Stage2,Scenario29,gen_curtailment,49:51,0.0
Stage2,Scenario29,gen_curtailment,49:52,0.0
Stage2,Scenario29,gen_curtailment,49:53,0.0
Stage2,Scenario29,gen_curtailment,50:155,0.0
Stage2,Scenario29,gen_curtailment,54:54,0.0
Stage2,Scenario29,gen_curtailment,54:55,0.0
Stage2,Scenario29,gen_curtailment,55:122,0.0
Stage2,Scenario29,gen_curtailment,56:153,0.0
Stage2,Scenario29,gen_curtailment,57:103,0.0
Stage2,Scenario29,gen_curtailment,57:106,0.0
Stage2,Scenario29,gen_curtailment,59:105,0.0
Stage2,Scenario29,gen_curtailment,6:8,0.0
Stage2,Scenario29,gen_curtailment,60:102,0.0
Stage2,Scenario29,gen_curtailment,60:123,0.0
Stage2,Scenario29,gen_curtailment,60:124,0.0
Stage2,Scenario29,gen_curtailment,60:125,0.0
Stage2,Scenario29,gen_curtailment,60:126,0.0
Stage2,Scenario29,gen_curtailment,60:127,0.0
Stage2,Scenario29,gen_curtailment,60:128,0.0
Stage2,Scenario29,gen_curtailment,60:129,0.0
Stage2,Scenario29,gen_curtailment,60:130,0.0
Stage2,Scenario29,gen_curtailment,60:131,0.0
Stage2,Scenario29,gen_curtailment,60:132,0.0
Stage2,Scenario29,gen_curtailment,60:133,0.0
Stage2,Scenario29,gen_curtailment,60:134,0.0
Stage2,Scenario29,gen_curtailment,60:138,0.0
Stage2,Scenario29,gen_curtailment,60:157,0.0
Stage2,Scenario29,gen_curtailment,60:56,0.0
Stage2,Scenario29,gen_curtailment,60:99,0.0
Stage2,Scenario29,gen_curtailment,61:100,0.0
Stage2,Scenario29,gen_curtailment,61:101,0.0
Stage2,Scenario29,gen_curtailment,61:91,0.0
Stage2,Scenario29,gen_curtailment,61:97,0.0
Stage2,Scenario29,gen_curtailment,61:98,0.0
Stage2,Scenario29,gen_curtailment,62:57,0.0
Stage2,Scenario29,gen_curtailment,62:58,0.0
Stage2,Scenario29,gen_curtailment,62:59,0.0
Stage2,Scenario29,gen_curtailment,62:60,0.0
Stage2,Scenario29,gen_curtailment,62:61,0.0
Stage2,Scenario29,gen_curtailment,62:62,0.0
Stage2,Scenario29,gen_curtailment,62:63,0.0
Stage2,Scenario29,gen_curtailment,62:64,0.0
Stage2,Scenario29,gen_curtailment,63:65,0.0
Stage2,Scenario29,gen_curtailment,64:154,0.0
Stage2,Scenario29,gen_curtailment,65:66,0.0
Stage2,Scenario29,gen_curtailment,66:110,0.0
Stage2,Scenario29,gen_curtailment,67:135,0.0
Stage2,Scenario29,gen_curtailment,67:136,0.0
Stage2,Scenario29,gen_curtailment,67:137,0.0
Stage2,Scenario29,gen_curtailment,67:139,0.0
Stage2,Scenario29,gen_curtailment,67:140,0.0
Stage2,Scenario29,gen_curtailment,67:147,0.0
Stage2,Scenario29,gen_curtailment,67:96,0.0
Stage2,Scenario29,gen_curtailment,68:67,0.0
Stage2,Scenario29,gen_curtailment,69:68,0.21999999999999884
Stage2,Scenario29,gen_curtailment,69:69,0.21999999999999884
Stage2,Scenario29,gen_curtailment,69:92,0.0
Stage2,Scenario29,gen_curtailment,69:93,0.0
Stage2,Scenario29,gen_curtailment,69:94,0.0
Stage2,Scenario29,gen_curtailment,69:95,0.0
Stage2,Scenario29,gen_curtailment,70:70,0.0
Stage2,Scenario29,gen_curtailment,70:71,0.0
Stage2,Scenario29,gen_curtailment,71:104,0.0
Stage2,Scenario29,gen_curtailment,71:107,0.0
Stage2,Scenario29,gen_curtailment,71:108,0.0
Stage2,Scenario29,load_shed,0,0.0
Stage2,Scenario29,load_shed,1,0.0
Stage2,Scenario29,load_shed,10,0.0
Stage2,Scenario29,load_shed,11,0.0
Stage2,Scenario29,load_shed,12,0.0
Stage2,Scenario29,load_shed,13,1.112337084532843
Stage2,Scenario29,load_shed,14,0.0
Stage2,Scenario29,load_shed,15,0.0
Stage2,Scenario29,load_shed,16,0.0
Stage2,Scenario29,load_shed,17,0.0
Stage2,Scenario29,load_shed,18,0.0
Stage2,Scenario29,load_shed,19,0.0
Stage2,Scenario29,load_shed,2,0.0
Stage2,Scenario29,load_shed,20,0.0
Stage2,Scenario29,load_shed,21,0.0
Stage2,Scenario29,load_shed,22,0.0
Stage2,Scenario29,load_shed,23,0.0
Stage2,Scenario29,load_shed,24,0.0
Stage2,Scenario29,load_shed,25,0.97
Stage2,Scenario29,load_shed,26,1.7999999999999998
Stage2,Scenario29,load_shed,27,0.0
Stage2,Scenario29,load_shed,28,0.71
Stage2,Scenario29,load_shed,29,0.0
Stage2,Scenario29,load_shed,3,0.47200000000000003
Stage2,Scenario29,load_shed,30,0.1499999999999999
Stage2,Scenario29,load_shed,31,1.71
Stage2,Scenario29,load_shed,32,0.0
Stage2,Scenario29,load_shed,33,1.8200000000000003
Stage2,Scenario29,load_shed,34,0.0
Stage2,Scenario29,load_shed,35,0.0
Stage2,Scenario29,load_shed,36,0.0
Stage2,Scenario29,load_shed,37,0.0
Stage2,Scenario29,load_shed,38,0.0
Stage2,Scenario29,load_shed,39,0.0
Stage2,Scenario29,load_shed,4,0.71
Stage2,Scenario29,load_shed,40,0.0
Stage2,Scenario29,load_shed,41,0.0
Stage2,Scenario29,load_shed,42,0.0
Stage2,Scenario29,load_shed,43,0.0
Stage2,Scenario29,load_shed,44,0.0
Stage2,Scenario29,load_shed,45,0.0
Stage2,Scenario29,load_shed,46,0.0
Stage2,Scenario29,load_shed,47,0.0
Stage2,Scenario29,load_shed,48,0.29000000000000004
Stage2,Scenario29,load_shed,49,0.0
Stage2,Scenario29,load_shed,5,1.36
Stage2,Scenario29,load_shed,50,0.0
Stage2,Scenario29,load_shed,51,0.74
Stage2,Scenario29,load_shed,52,0.0
Stage2,Scenario29,load_shed,53,1.36
Stage2,Scenario29,load_shed,54,0.0
Stage2,Scenario29,load_shed,55,0.8509999999999999
Stage2,Scenario29,load_shed,56,0.0
Stage2,Scenario29,load_shed,57,0.0
Stage2,Scenario29,load_shed,58,0.0
Stage2,Scenario29,load_shed,59,0.0
Stage2,Scenario29,load_shed,6,0.0
Stage2,Scenario29,load_shed,60,0.0
Stage2,Scenario29,load_shed,61,0.0
Stage2,Scenario29,load_shed,62,0.0
Stage2,Scenario29,load_shed,63,0.0
Stage2,Scenario29,load_shed,64,0.0
Stage2,Scenario29,load_shed,65,0.0
Stage2,Scenario29,load_shed,66,0.0
Stage2,Scenario29,load_shed,67,0.0
Stage2,Scenario29,load_shed,68,0.0
Stage2,Scenario29,load_shed,69,0.0
Stage2,Scenario29,load_shed,7,1.71
Stage2,Scenario29,load_shed,70,0.0
Stage2,Scenario29,load_shed,71,0.0
Stage2,Scenario29,load_shed,72,0.0
Stage2,Scenario29,load_shed,8,1.75
Stage2,Scenario29,load_shed,9,0.47766291546715656
Stage2,Scenario29,load_shed_value,None,17.993000000000002
Stage2,Scenario29,nu,None,0.0
Stage2,Scenario29,theta,0,-6.033150307179586
Stage2,Scenario29,theta,1,-6.019360307179586
Stage2,Scenario29,theta,10,-6.2484234647299655
Stage2,Scenario29,theta,11,6.283185307179586
Stage2,Scenario29,theta,12,0.0
Stage2,Scenario29,theta,13,-6.283185307179586
Stage2,Scenario29,theta,14,0.22431999999884134
Stage2,Scenario29,theta,15,0.19150999999884114
Stage2,Scenario29,theta,16,-6.283185307179586
Stage2,Scenario29,theta,17,0.3022149999988418
Stage2,Scenario29,theta,18,0.14136999999884087
Stage2,Scenario29,theta,19,0.13396999999884066
Stage2,Scenario29,theta,2,-6.283185307179586
Stage2,Scenario29,theta,20,0.30884499999884163
Stage2,Scenario29,theta,21,1.745703000001184
Stage2,Scenario29,theta,22,0.15399000000000038
Stage2,Scenario29,theta,23,6.283185307179586
Stage2,Scenario29,theta,24,-6.283185307179586
Stage2,Scenario29,theta,25,-5.601585907179587
Stage2,Scenario29,theta,26,6.283185307179586
Stage2,Scenario29,theta,27,-5.695565907179587
Stage2,Scenario29,theta,28,-6.283185307179586
Stage2,Scenario29,theta,29,-5.828145907179587
Stage2,Scenario29,theta,3,6.283185307179586
Stage2,Scenario29,theta,30,-6.283185307179586
Stage2,Scenario29,theta,31,-6.283185307179586
Stage2,Scenario29,theta,32,-6.283185307179586
Stage2,Scenario29,theta,33,-5.817165907179587
Stage2,Scenario29,theta,34,-6.131775307179587
Stage2,Scenario29,theta,35,-5.476125907178261
Stage2,Scenario29,theta,36,-5.380125907178261
Stage2,Scenario29,theta,37,-6.213255307179587
Stage2,Scenario29,theta,38,-6.283185307179586
Stage2,Scenario29,theta,39,-6.278935307179586
Stage2,Scenario29,theta,4,-6.283185307179586
Stage2,Scenario29,theta,40,-6.283185307179586
Stage2,Scenario29,theta,41,-6.283185307179586
Stage2,Scenario29,theta,42,-6.244785307179588
Stage2,Scenario29,theta,43,-6.208585307179588
Stage2,Scenario29,theta,44,-6.199885307179587
Stage2,Scenario29,theta,45,-6.199885307179587
Stage2,Scenario29,theta,46,-6.174595307179588
Stage2,Scenario29,theta,47,-6.283185307179586
Stage2,Scenario29,theta,48,-6.2228353071795866
Stage2,Scenario29,theta,49,-6.283185307179586
Stage2,Scenario29,theta,5,-6.283185307179586
Stage2,Scenario29,theta,50,-6.212633667179584
Stage2,Scenario29,theta,51,-6.283185307179586
Stage2,Scenario29,theta,52,-6.283185307179586
Stage2,Scenario29,theta,53,-6.283185307179586
Stage2,Scenario29,theta,54,6.274035307179586
Stage2,Scenario29,theta,55,6.283185307179586
Stage2,Scenario29,theta,56,-6.283185307179586
Stage2,Scenario29,theta,57,-6.283185307179586
Stage2,Scenario29,theta,58,-6.183070499556059
Stage2,Scenario29,theta,59,-6.205001887179586
Stage2,Scenario29,theta,6,-5.899949688231667
Stage2,Scenario29,theta,60,-6.127528303925808
Stage2,Scenario29,theta,61,6.283185307179586
Stage2,Scenario29,theta,62,-6.283185307179586
Stage2,Scenario29,theta,63,-6.186435307179587
Stage2,Scenario29,theta,64,-6.192935307179587
Stage2,Scenario29,theta,65,-6.196435307179587
Stage2,Scenario29,theta,66,-6.283185307179586
Stage2,Scenario29,theta,67,-6.213431839440146
Stage2,Scenario29,theta,68,-6.197631307179587
Stage2,Scenario29,theta,69,6.283185307179586
Stage2,Scenario29,theta,7,-6.0402496882316665
Stage2,Scenario29,theta,70,-6.146907432183454
Stage2,Scenario29,theta,71,-6.256457307179585
Stage2,Scenario29,theta,72,-6.146907432183454
Stage2,Scenario29,theta,8,-6.176814069283748
Stage2,Scenario29,theta,9,-6.283185307179586
Stage2,Scenario29,xij,0,1.0
Stage2,Scenario29,xij,1,1.0
Stage2,Scenario29,xij,10,1.0
Stage2,Scenario29,xij,100,1.0
Stage2,Scenario29,xij,101,0.0
Stage2,Scenario29,xij,102,0.0
Stage2,Scenario29,xij,103,1.0
Stage2,Scenario29,xij,104,0.0
Stage2,Scenario29,xij,105,1.0
Stage2,Scenario29,xij,106,1.0
Stage2,Scenario29,xij,107,0.0
Stage2,Scenario29,xij,108,1.0
Stage2,Scenario29,xij,109,0.0
Stage2,Scenario29,xij,11,0.0
Stage2,Scenario29,xij,110,1.0
Stage2,Scenario29,xij,111,0.0
Stage2,Scenario29,xij,112,0.0
Stage2,Scenario29,xij,113,1.0
Stage2,Scenario29,xij,114,1.0
Stage2,Scenario29,xij,115,0.0
Stage2,Scenario29,xij,116,0.0
Stage2,Scenario29,xij,117,0.0
Stage2,Scenario29,xij,118,1.0
Stage2,Scenario29,xij,119,1.0
Stage2,Scenario29,xij,12,1.0
Stage2,Scenario29,xij,13,1.0
Stage2,Scenario29,xij,14,1.0
Stage2,Scenario29,xij,15,0.0
Stage2,Scenario29,xij,16,0.0
Stage2,Scenario29,xij,17,0.0
Stage2,Scenario29,xij,18,0.0
Stage2,Scenario29,xij,19,1.0
Stage2,Scenario29,xij,2,0.0
Stage2,Scenario29,xij,20,0.0
Stage2,Scenario29,xij,21,0.0
Stage2,Scenario29,xij,22,1.0
Stage2,Scenario29,xij,23,0.0
Stage2,Scenario29,xij,24,0.0
Stage2,Scenario29,xij,25,1.0
Stage2,Scenario29,xij,26,1.0
Stage2,Scenario29,xij,27,1.0
Stage2,Scenario29,xij,28,0.0
Stage2,Scenario29,xij,29,0.0
Stage2,Scenario29,xij,3,0.0
Stage2,Scenario29,xij,30,1.0
Stage2,Scenario29,xij,31,0.0
Stage2,Scenario29,xij,32,0.0
Stage2,Scenario29,xij,33,1.0
Stage2,Scenario29,xij,34,1.0
Stage2,Scenario29,xij,35,1.0
Stage2,Scenario29,xij,36,1.0
Stage2,Scenario29,xij,37,0.0
Stage2,Scenario29,xij,38,1.0
Stage2,Scenario29,xij,39,0.0
Stage2,Scenario29,xij,4,0.0
Stage2,Scenario29,xij,40,0.0
Stage2,Scenario29,xij,41,0.0
Stage2,Scenario29,xij,42,0.0
Stage2,Scenario29,xij,43,0.0
Stage2,Scenario29,xij,44,1.0
Stage2,Scenario29,xij,45,1.0
Stage2,Scenario29,xij,46,0.0
Stage2,Scenario29,xij,47,0.0
Stage2,Scenario29,xij,48,0.0
Stage2,Scenario29,xij,49,0.0
Stage2,Scenario29,xij,5,0.0
Stage2,Scenario29,xij,50,1.0
Stage2,Scenario29,xij,51,0.0
Stage2,Scenario29,xij,52,0.0
Stage2,Scenario29,xij,53,0.0
Stage2,Scenario29,xij,54,1.0
Stage2,Scenario29,xij,55,0.0
Stage2,Scenario29,xij,56,1.0
Stage2,Scenario29,xij,57,1.0
Stage2,Scenario29,xij,58,0.0
Stage2,Scenario29,xij,59,1.0
Stage2,Scenario29,xij,6,0.0
Stage2,Scenario29,xij,60,1.0
Stage2,Scenario29,xij,61,0.0
Stage2,Scenario29,xij,62,0.0
Stage2,Scenario29,xij,63,0.0
Stage2,Scenario29,xij,64,1.0
Stage2,Scenario29,xij,65,0.0
Stage2,Scenario29,xij,66,1.0
Stage2,Scenario29,xij,67,1.0
Stage2,Scenario29,xij,68,0.0
Stage2,Scenario29,xij,69,0.0
Stage2,Scenario29,xij,7,0.0
Stage2,Scenario29,xij,70,0.0
Stage2,Scenario29,xij,71,0.0
Stage2,Scenario29,xij,72,0.0
Stage2,Scenario29,xij,73,0.0
Stage2,Scenario29,xij,74,1.0
Stage2,Scenario29,xij,75,1.0
Stage2,Scenario29,xij,76,1.0
Stage2,Scenario29,xij,77,1.0
Stage2,Scenario29,xij,78,1.0
Stage2,Scenario29,xij,79,0.0
Stage2,Scenario29,xij,8,1.0
Stage2,Scenario29,xij,80,0.0
Stage2,Scenario29,xij,81,1.0
Stage2,Scenario29,xij,82,0.0
Stage2,Scenario29,xij,83,0.0
Stage2,Scenario29,xij,84,1.0
Stage2,Scenario29,xij,85,1.0
Stage2,Scenario29,xij,86,0.0
Stage2,Scenario29,xij,87,0.0
Stage2,Scenario29,xij,88,0.0
Stage2,Scenario29,xij,89,1.0
Stage2,Scenario29,xij,9,0.0
Stage2,Scenario29,xij,90,0.0
Stage2,Scenario29,xij,91,0.0
Stage2,Scenario29,xij,92,1.0
Stage2,Scenario29,xij,93,0.0
Stage2,Scenario29,xij,94,0.0
Stage2,Scenario29,xij,95,1.0
Stage2,Scenario29,xij,96,1.0
Stage2,Scenario29,xij,97,0.0
Stage2,Scenario29,xij,98,0.0
Stage2,Scenario29,xij,99,1.0
Stage2,Scenario3,Pij,0,-0.175352748988362
Stage2,Scenario3,Pij,1,0.07708063197353959
Stage2,Scenario3,Pij,10,0.9493570666106579
Stage2,Scenario3,Pij,100,-0.04996721161598883
Stage2,Scenario3,Pij,101,-1.6480900616497685
Stage2,Scenario3,Pij,102,-0.6695411631896634
Stage2,Scenario3,Pij,103,-1.456801366016005
Stage2,Scenario3,Pij,104,-1.456801366016005
Stage2,Scenario3,Pij,105,1.323143895221662
Stage2,Scenario3,Pij,106,-4.217397267967987
Stage2,Scenario3,Pij,107,2.149766043128574
Stage2,Scenario3,Pij,108,4.44567636320769
Stage2,Scenario3,Pij,109,-0.6720736311756774
Stage2,Scenario3,Pij,11,1.350642933389342
Stage2,Scenario3,Pij,110,-0.4841618183961546
Stage2,Scenario3,Pij,111,-0.4841618183961546
Stage2,Scenario3,Pij,112,0.16988302156428703
Stage2,Scenario3,Pij,113,0.16988302156428703
Stage2,Scenario3,Pij,114,0.5238830215642871
Stage2,Scenario3,Pij,115,0.5238830215642871
Stage2,Scenario3,Pij,116,-1.7679263688243203
Stage2,Scenario3,Pij,117,2.9718034177631485
Stage2,Scenario3,Pij,118,5.0
Stage2,Scenario3,Pij,119,2.9718034177631485
Stage2,Scenario3,Pij,12,-0.46483883210558197
Stage2,Scenario3,Pij,13,-0.29580410128376006
Stage2,Scenario3,Pij,14,-1.0512121100085383
Stage2,Scenario3,Pij,15,-1.3090612021770975
Stage2,Scenario3,Pij,16,-1.3938728869755967
Stage2,Scenario3,Pij,17,-1.6555325568609327
Stage2,Scenario3,Pij,18,-1.7913890022719474
Stage2,Scenario3,Pij,19,-0.6536959947121885
Stage2,Scenario3,Pij,2,0.698272117014819
Stage2,Scenario3,Pij,20,-1.3266160136381198
Stage2,Scenario3,Pij,21,-1.6379777453999094
Stage2,Scenario3,Pij,22,-1.0943249729788678
Stage2,Scenario3,Pij,23,-1.5376800429311992
Stage2,Scenario3,Pij,24,-2.5936959947121885
Stage2,Scenario3,Pij,25,-0.26116658393549796
Stage2,Scenario3,Pij,26,-3.40079759343169
Stage2,Scenario3,Pij,27,0.0
Stage2,Scenario3,Pij,28,1.841964177367186
Stage2,Scenario3,Pij,29,-3.2092024065683544
Stage2,Scenario3,Pij,3,0.4755207105792212
Stage2,Scenario3,Pij,30,0.904339827920668
Stage2,Scenario3,Pij,31,-2.7177032437211874
Stage2,Scenario3,Pij,32,-0.491499162847167
Stage2,Scenario3,Pij,33,-1.5658516218605936
Stage2,Scenario3,Pij,34,-1.5658516218605936
Stage2,Scenario3,Pij,35,-0.11983008603966605
Stage2,Scenario3,Pij,36,-0.11983008603966605
Stage2,Scenario3,Pij,37,-0.7598300860396661
Stage2,Scenario3,Pij,38,-0.7598300860396661
Stage2,Scenario3,Pij,39,0.3993025806102719
Stage2,Scenario3,Pij,4,0.5681265404324136
Stage2,Scenario3,Pij,40,-0.5819628904581138
Stage2,Scenario3,Pij,41,-0.4456418157045518
Stage2,Scenario3,Pij,42,-0.03825796069081346
Stage2,Scenario3,Pij,43,0.12389977639536198
Stage2,Scenario3,Pij,44,0.07402756478453054
Stage2,Scenario3,Pij,45,0.19033061951091423
Stage2,Scenario3,Pij,46,-0.48761502730147444
Stage2,Scenario3,Pij,47,0.0
Stage2,Scenario3,Pij,48,-0.6659724352154694
Stage2,Scenario3,Pij,49,-0.586100223604638
Stage2,Scenario3,Pij,5,0.11904480934072553
Stage2,Scenario3,Pij,50,-1.1696693804890859
Stage2,Scenario3,Pij,51,-0.8100000000000023
Stage2,Scenario3,Pij,52,-1.3359190280940456
Stage2,Scenario3,Pij,53,-1.1840809719059566
Stage2,Scenario3,Pij,54,-1.8720626563082805
Stage2,Scenario3,Pij,55,-2.3674438343027195
Stage2,Scenario3,Pij,56,-2.1935742469484767
Stage2,Scenario3,Pij,57,-2.696276329051208
Stage2,Scenario3,Pij,58,-2.3864744729123673
Stage2,Scenario3,Pij,59,-1.6791624303443866
Stage2,Scenario3,Pij,6,-1.841964177367186
Stage2,Scenario3,Pij,60,-1.493549899577392
Stage2,Scenario3,Pij,61,-3.270170263776535
Stage2,Scenario3,Pij,62,-2.822024372489761
Stage2,Scenario3,Pij,63,-3.6191624303443866
Stage2,Scenario3,Pij,64,1.438366521131531
Stage2,Scenario3,Pij,65,-1.1475232820313652
Stage2,Scenario3,Pij,66,-1.1475232820313652
Stage2,Scenario3,Pij,67,0.0
Stage2,Scenario3,Pij,68,-1.8229905454791548
Stage2,Scenario3,Pij,69,-0.10780536373369953
Stage2,Scenario3,Pij,7,-0.2644792894207788
Stage2,Scenario3,Pij,70,-1.0333747220857372
Stage2,Scenario3,Pij,71,-1.3715787138515316
Stage2,Scenario3,Pij,72,-0.7236873610428685
Stage2,Scenario3,Pij,73,-0.7236873610428685
Stage2,Scenario3,Pij,74,-0.9589026818668497
Stage2,Scenario3,Pij,75,-0.9589026818668497
Stage2,Scenario3,Pij,76,-1.5989026818668497
Stage2,Scenario3,Pij,77,-1.5989026818668497
Stage2,Scenario3,Pij,78,-1.6284212861484684
Stage2,Scenario3,Pij,79,0.2516123039465893
Stage2,Scenario3,Pij,8,-0.011727882985181015
Stage2,Scenario3,Pij,80,-0.7277000229680098
Stage2,Scenario3,Pij,81,-0.003912280978585203
Stage2,Scenario3,Pij,82,-0.1827379060749681
Stage2,Scenario3,Pij,83,0.06435021002155161
Stage2,Scenario3,Pij,84,0.31844387225365234
Stage2,Scenario3,Pij,85,-2.8461438952216622
Stage2,Scenario3,Pij,86,-0.9227379060749681
Stage2,Scenario3,Pij,87,-0.7139122809785852
Stage2,Scenario3,Pij,88,-1.2956497899784485
Stage2,Scenario3,Pij,89,-0.8100000000000023
Stage2,Scenario3,Pij,9,-0.7918734595675865
Stage2,Scenario3,Pij,90,-1.4190698770871837
Stage2,Scenario3,Pij,91,-1.1009301229128186
Stage2,Scenario3,Pij,92,-1.985848767960095
Stage2,Scenario3,Pij,93,-1.787515142948404
Stage2,Scenario3,Pij,94,-2.630878428837411
Stage2,Scenario3,Pij,95,-2.4296137650324434
Stage2,Scenario3,Pij,96,-2.4336371351477375
Stage2,Scenario3,Pij,97,-2.183090061649769
Stage2,Scenario3,Pij,98,-2.7911334942314134
Stage2,Scenario3,Pij,99,-1.4259954137494337
Stage2,Scenario3,bus_gen,0:0,0.0799999999999983
Stage2,Scenario3,bus_gen,0:1,0.0799999999999983
Stage2,Scenario3,bus_gen,0:113,0.0
Stage2,Scenario3,bus_gen,0:117,0.0
Stage2,Scenario3,bus_gen,0:118,0.0
Stage2,Scenario3,bus_gen,0:119,0.0
Stage2,Scenario3,bus_gen,0:2,0.76
Stage2,Scenario3,bus_gen,0:3,0.76
Stage2,Scenario3,bus_gen,1:112,0.256
Stage2,Scenario3,bus_gen,1:114,0.253
Stage2,Scenario3,bus_gen,1:4,0.0799999999999983
Stage2,Scenario3,bus_gen,1:5,0.0799999999999983
Stage2,Scenario3,bus_gen,1:6,0.76
Stage2,Scenario3,bus_gen,1:7,0.76
Stage2,Scenario3,bus_gen,12:10,0.55
Stage2,Scenario3,bus_gen,12:109,0.9359999999999999
Stage2,Scenario3,bus_gen,12:11,0.55
Stage2,Scenario3,bus_gen,12:12,0.55
Stage2,Scenario3,bus_gen,12:9,0.55
Stage2,Scenario3,bus_gen,13:72,0.0
Stage2,Scenario3,bus_gen,14:13,0.049999999999998934
Stage2,Scenario3,bus_gen,14:14,0.049999999999998934
Stage2,Scenario3,bus_gen,14:15,1.2500000000000002
Stage2,Scenario3,bus_gen,15:16,1.55
Stage2,Scenario3,bus_gen,17:141,0.09300000000000001
Stage2,Scenario3,bus_gen,17:142,0.09699999999999999
Stage2,Scenario3,bus_gen,17:143,0.094
Stage2,Scenario3,bus_gen,17:144,0.091
Stage2,Scenario3,bus_gen,17:145,0.09100000000000003
Stage2,Scenario3,bus_gen,17:146,0.09699999999999999
Stage2,Scenario3,bus_gen,17:148,0.11800000000000001
Stage2,Scenario3,bus_gen,17:149,0.112
Stage2,Scenario3,bus_gen,17:150,0.10300000000000001
Stage2,Scenario3,bus_gen,17:151,0.045
Stage2,Scenario3,bus_gen,17:17,1.9750000000000003
Stage2,Scenario3,bus_gen,18:121,0.6659999999999999
Stage2,Scenario3,bus_gen,2:120,0.0
Stage2,Scenario3,bus_gen,20:73,3.96
Stage2,Scenario3,bus_gen,21:156,0.0
Stage2,Scenario3,bus_gen,21:74,0.09219658223689509
Stage2,Scenario3,bus_gen,21:75,0.0
Stage2,Scenario3,bus_gen,21:76,0.0
Stage2,Scenario3,bus_gen,21:77,0.0
Stage2,Scenario3,bus_gen,21:78,0.0
Stage2,Scenario3,bus_gen,21:79,0.0
Stage2,Scenario3,bus_gen,22:18,0.6199999999999983
Stage2,Scenario3,bus_gen,22:19,1.3999999999999986
Stage2,Scenario3,bus_gen,22:20,0.55
Stage2,Scenario3,bus_gen,22:21,0.55
Stage2,Scenario3,bus_gen,22:22,0.55
Stage2,Scenario3,bus_gen,24:23,0.0799999999999983
Stage2,Scenario3,bus_gen,24:24,0.0799999999999983
Stage2,Scenario3,bus_gen,24:25,0.56
Stage2,Scenario3,bus_gen,24:80,0.0
Stage2,Scenario3,bus_gen,25:26,0.0799999999999983
Stage2,Scenario3,bus_gen,25:27,0.0799999999999983
Stage2,Scenario3,bus_gen,25:28,0.76
Stage2,Scenario3,bus_gen,25:29,0.76
Stage2,Scenario3,bus_gen,3:115,0.0
Stage2,Scenario3,bus_gen,30:30,0.21999999999999886
Stage2,Scenario3,bus_gen,30:31,0.21999999999999886
Stage2,Scenario3,bus_gen,35:116,0.29999999999999893
Stage2,Scenario3,bus_gen,36:152,0.132
Stage2,Scenario3,bus_gen,36:32,3.136
Stage2,Scenario3,bus_gen,36:33,0.21999999999999886
Stage2,Scenario3,bus_gen,36:34,0.21999999999999886
Stage2,Scenario3,bus_gen,37:81,0.0
Stage2,Scenario3,bus_gen,38:111,1.251
Stage2,Scenario3,bus_gen,38:35,0.55
Stage2,Scenario3,bus_gen,38:36,0.55
Stage2,Scenario3,bus_gen,38:82,0.5
Stage2,Scenario3,bus_gen,38:83,0.5
Stage2,Scenario3,bus_gen,38:84,0.5
Stage2,Scenario3,bus_gen,39:37,1.2500000000000002
Stage2,Scenario3,bus_gen,41:38,2.9160000000000004
Stage2,Scenario3,bus_gen,44:39,2.1139999999999985
Stage2,Scenario3,bus_gen,45:85,0.5
Stage2,Scenario3,bus_gen,45:86,0.5
Stage2,Scenario3,bus_gen,45:87,0.5
Stage2,Scenario3,bus_gen,45:88,0.5
Stage2,Scenario3,bus_gen,45:89,0.5
Stage2,Scenario3,bus_gen,45:90,0.5
Stage2,Scenario3,bus_gen,46:40,0.6199999999999983
Stage2,Scenario3,bus_gen,46:41,0.6199999999999983
Stage2,Scenario3,bus_gen,46:42,1.3999999999999986
Stage2,Scenario3,bus_gen,46:43,0.55
Stage2,Scenario3,bus_gen,46:44,0.55
Stage2,Scenario3,bus_gen,46:45,0.55
Stage2,Scenario3,bus_gen,48:46,0.0799999999999983
Stage2,Scenario3,bus_gen,48:47,0.0799999999999983
Stage2,Scenario3,bus_gen,48:48,0.21999999999999886
Stage2,Scenario3,bus_gen,48:49,0.21999999999999886
Stage2,Scenario3,bus_gen,49:50,0.0799999999999983
Stage2,Scenario3,bus_gen,49:51,0.0799999999999983
Stage2,Scenario3,bus_gen,49:52,0.21999999999999886
Stage2,Scenario3,bus_gen,49:53,0.21999999999999886
Stage2,Scenario3,bus_gen,50:155,0.0
Stage2,Scenario3,bus_gen,54:54,0.21999999999999886
Stage2,Scenario3,bus_gen,54:55,0.21999999999999886
Stage2,Scenario3,bus_gen,55:122,0.0
Stage2,Scenario3,bus_gen,56:153,0.0
Stage2,Scenario3,bus_gen,57:103,0.0
Stage2,Scenario3,bus_gen,57:106,0.0
Stage2,Scenario3,bus_gen,59:105,0.0
Stage2,Scenario3,bus_gen,6:8,3.55
Stage2,Scenario3,bus_gen,60:102,0.9329999999999999
Stage2,Scenario3,bus_gen,60:123,1.0170000000000001
Stage2,Scenario3,bus_gen,60:124,0.0
Stage2,Scenario3,bus_gen,60:125,0.0
Stage2,Scenario3,bus_gen,60:126,0.0
Stage2,Scenario3,bus_gen,60:127,0.648
Stage2,Scenario3,bus_gen,60:128,0.0
Stage2,Scenario3,bus_gen,60:129,0.6409999999999999
Stage2,Scenario3,bus_gen,60:130,0.6659999999999999
Stage2,Scenario3,bus_gen,60:131,0.624
Stage2,Scenario3,bus_gen,60:132,0.0
Stage2,Scenario3,bus_gen,60:133,0.0
Stage2,Scenario3,bus_gen,60:134,0.0
Stage2,Scenario3,bus_gen,60:138,0.272
Stage2,Scenario3,bus_gen,60:157,0.37280341776316417
Stage2,Scenario3,bus_gen,60:56,1.6999999999999984
Stage2,Scenario3,bus_gen,60:99,0.951
Stage2,Scenario3,bus_gen,61:100,0.927
Stage2,Scenario3,bus_gen,61:101,0.516
Stage2,Scenario3,bus_gen,61:91,0.0
Stage2,Scenario3,bus_gen,61:97,0.516
Stage2,Scenario3,bus_gen,61:98,0.516
Stage2,Scenario3,bus_gen,62:57,0.049999999999998934
Stage2,Scenario3,bus_gen,62:58,0.049999999999998934
Stage2,Scenario3,bus_gen,62:59,0.049999999999998934
Stage2,Scenario3,bus_gen,62:60,0.049999999999998934
Stage2,Scenario3,bus_gen,62:61,0.049999999999998934
Stage2,Scenario3,bus_gen,62:62,0.21999999999999886
Stage2,Scenario3,bus_gen,62:63,0.21999999999999886
Stage2,Scenario3,bus_gen,62:64,0.21999999999999886
Stage2,Scenario3,bus_gen,63:65,1.2500000000000002
Stage2,Scenario3,bus_gen,64:154,7.9910000000000005
Stage2,Scenario3,bus_gen,65:66,2.9160000000000004
Stage2,Scenario3,bus_gen,66:110,0.0
Stage2,Scenario3,bus_gen,67:135,0.273
Stage2,Scenario3,bus_gen,67:136,0.27
Stage2,Scenario3,bus_gen,67:137,0.28300000000000003
Stage2,Scenario3,bus_gen,67:139,0.27
Stage2,Scenario3,bus_gen,67:140,0.28200000000000003
Stage2,Scenario3,bus_gen,67:147,0.094
Stage2,Scenario3,bus_gen,67:96,0.516
Stage2,Scenario3,bus_gen,68:67,2.1139999999999985
Stage2,Scenario3,bus_gen,69:68,0.21999999999999886
Stage2,Scenario3,bus_gen,69:69,0.21999999999999886
Stage2,Scenario3,bus_gen,69:92,0.5
Stage2,Scenario3,bus_gen,69:93,0.5
Stage2,Scenario3,bus_gen,69:94,0.5
Stage2,Scenario3,bus_gen,69:95,0.5
Stage2,Scenario3,bus_gen,70:70,1.6999999999999984
Stage2,Scenario3,bus_gen,70:71,1.6999999999999984
Stage2,Scenario3,bus_gen,71:104,0.49700000000000005
Stage2,Scenario3,bus_gen,71:107,0.516
Stage2,Scenario3,bus_gen,71:108,0.51
Stage2,Scenario3,cvar,None,27.4536842105263
Stage2,Scenario3,gen_curtailment,0:0,0.0
Stage2,Scenario3,gen_curtailment,0:1,0.0
Stage2,Scenario3,gen_curtailment,0:113,0.0
Stage2,Scenario3,gen_curtailment,0:117,0.0
Stage2,Scenario3,gen_curtailment,0:118,0.0
Stage2,Scenario3,gen_curtailment,0:119,0.0
Stage2,Scenario3,gen_curtailment,0:2,0.0
Stage2,Scenario3,gen_curtailment,0:3,0.0
Stage2,Scenario3,gen_curtailment,1:112,0.0
Stage2,Scenario3,gen_curtailment,1:114,0.0
Stage2,Scenario3,gen_curtailment,1:4,0.0
Stage2,Scenario3,gen_curtailment,1:5,0.0
Stage2,Scenario3,gen_curtailment,1:6,0.0
Stage2,Scenario3,gen_curtailment,1:7,0.0
Stage2,Scenario3,gen_curtailment,12:10,0.0
Stage2,Scenario3,gen_curtailment,12:109,0.0
Stage2,Scenario3,gen_curtailment,12:11,0.0
Stage2,Scenario3,gen_curtailment,12:12,0.0
Stage2,Scenario3,gen_curtailment,12:9,0.0
Stage2,Scenario3,gen_curtailment,13:72,0.0
Stage2,Scenario3,gen_curtailment,14:13,0.0
Stage2,Scenario3,gen_curtailment,14:14,0.0
Stage2,Scenario3,gen_curtailment,14:15,0.0
Stage2,Scenario3,gen_curtailment,15:16,0.0
Stage2,Scenario3,gen_curtailment,17:141,0.0
Stage2,Scenario3,gen_curtailment,17:142,0.0
Stage2,Scenario3,gen_curtailment,17:143,0.0
Stage2,Scenario3,gen_curtailment,17:144,0.0
Stage2,Scenario3,gen_curtailment,17:145,0.0
Stage2,Scenario3,gen_curtailment,17:146,0.0
Stage2,Scenario3,gen_curtailment,17:148,0.0
Stage2,Scenario3,gen_curtailment,17:149,0.0
Stage2,Scenario3,gen_curtailment,17:150,0.0
Stage2,Scenario3,gen_curtailment,17:151,0.0
Stage2,Scenario3,gen_curtailment,17:17,0.0
Stage2,Scenario3,gen_curtailment,18:121,0.0
Stage2,Scenario3,gen_curtailment,2:120,0.0
Stage2,Scenario3,gen_curtailment,20:73,0.0
Stage2,Scenario3,gen_curtailment,21:156,0.0
Stage2,Scenario3,gen_curtailment,21:74,0.0
Stage2,Scenario3,gen_curtailment,21:75,0.0
Stage2,Scenario3,gen_curtailment,21:76,0.0
Stage2,Scenario3,gen_curtailment,21:77,0.0
Stage2,Scenario3,gen_curtailment,21:78,0.0
Stage2,Scenario3,gen_curtailment,21:79,0.0
Stage2,Scenario3,gen_curtailment,22:18,0.0
Stage2,Scenario3,gen_curtailment,22:19,0.0
Stage2,Scenario3,gen_curtailment,22:20,0.0
Stage2,Scenario3,gen_curtailment,22:21,0.0
Stage2,Scenario3,gen_curtailment,22:22,0.0
Stage2,Scenario3,gen_curtailment,24:23,0.0
Stage2,Scenario3,gen_curtailment,24:24,0.0
Stage2,Scenario3,gen_curtailment,24:25,0.0
Stage2,Scenario3,gen_curtailment,24:80,0.0
Stage2,Scenario3,gen_curtailment,25:26,0.0
Stage2,Scenario3,gen_curtailment,25:27,0.0
Stage2,Scenario3,gen_curtailment,25:28,0.0
Stage2,Scenario3,gen_curtailment,25:29,0.0
Stage2,Scenario3,gen_curtailment,3:115,0.0
Stage2,Scenario3,gen_curtailment,30:30,0.0
Stage2,Scenario3,gen_curtailment,30:31,0.0
Stage2,Scenario3,gen_curtailment,35:116,0.0
Stage2,Scenario3,gen_curtailment,36:152,0.0
Stage2,Scenario3,gen_curtailment,36:32,0.0
Stage2,Scenario3,gen_curtailment,36:33,0.0
Stage2,Scenario3,gen_curtailment,36:34,0.0
Stage2,Scenario3,gen_curtailment,37:81,0.0
Stage2,Scenario3,gen_curtailment,38:111,0.0
Stage2,Scenario3,gen_curtailment,38:35,0.0
Stage2,Scenario3,gen_curtailment,38:36,0.0
Stage2,Scenario3,gen_curtailment,38:82,0.0
Stage2,Scenario3,gen_curtailment,38:83,0.0
Stage2,Scenario3,gen_curtailment,38:84,0.0
Stage2,Scenario3,gen_curtailment,39:37,0.0
Stage2,Scenario3,gen_curtailment,41:38,0.0
Stage2,Scenario3,gen_curtailment,44:39,0.0
Stage2,Scenario3,gen_curtailment,45:85,0.0
Stage2,Scenario3,gen_curtailment,45:86,0.0
Stage2,Scenario3,gen_curtailment,45:87,0.0
Stage2,Scenario3,gen_curtailment,45:88,0.0
Stage2,Scenario3,gen_curtailment,45:89,0.0
Stage2,Scenario3,gen_curtailment,45:90,0.0
Stage2,Scenario3,gen_curtailment,46:40,0.0
Stage2,Scenario3,gen_curtailment,46:41,0.0
Stage2,Scenario3,gen_curtailment,46:42,0.0
Stage2,Scenario3,gen_curtailment,46:43,0.0
Stage2,Scenario3,gen_curtailment,46:44,0.0
Stage2,Scenario3,gen_curtailment,46:45,0.0
Stage2,Scenario3,gen_curtailment,48:46,0.0
Stage2,Scenario3,gen_curtailment,48:47,0.0
Stage2,Scenario3,gen_curtailment,48:48,0.0
Stage2,Scenario3,gen_curtailment,48:49,0.0
Stage2,Scenario3,gen_curtailment,49:50,0.0
Stage2,Scenario3,gen_curtailment,49:51,0.0
Stage2,Scenario3,gen_curtailment,49:52,0.0
Stage2,Scenario3,gen_curtailment,49:53,0.0
Stage2,Scenario3,gen_curtailment,50:155,0.0
Stage2,Scenario3,gen_curtailment,54:54,0.0
Stage2,Scenario3,gen_curtailment,54:55,0.0
Stage2,Scenario3,gen_curtailment,55:122,0.0
Stage2,Scenario3,gen_curtailment,56:153,0.0
Stage2,Scenario3,gen_curtailment,57:103,0.0
Stage2,Scenario3,gen_curtailment,57:106,0.0
Stage2,Scenario3,gen_curtailment,59:105,0.0
Stage2,Scenario3,gen_curtailment,6:8,0.0
Stage2,Scenario3,gen_curtailment,60:102,0.0
Stage2,Scenario3,gen_curtailment,60:123,0.0
Stage2,Scenario3,gen_curtailment,60:124,0.0
Stage2,Scenario3,gen_curtailment,60:125,0.0
Stage2,Scenario3,gen_curtailment,60:126,0.0
Stage2,Scenario3,gen_curtailment,60:127,0.0
Stage2,Scenario3,gen_curtailment,60:128,0.0
Stage2,Scenario3,gen_curtailment,60:129,0.0
Stage2,Scenario3,gen_curtailment,60:130,0.0
Stage2,Scenario3,gen_curtailment,60:131,0.0
Stage2,Scenario3,gen_curtailment,60:132,0.0
Stage2,Scenario3,gen_curtailment,60:133,0.0
Stage2,Scenario3,gen_curtailment,60:134,0.0
Stage2,Scenario3,gen_curtailment,60:138,0.0
Stage2,Scenario3,gen_curtailment,60:157,0.0
Stage2,Scenario3,gen_curtailment,60:56,0.0
Stage2,Scenario3,gen_curtailment,60:99,0.0
Stage2,Scenario3,gen_curtailment,61:100,0.0
Stage2,Scenario3,gen_curtailment,61:101,0.0
Stage2,Scenario3,gen_curtailment,61:91,0.0
Stage2,Scenario3,gen_curtailment,61:97,0.0
Stage2,Scenario3,gen_curtailment,61:98,0.0
Stage2,Scenario3,gen_curtailment,62:57,0.0
Stage2,Scenario3,gen_curtailment,62:58,0.0
Stage2,Scenario3,gen_curtailment,62:59,0.0
Stage2,Scenario3,gen_curtailment,62:60,0.0
Stage2,Scenario3,gen_curtailment,62:61,0.0
Stage2,Scenario3,gen_curtailment,62:62,0.0
Stage2,Scenario3,gen_curtailment,62:63,0.0
Stage2,Scenario3,gen_curtailment,62:64,0.0
Stage2,Scenario3,gen_curtailment,63:65,0.0
Stage2,Scenario3,gen_curtailment,64:154,0.0
Stage2,Scenario3,gen_curtailment,65:66,0.0
Stage2,Scenario3,gen_curtailment,66:110,0.0
Stage2,Scenario3,gen_curtailment,67:135,0.0
Stage2,Scenario3,gen_curtailment,67:136,0.0
Stage2,Scenario3,gen_curtailment,67:137,0.0
Stage2,Scenario3,gen_curtailment,67:139,0.0
Stage2,Scenario3,gen_curtailment,67:140,0.0
Stage2,Scenario3,gen_curtailment,67:147,0.0
Stage2,Scenario3,gen_curtailment,67:96,0.0
Stage2,Scenario3,gen_curtailment,68:67,0.0
Stage2,Scenario3,gen_curtailment,69:68,0.0
Stage2,Scenario3,gen_curtailment,69:69,0.0
Stage2,Scenario3,gen_curtailment,69:92,0.0
Stage2,Scenario3,gen_curtailment,69:93,0.0
Stage2,Scenario3,gen_curtailment,69:94,0.0
Stage2,Scenario3,gen_curtailment,69:95,0.0
Stage2,Scenario3,gen_curtailment,70:70,0.0
Stage2,Scenario3,gen_curtailment,70:71,0.0
Stage2,Scenario3,gen_curtailment,71:104,0.0
Stage2,Scenario3,gen_curtailment,71:107,0.0
Stage2,Scenario3,gen_curtailment,71:108,0.0
Stage2,Scenario3,load_shed,0,0.0
Stage2,Scenario3,load_shed,1,0.0
Stage2,Scenario3,load_shed,10,0.0
Stage2,Scenario3,load_shed,11,0.0
Stage2,Scenario3,load_shed,12,0.0
Stage2,Scenario3,load_shed,13,0.0
Stage2,Scenario3,load_shed,14,0.0
Stage2,Scenario3,load_shed,15,0.0
Stage2,Scenario3,load_shed,16,0.0
Stage2,Scenario3,load_shed,17,0.0
Stage2,Scenario3,load_shed,18,0.0
Stage2,Scenario3,load_shed,19,0.0
Stage2,Scenario3,load_shed,2,0.0
Stage2,Scenario3,load_shed,20,0.0
Stage2,Scenario3,load_shed,21,0.0
Stage2,Scenario3,load_shed,22,0.0
Stage2,Scenario3,load_shed,23,0.0
Stage2,Scenario3,load_shed,24,0.0
Stage2,Scenario3,load_shed,25,0.0
Stage2,Scenario3,load_shed,26,0.0
Stage2,Scenario3,load_shed,27,0.0
Stage2,Scenario3,load_shed,28,0.0
Stage2,Scenario3,load_shed,29,0.0
Stage2,Scenario3,load_shed,3,0.0
Stage2,Scenario3,load_shed,30,0.0
Stage2,Scenario3,load_shed,31,0.0
Stage2,Scenario3,load_shed,32,0.0
Stage2,Scenario3,load_shed,33,0.0
Stage2,Scenario3,load_shed,34,0.0
Stage2,Scenario3,load_shed,35,0.0
Stage2,Scenario3,load_shed,36,0.0
Stage2,Scenario3,load_shed,37,0.0
Stage2,Scenario3,load_shed,38,0.0
Stage2,Scenario3,load_shed,39,0.0
Stage2,Scenario3,load_shed,4,0.0
Stage2,Scenario3,load_shed,40,0.0
Stage2,Scenario3,load_shed,41,0.0
Stage2,Scenario3,load_shed,42,0.0
Stage2,Scenario3,load_shed,43,0.0
Stage2,Scenario3,load_shed,44,0.0
Stage2,Scenario3,load_shed,45,0.0
Stage2,Scenario3,load_shed,46,0.0
Stage2,Scenario3,load_shed,47,0.0
Stage2,Scenario3,load_shed,48,0.0
Stage2,Scenario3,load_shed,49,0.0
Stage2,Scenario3,load_shed,5,0.0
Stage2,Scenario3,load_shed,50,0.0
Stage2,Scenario3,load_shed,51,0.0
Stage2,Scenario3,load_shed,52,0.0
Stage2,Scenario3,load_shed,53,0.0
Stage2,Scenario3,load_shed,54,0.0
Stage2,Scenario3,load_shed,55,0.0
Stage2,Scenario3,load_shed,56,0.0
Stage2,Scenario3,load_shed,57,0.0
Stage2,Scenario3,load_shed,58,0.0
Stage2,Scenario3,load_shed,59,0.0
Stage2,Scenario3,load_shed,6,0.0
Stage2,Scenario3,load_shed,60,0.0
Stage2,Scenario3,load_shed,61,0.0
Stage2,Scenario3,load_shed,62,0.0
Stage2,Scenario3,load_shed,63,0.0
Stage2,Scenario3,load_shed,64,0.0
Stage2,Scenario3,load_shed,65,0.0
Stage2,Scenario3,load_shed,66,0.0
Stage2,Scenario3,load_shed,67,0.0
Stage2,Scenario3,load_shed,68,0.0
Stage2,Scenario3,load_shed,69,0.0
Stage2,Scenario3,load_shed,7,0.0
Stage2,Scenario3,load_shed,70,0.0
Stage2,Scenario3,load_shed,71,0.0
Stage2,Scenario3,load_shed,72,0.0
Stage2,Scenario3,load_shed,8,0.0
Stage2,Scenario3,load_shed,9,0.0
Stage2,Scenario3,load_shed_value,None,0.0
Stage2,Scenario3,nu,None,0.0
Stage2,Scenario3,theta,0,-0.14650719820902927
Stage2,Scenario3,theta,1,-0.14405225972319222
Stage2,Scenario3,theta,10,-0.08598667210905347
Stage2,Scenario3,theta,11,-0.06367756865462974
Stage2,Scenario3,theta,12,0.0
Stage2,Scenario3,theta,13,-0.058531440331141556
Stage2,Scenario3,theta,14,0.09005679142997404
Stage2,Scenario3,theta,15,0.09449662335687757
Stage2,Scenario3,theta,16,0.1779358859276548
Stage2,Scenario3,theta,17,0.21598373133975143
Stage2,Scenario3,theta,18,0.07369680731470221
Stage2,Scenario3,theta,19,0.07849001075628884
Stage2,Scenario3,theta,2,-0.16277121155544588
Stage2,Scenario3,theta,20,0.25669587350812684
Stage2,Scenario3,theta,21,0.22954329802660733
Stage2,Scenario3,theta,22,0.09520627264916148
Stage2,Scenario3,theta,23,-0.005725345793119591
Stage2,Scenario3,theta,24,-0.4212511120826088
Stage2,Scenario3,theta,25,-0.41501212666274506
Stage2,Scenario3,theta,26,-0.4131786823768472
Stage2,Scenario3,theta,27,-0.42441362739038047
Stage2,Scenario3,theta,28,-0.43178259307621464
Stage2,Scenario3,theta,29,-0.4515556056088406
Stage2,Scenario3,theta,3,-0.20444338996675332
Stage2,Scenario3,theta,30,-0.6249891337634894
Stage2,Scenario3,theta,31,-0.5755791337634892
Stage2,Scenario3,theta,32,-0.3551524941279717
Stage2,Scenario3,theta,33,-0.38020577339900635
Stage2,Scenario3,theta,34,-0.1931816331041792
Stage2,Scenario3,theta,35,-0.15032125358410034
Stage2,Scenario3,theta,36,-0.07863085840438558
Stage2,Scenario3,theta,37,-0.12265681102971497
Stage2,Scenario3,theta,38,0.11532600321983993
Stage2,Scenario3,theta,39,0.0908737723606039
Stage2,Scenario3,theta,4,-0.20586032815528887
Stage2,Scenario3,theta,40,0.1382715265430619
Stage2,Scenario3,theta,41,0.15273877265226224
Stage2,Scenario3,theta,42,0.09335329572647899
Stage2,Scenario3,theta,43,0.1317094030011529
Stage2,Scenario3,theta,44,0.17155464403937684
Stage2,Scenario3,theta,45,0.2822872914974727
Stage2,Scenario3,theta,46,0.16688526200222362
Stage2,Scenario3,theta,47,0.11532600321983993
Stage2,Scenario3,theta,48,0.1630797864413641
Stage2,Scenario3,theta,49,0.15955721418611185
Stage2,Scenario3,theta,5,-0.2531325554862156
Stage2,Scenario3,theta,50,0.31662449128761416
Stage2,Scenario3,theta,51,0.1827649282576328
Stage2,Scenario3,theta,52,0.16341233032454383
Stage2,Scenario3,theta,53,0.14720197386197395
Stage2,Scenario3,theta,54,-0.004826859229955925
Stage2,Scenario3,theta,55,0.044583140770044216
Stage2,Scenario3,theta,56,0.27872967048942954
Stage2,Scenario3,theta,57,0.22623661105065931
Stage2,Scenario3,theta,58,0.45054530589333697
Stage2,Scenario3,theta,59,0.43338548065732546
Stage2,Scenario3,theta,6,-0.19572517010116314
Stage2,Scenario3,theta,60,0.5673598883804284
Stage2,Scenario3,theta,61,0.5422350884826272
Stage2,Scenario3,theta,62,0.6280902023457393
Stage2,Scenario3,theta,63,0.6394724021199636
Stage2,Scenario3,theta,64,0.7491247310871313
Stage2,Scenario3,theta,65,0.6868852620022237
Stage2,Scenario3,theta,66,0.5900277831280064
Stage2,Scenario3,theta,67,0.5832324622654349
Stage2,Scenario3,theta,68,0.6994734692805237
Stage2,Scenario3,theta,69,0.8196924623605775
Stage2,Scenario3,theta,7,-0.2536359511644133
Stage2,Scenario3,theta,70,0.5717070357910206
Stage2,Scenario3,theta,71,0.5592867197942131
Stage2,Scenario3,theta,72,0.5449608050311523
Stage2,Scenario3,theta,8,-0.17693754386699223
Stage2,Scenario3,theta,9,-0.20482827445259286
Stage2,Scenario3,xij,0,1.0
Stage2,Scenario3,xij,1,1.0
Stage2,Scenario3,xij,10,1.0
Stage2,Scenario3,xij,100,1.0
Stage2,Scenario3,xij,101,1.0
Stage2,Scenario3,xij,102,1.0
Stage2,Scenario3,xij,103,1.0
Stage2,Scenario3,xij,104,1.0
Stage2,Scenario3,xij,105,1.0
Stage2,Scenario3,xij,106,1.0
Stage2,Scenario3,xij,107,1.0
Stage2,Scenario3,xij,108,1.0
Stage2,Scenario3,xij,109,1.0
Stage2,Scenario3,xij,11,1.0
Stage2,Scenario3,xij,110,1.0
Stage2,Scenario3,xij,111,1.0
Stage2,Scenario3,xij,112,1.0
Stage2,Scenario3,xij,113,1.0
Stage2,Scenario3,xij,114,1.0
Stage2,Scenario3,xij,115,1.0
Stage2,Scenario3,xij,116,1.0
Stage2,Scenario3,xij,117,1.0
Stage2,Scenario3,xij,118,1.0
Stage2,Scenario3,xij,119,1.0
Stage2,Scenario3,xij,12,1.0
Stage2,Scenario3,xij,13,1.0
Stage2,Scenario3,xij,14,1.0
Stage2,Scenario3,xij,15,1.0
Stage2,Scenario3,xij,16,1.0
Stage2,Scenario3,xij,17,1.0
Stage2,Scenario3,xij,18,1.0
Stage2,Scenario3,xij,19,1.0
Stage2,Scenario3,xij,2,1.0
Stage2,Scenario3,xij,20,1.0
Stage2,Scenario3,xij,21,1.0
Stage2,Scenario3,xij,22,1.0
Stage2,Scenario3,xij,23,1.0
Stage2,Scenario3,xij,24,1.0
Stage2,Scenario3,xij,25,1.0
Stage2,Scenario3,xij,26,1.0
Stage2,Scenario3,xij,27,0.0
Stage2,Scenario3,xij,28,1.0
Stage2,Scenario3,xij,29,1.0
Stage2,Scenario3,xij,3,1.0
Stage2,Scenario3,xij,30,1.0
Stage2,Scenario3,xij,31,1.0
Stage2,Scenario3,xij,32,1.0
Stage2,Scenario3,xij,33,1.0
Stage2,Scenario3,xij,34,1.0
Stage2,Scenario3,xij,35,1.0
Stage2,Scenario3,xij,36,1.0
Stage2,Scenario3,xij,37,1.0
Stage2,Scenario3,xij,38,1.0
Stage2,Scenario3,xij,39,1.0
Stage2,Scenario3,xij,4,1.0
Stage2,Scenario3,xij,40,1.0
Stage2,Scenario3,xij,41,1.0
Stage2,Scenario3,xij,42,1.0
Stage2,Scenario3,xij,43,1.0
Stage2,Scenario3,xij,44,1.0
Stage2,Scenario3,xij,45,1.0
Stage2,Scenario3,xij,46,1.0
Stage2,Scenario3,xij,47,0.0
Stage2,Scenario3,xij,48,1.0
Stage2,Scenario3,xij,49,1.0
Stage2,Scenario3,xij,5,1.0
Stage2,Scenario3,xij,50,1.0
Stage2,Scenario3,xij,51,1.0
Stage2,Scenario3,xij,52,1.0
Stage2,Scenario3,xij,53,1.0
Stage2,Scenario3,xij,54,1.0
Stage2,Scenario3,xij,55,1.0
Stage2,Scenario3,xij,56,1.0
Stage2,Scenario3,xij,57,1.0
Stage2,Scenario3,xij,58,1.0
Stage2,Scenario3,xij,59,1.0
Stage2,Scenario3,xij,6,1.0
Stage2,Scenario3,xij,60,1.0
Stage2,Scenario3,xij,61,1.0
Stage2,Scenario3,xij,62,1.0
Stage2,Scenario3,xij,63,1.0
Stage2,Scenario3,xij,64,1.0
Stage2,Scenario3,xij,65,1.0
Stage2,Scenario3,xij,66,1.0
Stage2,Scenario3,xij,67,1.0
Stage2,Scenario3,xij,68,1.0
Stage2,Scenario3,xij,69,1.0
Stage2,Scenario3,xij,7,1.0
Stage2,Scenario3,xij,70,1.0
Stage2,Scenario3,xij,71,1.0
Stage2,Scenario3,xij,72,1.0
Stage2,Scenario3,xij,73,1.0
Stage2,Scenario3,xij,74,1.0
Stage2,Scenario3,xij,75,1.0
Stage2,Scenario3,xij,76,1.0
Stage2,Scenario3,xij,77,1.0
Stage2,Scenario3,xij,78,1.0
Stage2,Scenario3,xij,79,1.0
Stage2,Scenario3,xij,8,1.0
Stage2,Scenario3,xij,80,1.0
Stage2,Scenario3,xij,81,1.0
Stage2,Scenario3,xij,82,1.0
Stage2,Scenario3,xij,83,1.0
Stage2,Scenario3,xij,84,1.0
Stage2,Scenario3,xij,85,1.0
Stage2,Scenario3,xij,86,1.0
Stage2,Scenario3,xij,87,1.0
Stage2,Scenario3,xij,88,1.0
Stage2,Scenario3,xij,89,1.0
Stage2,Scenario3,xij,9,1.0
Stage2,Scenario3,xij,90,1.0
Stage2,Scenario3,xij,91,1.0
Stage2,Scenario3,xij,92,1.0
Stage2,Scenario3,xij,93,1.0
Stage2,Scenario3,xij,94,1.0
Stage2,Scenario3,xij,95,1.0
Stage2,Scenario3,xij,96,1.0
Stage2,Scenario3,xij,97,1.0
Stage2,Scenario3,xij,98,1.0
Stage2,Scenario3,xij,99,1.0
Stage2,Scenario30,Pij,0,0.44000000000000006
Stage2,Scenario30,Pij,1,0.0
Stage2,Scenario30,Pij,10,2.2999999999999994
Stage2,Scenario30,Pij,100,0.0
Stage2,Scenario30,Pij,101,-0.2500000000000002
Stage2,Scenario30,Pij,102,0.0
Stage2,Scenario30,Pij,103,-0.6429999999999993
Stage2,Scenario30,Pij,104,-0.6429999999999993
Stage2,Scenario30,Pij,105,0.0
Stage2,Scenario30,Pij,106,0.0
Stage2,Scenario30,Pij,107,0.0
Stage2,Scenario30,Pij,108,0.0
Stage2,Scenario30,Pij,109,0.0
Stage2,Scenario30,Pij,11,0.0
Stage2,Scenario30,Pij,110,-0.4139999999999997
Stage2,Scenario30,Pij,111,0.0
Stage2,Scenario30,Pij,112,0.0
Stage2,Scenario30,Pij,113,-1.81
Stage2,Scenario30,Pij,114,0.0
Stage2,Scenario30,Pij,115,-3.09
Stage2,Scenario30,Pij,116,0.0
Stage2,Scenario30,Pij,117,0.0
Stage2,Scenario30,Pij,118,0.0
Stage2,Scenario30,Pij,119,0.0
Stage2,Scenario30,Pij,12,0.0
Stage2,Scenario30,Pij,13,0.5899999999999994
Stage2,Scenario30,Pij,14,0.0
Stage2,Scenario30,Pij,15,0.0
Stage2,Scenario30,Pij,16,0.0
Stage2,Scenario30,Pij,17,0.0
Stage2,Scenario30,Pij,18,0.0
Stage2,Scenario30,Pij,19,0.0
Stage2,Scenario30,Pij,2,0.0
Stage2,Scenario30,Pij,20,0.0
Stage2,Scenario30,Pij,21,0.0
Stage2,Scenario30,Pij,22,0.0
Stage2,Scenario30,Pij,23,0.07900000000000351
Stage2,Scenario30,Pij,24,0.0
Stage2,Scenario30,Pij,25,0.0
Stage2,Scenario30,Pij,26,0.0
Stage2,Scenario30,Pij,27,-1.9199999999999997
Stage2,Scenario30,Pij,28,0.0
Stage2,Scenario30,Pij,29,0.0
Stage2,Scenario30,Pij,3,0.0
Stage2,Scenario30,Pij,30,1.1440000000000001
Stage2,Scenario30,Pij,31,0.0
Stage2,Scenario30,Pij,32,0.0
Stage2,Scenario30,Pij,33,0.0
Stage2,Scenario30,Pij,34,0.0
Stage2,Scenario30,Pij,35,0.0
Stage2,Scenario30,Pij,36,0.0
Stage2,Scenario30,Pij,37,-0.64
Stage2,Scenario30,Pij,38,-0.64
Stage2,Scenario30,Pij,39,0.0
Stage2,Scenario30,Pij,4,1.75
Stage2,Scenario30,Pij,40,0.7800000000000862
Stage2,Scenario30,Pij,41,0.0
Stage2,Scenario30,Pij,42,0.0
Stage2,Scenario30,Pij,43,0.0
Stage2,Scenario30,Pij,44,0.0
Stage2,Scenario30,Pij,45,1.36
Stage2,Scenario30,Pij,46,0.0
Stage2,Scenario30,Pij,47,-1.8
Stage2,Scenario30,Pij,48,0.0
Stage2,Scenario30,Pij,49,0.0
Stage2,Scenario30,Pij,5,0.0
Stage2,Scenario30,Pij,50,0.0
Stage2,Scenario30,Pij,51,1.0999999999999943
Stage2,Scenario30,Pij,52,0.0
Stage2,Scenario30,Pij,53,0.0
Stage2,Scenario30,Pij,54,-1.75
Stage2,Scenario30,Pij,55,0.0
Stage2,Scenario30,Pij,56,0.0
Stage2,Scenario30,Pij,57,-1.95
Stage2,Scenario30,Pij,58,-2.1820000000000004
Stage2,Scenario30,Pij,59,0.4320000000000004
Stage2,Scenario30,Pij,6,0.0
Stage2,Scenario30,Pij,60,0.050000000000000044
Stage2,Scenario30,Pij,61,0.0
Stage2,Scenario30,Pij,62,0.0
Stage2,Scenario30,Pij,63,0.0
Stage2,Scenario30,Pij,64,0.0
Stage2,Scenario30,Pij,65,-1.6999999999999988
Stage2,Scenario30,Pij,66,0.0
Stage2,Scenario30,Pij,67,1.8
Stage2,Scenario30,Pij,68,-0.7800000000000862
Stage2,Scenario30,Pij,69,1.0300000000000864
Stage2,Scenario30,Pij,7,0.0
Stage2,Scenario30,Pij,70,0.0
Stage2,Scenario30,Pij,71,0.0
Stage2,Scenario30,Pij,72,0.0
Stage2,Scenario30,Pij,73,-0.4139999999999997
Stage2,Scenario30,Pij,74,-0.3899999999999727
Stage2,Scenario30,Pij,75,-0.3899999999999727
Stage2,Scenario30,Pij,76,-1.0299999999999727
Stage2,Scenario30,Pij,77,-1.0299999999999727
Stage2,Scenario30,Pij,78,0.0
Stage2,Scenario30,Pij,79,0.0
Stage2,Scenario30,Pij,8,0.0
Stage2,Scenario30,Pij,80,0.1799999999999966
Stage2,Scenario30,Pij,81,0.0
Stage2,Scenario30,Pij,82,0.0
Stage2,Scenario30,Pij,83,0.0
Stage2,Scenario30,Pij,84,0.0
Stage2,Scenario30,Pij,85,-1.5230000000000068
Stage2,Scenario30,Pij,86,0.0
Stage2,Scenario30,Pij,87,0.0
Stage2,Scenario30,Pij,88,0.0
Stage2,Scenario30,Pij,89,0.0
Stage2,Scenario30,Pij,9,0.3899999999999999
Stage2,Scenario30,Pij,90,0.0
Stage2,Scenario30,Pij,91,-0.7009999999999998
Stage2,Scenario30,Pij,92,0.0
Stage2,Scenario30,Pij,93,0.0
Stage2,Scenario30,Pij,94,0.0
Stage2,Scenario30,Pij,95,0.0
Stage2,Scenario30,Pij,96,0.0
Stage2,Scenario30,Pij,97,0.0
Stage2,Scenario30,Pij,98,0.0
Stage2,Scenario30,Pij,99,0.0
Stage2,Scenario30,bus_gen,0:0,0.2
Stage2,Scenario30,bus_gen,0:1,0.2
Stage2,Scenario30,bus_gen,0:113,0.0
Stage2,Scenario30,bus_gen,0:117,0.0
Stage2,Scenario30,bus_gen,0:118,0.0
Stage2,Scenario30,bus_gen,0:119,0.0
Stage2,Scenario30,bus_gen,0:2,0.56
Stage2,Scenario30,bus_gen,0:3,0.56
Stage2,Scenario30,bus_gen,1:112,0.256
Stage2,Scenario30,bus_gen,1:114,0.10399999999999987
Stage2,Scenario30,bus_gen,1:4,0.2
Stage2,Scenario30,bus_gen,1:5,0.2
Stage2,Scenario30,bus_gen,1:6,0.76
Stage2,Scenario30,bus_gen,1:7,0.76
Stage2,Scenario30,bus_gen,12:10,0.44825000000000087
Stage2,Scenario30,bus_gen,12:109,0.9359999999999999
Stage2,Scenario30,bus_gen,12:11,0.44825000000000087
Stage2,Scenario30,bus_gen,12:12,0.44825000000000087
Stage2,Scenario30,bus_gen,12:9,0.44825000000000087
Stage2,Scenario30,bus_gen,13:72,0.0
Stage2,Scenario30,bus_gen,14:13,0.049999999999998934
Stage2,Scenario30,bus_gen,14:14,0.049999999999998934
Stage2,Scenario30,bus_gen,14:15,1.2500000000000002
Stage2,Scenario30,bus_gen,15:16,1.549999999999999
Stage2,Scenario30,bus_gen,17:141,0.09300000000000001
Stage2,Scenario30,bus_gen,17:142,0.09699999999999999
Stage2,Scenario30,bus_gen,17:143,0.09400000000000003
Stage2,Scenario30,bus_gen,17:144,0.091
Stage2,Scenario30,bus_gen,17:145,0.091
Stage2,Scenario30,bus_gen,17:146,0.09699999999999999
Stage2,Scenario30,bus_gen,17:148,0.11800000000000001
Stage2,Scenario30,bus_gen,17:149,0.11199999999999999
Stage2,Scenario30,bus_gen,17:150,0.10300000000000001
Stage2,Scenario30,bus_gen,17:151,0.04500000000000004
Stage2,Scenario30,bus_gen,17:17,2.3890000000000002
Stage2,Scenario30,bus_gen,18:121,0.6659999999999999
Stage2,Scenario30,bus_gen,2:120,0.6150000000000053
Stage2,Scenario30,bus_gen,20:73,3.96
Stage2,Scenario30,bus_gen,21:156,0.0
Stage2,Scenario30,bus_gen,21:74,0.0
Stage2,Scenario30,bus_gen,21:75,0.0
Stage2,Scenario30,bus_gen,21:76,0.0
Stage2,Scenario30,bus_gen,21:77,0.0
Stage2,Scenario30,bus_gen,21:78,0.0
Stage2,Scenario30,bus_gen,21:79,0.0
Stage2,Scenario30,bus_gen,22:18,0.6199999999999983
Stage2,Scenario30,bus_gen,22:19,1.3999999999999986
Stage2,Scenario30,bus_gen,22:20,0.21999999999999886
Stage2,Scenario30,bus_gen,22:21,0.21999999999999886
Stage2,Scenario30,bus_gen,22:22,0.21999999999999886
Stage2,Scenario30,bus_gen,24:23,0.0799999999999985
Stage2,Scenario30,bus_gen,24:24,0.0799999999999985
Stage2,Scenario30,bus_gen,24:25,0.76
Stage2,Scenario30,bus_gen,24:80,0.16000000000000306
Stage2,Scenario30,bus_gen,25:26,0.2
Stage2,Scenario30,bus_gen,25:27,0.2
Stage2,Scenario30,bus_gen,25:28,0.76
Stage2,Scenario30,bus_gen,25:29,0.76
Stage2,Scenario30,bus_gen,3:115,0.268
Stage2,Scenario30,bus_gen,30:30,0.5499999999999999
Stage2,Scenario30,bus_gen,30:31,0.5499999999999999
Stage2,Scenario30,bus_gen,35:116,2.0
Stage2,Scenario30,bus_gen,36:152,0.132
Stage2,Scenario30,bus_gen,36:32,3.55
Stage2,Scenario30,bus_gen,36:33,0.5499999999999999
Stage2,Scenario30,bus_gen,36:34,0.5499999999999999
Stage2,Scenario30,bus_gen,37:81,0.0
Stage2,Scenario30,bus_gen,38:111,1.251
Stage2,Scenario30,bus_gen,38:35,0.2199999999999989
Stage2,Scenario30,bus_gen,38:36,0.2199999999999989
Stage2,Scenario30,bus_gen,38:82,0.5
Stage2,Scenario30,bus_gen,38:83,0.5
Stage2,Scenario30,bus_gen,38:84,0.5
Stage2,Scenario30,bus_gen,39:37,1.2500000000000002
Stage2,Scenario30,bus_gen,41:38,2.9160000000000004
Stage2,Scenario30,bus_gen,44:39,2.1139999999999985
Stage2,Scenario30,bus_gen,45:85,0.0
Stage2,Scenario30,bus_gen,45:86,0.0
Stage2,Scenario30,bus_gen,45:87,0.0
Stage2,Scenario30,bus_gen,45:88,0.0
Stage2,Scenario30,bus_gen,45:89,0.0
Stage2,Scenario30,bus_gen,45:90,0.0
Stage2,Scenario30,bus_gen,46:40,0.6199999999999983
Stage2,Scenario30,bus_gen,46:41,0.6199999999999983
Stage2,Scenario30,bus_gen,46:42,1.3999999999999986
Stage2,Scenario30,bus_gen,46:43,0.21999999999999886
Stage2,Scenario30,bus_gen,46:44,0.21999999999999886
Stage2,Scenario30,bus_gen,46:45,0.21999999999999886
Stage2,Scenario30,bus_gen,48:46,0.0799999999999983
Stage2,Scenario30,bus_gen,48:47,0.0799999999999983
Stage2,Scenario30,bus_gen,48:48,0.5499999999999999
Stage2,Scenario30,bus_gen,48:49,0.5499999999999999
Stage2,Scenario30,bus_gen,49:50,0.2
Stage2,Scenario30,bus_gen,49:51,0.2
Stage2,Scenario30,bus_gen,49:52,0.285
Stage2,Scenario30,bus_gen,49:53,0.285
Stage2,Scenario30,bus_gen,50:155,0.09699999999999664
Stage2,Scenario30,bus_gen,54:54,0.5499999999999999
Stage2,Scenario30,bus_gen,54:55,0.5499999999999999
Stage2,Scenario30,bus_gen,55:122,1.0090000000000001
Stage2,Scenario30,bus_gen,56:153,1.483
Stage2,Scenario30,bus_gen,57:103,0.5169999999999999
Stage2,Scenario30,bus_gen,57:106,0.516
Stage2,Scenario30,bus_gen,59:105,0.0
Stage2,Scenario30,bus_gen,6:8,3.5499999999999994
Stage2,Scenario30,bus_gen,60:102,0.0
Stage2,Scenario30,bus_gen,60:123,0.0
Stage2,Scenario30,bus_gen,60:124,0.0
Stage2,Scenario30,bus_gen,60:125,0.0
Stage2,Scenario30,bus_gen,60:126,0.0
Stage2,Scenario30,bus_gen,60:127,0.0
Stage2,Scenario30,bus_gen,60:128,0.0
Stage2,Scenario30,bus_gen,60:129,0.0
Stage2,Scenario30,bus_gen,60:130,0.0
Stage2,Scenario30,bus_gen,60:131,0.0
Stage2,Scenario30,bus_gen,60:132,0.0
Stage2,Scenario30,bus_gen,60:133,0.652
Stage2,Scenario30,bus_gen,60:134,0.0
Stage2,Scenario30,bus_gen,60:138,0.09100000000000186
Stage2,Scenario30,bus_gen,60:157,0.0
Stage2,Scenario30,bus_gen,60:56,1.906999999999998
Stage2,Scenario30,bus_gen,60:99,0.0
Stage2,Scenario30,bus_gen,61:100,0.927
Stage2,Scenario30,bus_gen,61:101,0.24699999999999966
Stage2,Scenario30,bus_gen,61:91,0.0
Stage2,Scenario30,bus_gen,61:97,0.516
Stage2,Scenario30,bus_gen,61:98,0.0
Stage2,Scenario30,bus_gen,62:57,0.049999999999998934
Stage2,Scenario30,bus_gen,62:58,0.049999999999998934
Stage2,Scenario30,bus_gen,62:59,0.049999999999998934
Stage2,Scenario30,bus_gen,62:60,0.049999999999998934
Stage2,Scenario30,bus_gen,62:61,0.049999999999998934
Stage2,Scenario30,bus_gen,62:62,0.5446666666666689
Stage2,Scenario30,bus_gen,62:63,0.5446666666666689
Stage2,Scenario30,bus_gen,62:64,0.5446666666666689
Stage2,Scenario30,bus_gen,63:65,1.2500000000000002
Stage2,Scenario30,bus_gen,64:154,0.0
Stage2,Scenario30,bus_gen,65:66,2.9160000000000004
Stage2,Scenario30,bus_gen,66:110,0.0
Stage2,Scenario30,bus_gen,67:135,0.0
Stage2,Scenario30,bus_gen,67:136,0.0
Stage2,Scenario30,bus_gen,67:137,0.0
Stage2,Scenario30,bus_gen,67:139,0.0
Stage2,Scenario30,bus_gen,67:140,0.0
Stage2,Scenario30,bus_gen,67:147,0.0
Stage2,Scenario30,bus_gen,67:96,0.0
Stage2,Scenario30,bus_gen,68:67,1.6999999999999984
Stage2,Scenario30,bus_gen,69:68,0.21999999999999886
Stage2,Scenario30,bus_gen,69:69,0.21999999999999886
Stage2,Scenario30,bus_gen,69:92,0.0
Stage2,Scenario30,bus_gen,69:93,0.0
Stage2,Scenario30,bus_gen,69:94,0.0
Stage2,Scenario30,bus_gen,69:95,0.0
Stage2,Scenario30,bus_gen,70:70,1.6999999999999986
Stage2,Scenario30,bus_gen,70:71,1.6999999999999986
Stage2,Scenario30,bus_gen,71:104,0.49700000000000005
Stage2,Scenario30,bus_gen,71:107,0.516
Stage2,Scenario30,bus_gen,71:108,0.5100000000000067
Stage2,Scenario30,cvar,None,27.4536842105263
Stage2,Scenario30,gen_curtailment,0:0,0.0
Stage2,Scenario30,gen_curtailment,0:1,0.0
Stage2,Scenario30,gen_curtailment,0:113,0.0
Stage2,Scenario30,gen_curtailment,0:117,0.0
Stage2,Scenario30,gen_curtailment,0:118,0.0
Stage2,Scenario30,gen_curtailment,0:119,0.0
Stage2,Scenario30,gen_curtailment,0:2,0.0
Stage2,Scenario30,gen_curtailment,0:3,0.0
Stage2,Scenario30,gen_curtailment,1:112,0.0
Stage2,Scenario30,gen_curtailment,1:114,0.0
Stage2,Scenario30,gen_curtailment,1:4,0.0
Stage2,Scenario30,gen_curtailment,1:5,0.0
Stage2,Scenario30,gen_curtailment,1:6,0.0
Stage2,Scenario30,gen_curtailment,1:7,0.0
Stage2,Scenario30,gen_curtailment,12:10,0.0
Stage2,Scenario30,gen_curtailment,12:109,0.0
Stage2,Scenario30,gen_curtailment,12:11,0.0
Stage2,Scenario30,gen_curtailment,12:12,0.0
Stage2,Scenario30,gen_curtailment,12:9,0.0
Stage2,Scenario30,gen_curtailment,13:72,0.0
Stage2,Scenario30,gen_curtailment,14:13,0.049999999999998934
Stage2,Scenario30,gen_curtailment,14:14,0.049999999999998934
Stage2,Scenario30,gen_curtailment,14:15,0.0
Stage2,Scenario30,gen_curtailment,15:16,0.0
Stage2,Scenario30,gen_curtailment,17:141,0.0
Stage2,Scenario30,gen_curtailment,17:142,0.0
Stage2,Scenario30,gen_curtailment,17:143,0.0
Stage2,Scenario30,gen_curtailment,17:144,0.0
Stage2,Scenario30,gen_curtailment,17:145,0.0
Stage2,Scenario30,gen_curtailment,17:146,0.0
Stage2,Scenario30,gen_curtailment,17:148,0.0
Stage2,Scenario30,gen_curtailment,17:149,0.0
Stage2,Scenario30,gen_curtailment,17:150,0.0
Stage2,Scenario30,gen_curtailment,17:151,0.0
Stage2,Scenario30,gen_curtailment,17:17,0.0
Stage2,Scenario30,gen_curtailment,18:121,0.0
Stage2,Scenario30,gen_curtailment,2:120,0.0
Stage2,Scenario30,gen_curtailment,20:73,2.04
Stage2,Scenario30,gen_curtailment,21:156,0.0
Stage2,Scenario30,gen_curtailment,21:74,0.0
Stage2,Scenario30,gen_curtailment,21:75,0.0
Stage2,Scenario30,gen_curtailment,21:76,0.0
Stage2,Scenario30,gen_curtailment,21:77,0.0
Stage2,Scenario30,gen_curtailment,21:78,0.0
Stage2,Scenario30,gen_curtailment,21:79,0.0
Stage2,Scenario30,gen_curtailment,22:18,0.0
Stage2,Scenario30,gen_curtailment,22:19,0.0
Stage2,Scenario30,gen_curtailment,22:20,0.20666666666663555
Stage2,Scenario30,gen_curtailment,22:21,0.20666666666663577
Stage2,Scenario30,gen_curtailment,22:22,0.20666666666663577
Stage2,Scenario30,gen_curtailment,24:23,0.0
Stage2,Scenario30,gen_curtailment,24:24,0.0
Stage2,Scenario30,gen_curtailment,24:25,0.0
Stage2,Scenario30,gen_curtailment,24:80,0.0
Stage2,Scenario30,gen_curtailment,25:26,0.0
Stage2,Scenario30,gen_curtailment,25:27,0.0
Stage2,Scenario30,gen_curtailment,25:28,0.0
Stage2,Scenario30,gen_curtailment,25:29,0.0
Stage2,Scenario30,gen_curtailment,3:115,0.0
Stage2,Scenario30,gen_curtailment,30:30,0.0
Stage2,Scenario30,gen_curtailment,30:31,0.0
Stage2,Scenario30,gen_curtailment,35:116,0.0
Stage2,Scenario30,gen_curtailment,36:152,0.0
Stage2,Scenario30,gen_curtailment,36:32,0.0
Stage2,Scenario30,gen_curtailment,36:33,0.0
Stage2,Scenario30,gen_curtailment,36:34,0.0
Stage2,Scenario30,gen_curtailment,37:81,0.0
Stage2,Scenario30,gen_curtailment,38:111,0.0
Stage2,Scenario30,gen_curtailment,38:35,0.0
Stage2,Scenario30,gen_curtailment,38:36,0.0
Stage2,Scenario30,gen_curtailment,38:82,0.0
Stage2,Scenario30,gen_curtailment,38:83,0.0
Stage2,Scenario30,gen_curtailment,38:84,0.0
Stage2,Scenario30,gen_curtailment,39:37,0.0
Stage2,Scenario30,gen_curtailment,41:38,0.0
Stage2,Scenario30,gen_curtailment,44:39,0.0
Stage2,Scenario30,gen_curtailment,45:85,0.0
Stage2,Scenario30,gen_curtailment,45:86,0.0
Stage2,Scenario30,gen_curtailment,45:87,0.0
Stage2,Scenario30,gen_curtailment,45:88,0.0
Stage2,Scenario30,gen_curtailment,45:89,0.0
Stage2,Scenario30,gen_curtailment,45:90,0.0
Stage2,Scenario30,gen_curtailment,46:40,0.6199999999999983
Stage2,Scenario30,gen_curtailment,46:41,0.6199999999999983
Stage2,Scenario30,gen_curtailment,46:42,0.0
Stage2,Scenario30,gen_curtailment,46:43,0.0
Stage2,Scenario30,gen_curtailment,46:44,0.0
Stage2,Scenario30,gen_curtailment,46:45,0.0
Stage2,Scenario30,gen_curtailment,48:46,0.0
Stage2,Scenario30,gen_curtailment,48:47,0.0
Stage2,Scenario30,gen_curtailment,48:48,0.0
Stage2,Scenario30,gen_curtailment,48:49,0.0
Stage2,Scenario30,gen_curtailment,49:50,0.0
Stage2,Scenario30,gen_curtailment,49:51,0.0
Stage2,Scenario30,gen_curtailment,49:52,0.0
Stage2,Scenario30,gen_curtailment,49:53,0.0
Stage2,Scenario30,gen_curtailment,50:155,0.0
Stage2,Scenario30,gen_curtailment,54:54,0.0
Stage2,Scenario30,gen_curtailment,54:55,0.0
Stage2,Scenario30,gen_curtailment,55:122,0.0
Stage2,Scenario30,gen_curtailment,56:153,0.0
Stage2,Scenario30,gen_curtailment,57:103,0.0
Stage2,Scenario30,gen_curtailment,57:106,0.0
Stage2,Scenario30,gen_curtailment,59:105,0.0
Stage2,Scenario30,gen_curtailment,6:8,0.0
Stage2,Scenario30,gen_curtailment,60:102,0.0
Stage2,Scenario30,gen_curtailment,60:123,0.0
Stage2,Scenario30,gen_curtailment,60:124,0.0
Stage2,Scenario30,gen_curtailment,60:125,0.0
Stage2,Scenario30,gen_curtailment,60:126,0.0
Stage2,Scenario30,gen_curtailment,60:127,0.0
Stage2,Scenario30,gen_curtailment,60:128,0.0
Stage2,Scenario30,gen_curtailment,60:129,0.0
Stage2,Scenario30,gen_curtailment,60:130,0.0
Stage2,Scenario30,gen_curtailment,60:131,0.0
Stage2,Scenario30,gen_curtailment,60:132,0.0
Stage2,Scenario30,gen_curtailment,60:133,0.0
Stage2,Scenario30,gen_curtailment,60:134,0.0
Stage2,Scenario30,gen_curtailment,60:138,0.0
Stage2,Scenario30,gen_curtailment,60:157,0.0
Stage2,Scenario30,gen_curtailment,60:56,0.0
Stage2,Scenario30,gen_curtailment,60:99,0.0
Stage2,Scenario30,gen_curtailment,61:100,0.0
Stage2,Scenario30,gen_curtailment,61:101,0.0
Stage2,Scenario30,gen_curtailment,61:91,0.0
Stage2,Scenario30,gen_curtailment,61:97,0.0
Stage2,Scenario30,gen_curtailment,61:98,0.0
Stage2,Scenario30,gen_curtailment,62:57,0.0
Stage2,Scenario30,gen_curtailment,62:58,0.0
Stage2,Scenario30,gen_curtailment,62:59,0.0
Stage2,Scenario30,gen_curtailment,62:60,0.0
Stage2,Scenario30,gen_curtailment,62:61,0.0
Stage2,Scenario30,gen_curtailment,62:62,0.0
Stage2,Scenario30,gen_curtailment,62:63,0.0
Stage2,Scenario30,gen_curtailment,62:64,0.0
Stage2,Scenario30,gen_curtailment,63:65,0.0
Stage2,Scenario30,gen_curtailment,64:154,0.0
Stage2,Scenario30,gen_curtailment,65:66,0.0
Stage2,Scenario30,gen_curtailment,66:110,0.0
Stage2,Scenario30,gen_curtailment,67:135,0.0
Stage2,Scenario30,gen_curtailment,67:136,0.0
Stage2,Scenario30,gen_curtailment,67:137,0.0
Stage2,Scenario30,gen_curtailment,67:139,0.0
Stage2,Scenario30,gen_curtailment,67:140,0.0
Stage2,Scenario30,gen_curtailment,67:147,0.0
Stage2,Scenario30,gen_curtailment,67:96,0.0
Stage2,Scenario30,gen_curtailment,68:67,0.0
Stage2,Scenario30,gen_curtailment,69:68,0.21999999999999886
Stage2,Scenario30,gen_curtailment,69:69,0.21999999999999886
Stage2,Scenario30,gen_curtailment,69:92,0.0
Stage2,Scenario30,gen_curtailment,69:93,0.0
Stage2,Scenario30,gen_curtailment,69:94,0.0
Stage2,Scenario30,gen_curtailment,69:95,0.0
Stage2,Scenario30,gen_curtailment,70:70,0.1549999999999987
Stage2,Scenario30,gen_curtailment,70:71,0.1549999999999987
Stage2,Scenario30,gen_curtailment,71:104,0.0
Stage2,Scenario30,gen_curtailment,71:107,0.0
Stage2,Scenario30,gen_curtailment,71:108,0.0
Stage2,Scenario30,load_shed,0,0.0
Stage2,Scenario30,load_shed,1,0.0
Stage2,Scenario30,load_shed,10,0.0
Stage2,Scenario30,load_shed,11,0.0
Stage2,Scenario30,load_shed,12,0.0
Stage2,Scenario30,load_shed,13,1.94
Stage2,Scenario30,load_shed,14,0.0
Stage2,Scenario30,load_shed,15,0.5940000000000013
Stage2,Scenario30,load_shed,16,0.0
Stage2,Scenario30,load_shed,17,0.0
Stage2,Scenario30,load_shed,18,0.0
Stage2,Scenario30,load_shed,19,0.0
Stage2,Scenario30,load_shed,2,1.1849999999999945
Stage2,Scenario30,load_shed,20,0.0
Stage2,Scenario30,load_shed,21,0.0
Stage2,Scenario30,load_shed,22,0.0
Stage2,Scenario30,load_shed,23,0.0
Stage2,Scenario30,load_shed,24,0.0
Stage2,Scenario30,load_shed,25,0.41000000000000003
Stage2,Scenario30,load_shed,26,0.0
Stage2,Scenario30,load_shed,27,0.74
Stage2,Scenario30,load_shed,28,0.71
Stage2,Scenario30,load_shed,29,0.0
Stage2,Scenario30,load_shed,3,0.472
Stage2,Scenario30,load_shed,30,1.2499999999999964
Stage2,Scenario30,load_shed,31,0.6099999999999937
Stage2,Scenario30,load_shed,32,0.0
Stage2,Scenario30,load_shed,33,0.0
Stage2,Scenario30,load_shed,34,0.0
Stage2,Scenario30,load_shed,35,0.0
Stage2,Scenario30,load_shed,36,0.0
Stage2,Scenario30,load_shed,37,1.5079999999999996
Stage2,Scenario30,load_shed,38,0.0
Stage2,Scenario30,load_shed,39,0.0
Stage2,Scenario30,load_shed,4,0.71
Stage2,Scenario30,load_shed,40,0.0
Stage2,Scenario30,load_shed,41,0.0
Stage2,Scenario30,load_shed,42,0.0
Stage2,Scenario30,load_shed,43,0.0
Stage2,Scenario30,load_shed,44,0.0
Stage2,Scenario30,load_shed,45,0.0
Stage2,Scenario30,load_shed,46,0.0
Stage2,Scenario30,load_shed,47,0.0
Stage2,Scenario30,load_shed,48,0.0
Stage2,Scenario30,load_shed,49,0.0
Stage2,Scenario30,load_shed,5,0.0
Stage2,Scenario30,load_shed,50,0.0
Stage2,Scenario30,load_shed,51,0.74
Stage2,Scenario30,load_shed,52,0.71
Stage2,Scenario30,load_shed,53,1.36
Stage2,Scenario30,load_shed,54,0.1499999999999999
Stage2,Scenario30,load_shed,55,0.0
Stage2,Scenario30,load_shed,56,0.2669999999999999
Stage2,Scenario30,load_shed,57,1.6179999999999999
Stage2,Scenario30,load_shed,58,0.0
Stage2,Scenario30,load_shed,59,0.0
Stage2,Scenario30,load_shed,6,0.0
Stage2,Scenario30,load_shed,60,0.0
Stage2,Scenario30,load_shed,61,0.0
Stage2,Scenario30,load_shed,62,0.0
Stage2,Scenario30,load_shed,63,0.0
Stage2,Scenario30,load_shed,64,0.0
Stage2,Scenario30,load_shed,65,0.0
Stage2,Scenario30,load_shed,66,0.0
Stage2,Scenario30,load_shed,67,0.0
Stage2,Scenario30,load_shed,68,0.0
Stage2,Scenario30,load_shed,69,0.0
Stage2,Scenario30,load_shed,7,0.0
Stage2,Scenario30,load_shed,70,0.0
Stage2,Scenario30,load_shed,71,0.0
Stage2,Scenario30,load_shed,72,0.0
Stage2,Scenario30,load_shed,8,1.75
Stage2,Scenario30,load_shed,9,0.9700000000000006
Stage2,Scenario30,load_shed_value,None,17.69399999999999
Stage2,Scenario30,nu,None,0.0
Stage2,Scenario30,theta,0,-5.917235307179586
Stage2,Scenario30,theta,1,-5.923395307179586
Stage2,Scenario30,theta,10,-6.283185307179586
Stage2,Scenario30,theta,11,-6.283185307179586
Stage2,Scenario30,theta,12,0.0
Stage2,Scenario30,theta,13,-6.283185307179586
Stage2,Scenario30,theta,14,-6.283185307179586
Stage2,Scenario30,theta,15,-6.256873307179586
Stage2,Scenario30,theta,16,-6.283185307179586
Stage2,Scenario30,theta,17,-6.283185307179586
Stage2,Scenario30,theta,18,-6.283185307179586
Stage2,Scenario30,theta,19,-6.195575307179575
Stage2,Scenario30,theta,2,6.283185307179586
Stage2,Scenario30,theta,20,-6.189105307179586
Stage2,Scenario30,theta,21,6.283185307179586
Stage2,Scenario30,theta,22,-6.181495307179575
Stage2,Scenario30,theta,23,-6.283185307179586
Stage2,Scenario30,theta,24,-6.283185307179586
Stage2,Scenario30,theta,25,-6.022065307179586
Stage2,Scenario30,theta,26,-0.25299300000000025
Stage2,Scenario30,theta,27,-6.283185307179586
Stage2,Scenario30,theta,28,-6.283185307179586
Stage2,Scenario30,theta,29,-6.283185307179586
Stage2,Scenario30,theta,3,3.2026780000038624
Stage2,Scenario30,theta,30,6.283185307179586
Stage2,Scenario30,theta,31,6.216085307179587
Stage2,Scenario30,theta,32,-6.283185307179586
Stage2,Scenario30,theta,33,-6.190896307179586
Stage2,Scenario30,theta,34,-6.131775307179586
Stage2,Scenario30,theta,35,-6.024639307179586
Stage2,Scenario30,theta,36,-6.027039307179586
Stage2,Scenario30,theta,37,-6.149919307179586
Stage2,Scenario30,theta,38,-0.005925000000000263
Stage2,Scenario30,theta,39,-6.259495307179583
Stage2,Scenario30,theta,4,-6.283185307179586
Stage2,Scenario30,theta,40,-6.239215307179581
Stage2,Scenario30,theta,41,0.06661099999999968
Stage2,Scenario30,theta,42,-6.2831853071795845
Stage2,Scenario30,theta,43,-6.267585307179585
Stage2,Scenario30,theta,44,0.07737499999999968
Stage2,Scenario30,theta,45,0.0
Stage2,Scenario30,theta,46,-6.244925307179586
Stage2,Scenario30,theta,47,-0.09952500000000022
Stage2,Scenario30,theta,48,-6.245205307179587
Stage2,Scenario30,theta,49,-6.283185307179586
Stage2,Scenario30,theta,5,-6.259395307179586
Stage2,Scenario30,theta,50,-6.283185307179586
Stage2,Scenario30,theta,51,-6.283185307179586
Stage2,Scenario30,theta,52,6.283185307179586
Stage2,Scenario30,theta,53,6.283185307179586
Stage2,Scenario30,theta,54,-6.283185307179586
Stage2,Scenario30,theta,55,6.167520307179586
Stage2,Scenario30,theta,56,-6.283185307179586
Stage2,Scenario30,theta,57,6.283185307179586
Stage2,Scenario30,theta,58,-6.283185307179586
Stage2,Scenario30,theta,59,-6.142805307179586
Stage2,Scenario30,theta,6,-6.045535307179587
Stage2,Scenario30,theta,60,6.283185307179586
Stage2,Scenario30,theta,61,-6.283185307179586
Stage2,Scenario30,theta,62,-6.283185307179586
Stage2,Scenario30,theta,63,-6.268435307179586
Stage2,Scenario30,theta,64,-6.283185307179586
Stage2,Scenario30,theta,65,-6.262442307179586
Stage2,Scenario30,theta,66,-6.283185307179586
Stage2,Scenario30,theta,67,-6.210785307179586
Stage2,Scenario30,theta,68,-6.251678307179586
Stage2,Scenario30,theta,69,-6.283185307179586
Stage2,Scenario30,theta,7,-6.185835307179587
Stage2,Scenario30,theta,70,-6.142805307179586
Stage2,Scenario30,theta,71,-6.153334327179586
Stage2,Scenario30,theta,72,0.0
Stage2,Scenario30,theta,8,6.283185307179586
Stage2,Scenario30,theta,9,-6.283185307179586
Stage2,Scenario30,xij,0,1.0
Stage2,Scenario30,xij,1,0.0
Stage2,Scenario30,xij,10,1.0
Stage2,Scenario30,xij,100,0.0
Stage2,Scenario30,xij,101,1.0
Stage2,Scenario30,xij,102,0.0
Stage2,Scenario30,xij,103,1.0
Stage2,Scenario30,xij,104,1.0
Stage2,Scenario30,xij,105,0.0
Stage2,Scenario30,xij,106,0.0
Stage2,Scenario30,xij,107,0.0
Stage2,Scenario30,xij,108,0.0
Stage2,Scenario30,xij,109,1.0
Stage2,Scenario30,xij,11,0.0
Stage2,Scenario30,xij,110,1.0
Stage2,Scenario30,xij,111,0.0
Stage2,Scenario30,xij,112,0.0
Stage2,Scenario30,xij,113,1.0
Stage2,Scenario30,xij,114,0.0
Stage2,Scenario30,xij,115,1.0
Stage2,Scenario30,xij,116,0.0
Stage2,Scenario30,xij,117,0.0
Stage2,Scenario30,xij,118,0.0
Stage2,Scenario30,xij,119,0.0
Stage2,Scenario30,xij,12,0.0
Stage2,Scenario30,xij,13,1.0
Stage2,Scenario30,xij,14,0.0
Stage2,Scenario30,xij,15,0.0
Stage2,Scenario30,xij,16,1.0
Stage2,Scenario30,xij,17,1.0
Stage2,Scenario30,xij,18,0.0
Stage2,Scenario30,xij,19,0.0
Stage2,Scenario30,xij,2,0.0
Stage2,Scenario30,xij,20,0.0
Stage2,Scenario30,xij,21,0.0
Stage2,Scenario30,xij,22,0.0
Stage2,Scenario30,xij,23,1.0
Stage2,Scenario30,xij,24,0.0
Stage2,Scenario30,xij,25,0.0
Stage2,Scenario30,xij,26,0.0
Stage2,Scenario30,xij,27,1.0
Stage2,Scenario30,xij,28,1.0
Stage2,Scenario30,xij,29,0.0
Stage2,Scenario30,xij,3,0.0
Stage2,Scenario30,xij,30,1.0
Stage2,Scenario30,xij,31,0.0
Stage2,Scenario30,xij,32,0.0
Stage2,Scenario30,xij,33,0.0
Stage2,Scenario30,xij,34,0.0
Stage2,Scenario30,xij,35,0.0
Stage2,Scenario30,xij,36,0.0
Stage2,Scenario30,xij,37,1.0
Stage2,Scenario30,xij,38,1.0
Stage2,Scenario30,xij,39,0.0
Stage2,Scenario30,xij,4,1.0
Stage2,Scenario30,xij,40,1.0
Stage2,Scenario30,xij,41,0.0
Stage2,Scenario30,xij,42,0.0
Stage2,Scenario30,xij,43,0.0
Stage2,Scenario30,xij,44,0.0
Stage2,Scenario30,xij,45,1.0
Stage2,Scenario30,xij,46,0.0
Stage2,Scenario30,xij,47,1.0
Stage2,Scenario30,xij,48,0.0
Stage2,Scenario30,xij,49,0.0
Stage2,Scenario30,xij,5,0.0
Stage2,Scenario30,xij,50,0.0
Stage2,Scenario30,xij,51,1.0
Stage2,Scenario30,xij,52,0.0
Stage2,Scenario30,xij,53,0.0
Stage2,Scenario30,xij,54,1.0
Stage2,Scenario30,xij,55,0.0
Stage2,Scenario30,xij,56,0.0
Stage2,Scenario30,xij,57,1.0
Stage2,Scenario30,xij,58,1.0
Stage2,Scenario30,xij,59,1.0
Stage2,Scenario30,xij,6,0.0
Stage2,Scenario30,xij,60,1.0
Stage2,Scenario30,xij,61,0.0
Stage2,Scenario30,xij,62,0.0
Stage2,Scenario30,xij,63,0.0
Stage2,Scenario30,xij,64,0.0
Stage2,Scenario30,xij,65,1.0
Stage2,Scenario30,xij,66,0.0
Stage2,Scenario30,xij,67,1.0
Stage2,Scenario30,xij,68,1.0
Stage2,Scenario30,xij,69,1.0
Stage2,Scenario30,xij,7,0.0
Stage2,Scenario30,xij,70,0.0
Stage2,Scenario30,xij,71,0.0
Stage2,Scenario30,xij,72,0.0
Stage2,Scenario30,xij,73,1.0
Stage2,Scenario30,xij,74,1.0
Stage2,Scenario30,xij,75,1.0
Stage2,Scenario30,xij,76,1.0
Stage2,Scenario30,xij,77,1.0
Stage2,Scenario30,xij,78,0.0
Stage2,Scenario30,xij,79,0.0
Stage2,Scenario30,xij,8,0.0
Stage2,Scenario30,xij,80,1.0
Stage2,Scenario30,xij,81,0.0
Stage2,Scenario30,xij,82,0.0
Stage2,Scenario30,xij,83,0.0
Stage2,Scenario30,xij,84,0.0
Stage2,Scenario30,xij,85,1.0
Stage2,Scenario30,xij,86,0.0
Stage2,Scenario30,xij,87,1.0
Stage2,Scenario30,xij,88,1.0
Stage2,Scenario30,xij,89,0.0
Stage2,Scenario30,xij,9,1.0
Stage2,Scenario30,xij,90,0.0
Stage2,Scenario30,xij,91,1.0
Stage2,Scenario30,xij,92,1.0
Stage2,Scenario30,xij,93,0.0
Stage2,Scenario30,xij,94,0.0
Stage2,Scenario30,xij,95,0.0
Stage2,Scenario30,xij,96,0.0
Stage2,Scenario30,xij,97,0.0
Stage2,Scenario30,xij,98,0.0
Stage2,Scenario30,xij,99,1.0
Stage2,Scenario31,Pij,0,0.0
Stage2,Scenario31,Pij,1,1.185
Stage2,Scenario31,Pij,10,1.7099999999999937
Stage2,Scenario31,Pij,100,0.0
Stage2,Scenario31,Pij,101,-0.55
Stage2,Scenario31,Pij,102,0.0
Stage2,Scenario31,Pij,103,-1.6999999999999984
Stage2,Scenario31,Pij,104,0.0
Stage2,Scenario31,Pij,105,-0.5600000000000097
Stage2,Scenario31,Pij,106,0.0
Stage2,Scenario31,Pij,107,0.0
Stage2,Scenario31,Pij,108,0.0
Stage2,Scenario31,Pij,109,0.0
Stage2,Scenario31,Pij,11,1.2200000000000002
Stage2,Scenario31,Pij,110,0.0
Stage2,Scenario31,Pij,111,0.0
Stage2,Scenario31,Pij,112,-1.8099999999999998
Stage2,Scenario31,Pij,113,0.0
Stage2,Scenario31,Pij,114,-1.5450000000000157
Stage2,Scenario31,Pij,115,-1.5450000000000157
Stage2,Scenario31,Pij,116,0.0
Stage2,Scenario31,Pij,117,0.0
Stage2,Scenario31,Pij,118,-0.20999999999999197
Stage2,Scenario31,Pij,119,0.0
Stage2,Scenario31,Pij,12,0.0
Stage2,Scenario31,Pij,13,0.0
Stage2,Scenario31,Pij,14,0.0
Stage2,Scenario31,Pij,15,0.0
Stage2,Scenario31,Pij,16,0.0
Stage2,Scenario31,Pij,17,0.0
Stage2,Scenario31,Pij,18,-0.4860000000000002
Stage2,Scenario31,Pij,19,0.4860000000000002
Stage2,Scenario31,Pij,2,0.71
Stage2,Scenario31,Pij,20,0.0
Stage2,Scenario31,Pij,21,0.0
Stage2,Scenario31,Pij,22,0.0
Stage2,Scenario31,Pij,23,0.0
Stage2,Scenario31,Pij,24,0.0
Stage2,Scenario31,Pij,25,0.0
Stage2,Scenario31,Pij,26,-1.8200000000000018
Stage2,Scenario31,Pij,27,0.0
Stage2,Scenario31,Pij,28,0.0
Stage2,Scenario31,Pij,29,0.2500000000000002
Stage2,Scenario31,Pij,3,0.55
Stage2,Scenario31,Pij,30,0.0
Stage2,Scenario31,Pij,31,0.2500000000000002
Stage2,Scenario31,Pij,32,0.0
Stage2,Scenario31,Pij,33,0.0
Stage2,Scenario31,Pij,34,-1.1049999999999995
Stage2,Scenario31,Pij,35,0.0
Stage2,Scenario31,Pij,36,-1.3999999999999935
Stage2,Scenario31,Pij,37,0.0
Stage2,Scenario31,Pij,38,-2.6799999999999935
Stage2,Scenario31,Pij,39,0.0
Stage2,Scenario31,Pij,4,0.0
Stage2,Scenario31,Pij,40,0.0
Stage2,Scenario31,Pij,41,0.0
Stage2,Scenario31,Pij,42,0.58
Stage2,Scenario31,Pij,43,0.0
Stage2,Scenario31,Pij,44,0.7399999999999997
Stage2,Scenario31,Pij,45,0.0
Stage2,Scenario31,Pij,46,0.0
Stage2,Scenario31,Pij,47,0.0
Stage2,Scenario31,Pij,48,0.0
Stage2,Scenario31,Pij,49,0.0
Stage2,Scenario31,Pij,5,0.0
Stage2,Scenario31,Pij,50,0.0
Stage2,Scenario31,Pij,51,0.0
Stage2,Scenario31,Pij,52,0.0
Stage2,Scenario31,Pij,53,0.0
Stage2,Scenario31,Pij,54,0.0
Stage2,Scenario31,Pij,55,0.0
Stage2,Scenario31,Pij,56,0.0
Stage2,Scenario31,Pij,57,-1.95
Stage2,Scenario31,Pij,58,0.0
Stage2,Scenario31,Pij,59,0.0
Stage2,Scenario31,Pij,6,0.0
Stage2,Scenario31,Pij,60,0.0
Stage2,Scenario31,Pij,61,0.0
Stage2,Scenario31,Pij,62,0.0
Stage2,Scenario31,Pij,63,-1.550000000000001
Stage2,Scenario31,Pij,64,0.0
Stage2,Scenario31,Pij,65,0.0
Stage2,Scenario31,Pij,66,0.0
Stage2,Scenario31,Pij,67,0.0
Stage2,Scenario31,Pij,68,0.0
Stage2,Scenario31,Pij,69,0.0
Stage2,Scenario31,Pij,7,0.0
Stage2,Scenario31,Pij,70,0.0
Stage2,Scenario31,Pij,71,0.0
Stage2,Scenario31,Pij,72,0.0
Stage2,Scenario31,Pij,73,0.0
Stage2,Scenario31,Pij,74,0.0
Stage2,Scenario31,Pij,75,-1.8099999999999998
Stage2,Scenario31,Pij,76,0.0
Stage2,Scenario31,Pij,77,-3.09
Stage2,Scenario31,Pij,78,0.0
Stage2,Scenario31,Pij,79,-0.2400000000000023
Stage2,Scenario31,Pij,8,0.0
Stage2,Scenario31,Pij,80,0.0
Stage2,Scenario31,Pij,81,0.0
Stage2,Scenario31,Pij,82,0.0
Stage2,Scenario31,Pij,83,0.0
Stage2,Scenario31,Pij,84,0.0
Stage2,Scenario31,Pij,85,0.0
Stage2,Scenario31,Pij,86,0.0
Stage2,Scenario31,Pij,87,-0.71
Stage2,Scenario31,Pij,88,0.0
Stage2,Scenario31,Pij,89,0.7009999999999934
Stage2,Scenario31,Pij,9,0.0
Stage2,Scenario31,Pij,90,0.0
Stage2,Scenario31,Pij,91,0.0
Stage2,Scenario31,Pij,92,0.0
Stage2,Scenario31,Pij,93,0.0
Stage2,Scenario31,Pij,94,0.0
Stage2,Scenario31,Pij,95,0.0
Stage2,Scenario31,Pij,96,0.0
Stage2,Scenario31,Pij,97,0.0
Stage2,Scenario31,Pij,98,0.0
Stage2,Scenario31,Pij,99,0.0
Stage2,Scenario31,bus_gen,0:0,0.2
Stage2,Scenario31,bus_gen,0:1,0.2
Stage2,Scenario31,bus_gen,0:113,0.259
Stage2,Scenario31,bus_gen,0:117,0.267
Stage2,Scenario31,bus_gen,0:118,0.262
Stage2,Scenario31,bus_gen,0:119,0.258
Stage2,Scenario31,bus_gen,0:2,0.76
Stage2,Scenario31,bus_gen,0:3,0.76
Stage2,Scenario31,bus_gen,1:112,0.0
Stage2,Scenario31,bus_gen,1:114,0.0
Stage2,Scenario31,bus_gen,1:4,0.2
Stage2,Scenario31,bus_gen,1:5,0.2
Stage2,Scenario31,bus_gen,1:6,0.56
Stage2,Scenario31,bus_gen,1:7,0.56
Stage2,Scenario31,bus_gen,12:10,0.55
Stage2,Scenario31,bus_gen,12:109,0.9359999999999999
Stage2,Scenario31,bus_gen,12:11,0.55
Stage2,Scenario31,bus_gen,12:12,0.55
Stage2,Scenario31,bus_gen,12:9,0.55
Stage2,Scenario31,bus_gen,13:72,0.0
Stage2,Scenario31,bus_gen,14:13,0.049999999999998934
Stage2,Scenario31,bus_gen,14:14,0.049999999999998934
Stage2,Scenario31,bus_gen,14:15,1.2500000000000002
Stage2,Scenario31,bus_gen,15:16,1.2500000000000002
Stage2,Scenario31,bus_gen,17:141,0.0
Stage2,Scenario31,bus_gen,17:142,0.0
Stage2,Scenario31,bus_gen,17:143,0.0
Stage2,Scenario31,bus_gen,17:144,0.0
Stage2,Scenario31,bus_gen,17:145,0.0
Stage2,Scenario31,bus_gen,17:146,0.0
Stage2,Scenario31,bus_gen,17:148,0.0
Stage2,Scenario31,bus_gen,17:149,0.0
Stage2,Scenario31,bus_gen,17:150,0.0
Stage2,Scenario31,bus_gen,17:151,0.0
Stage2,Scenario31,bus_gen,17:17,1.9750000000000003
Stage2,Scenario31,bus_gen,18:121,0.4100000000000066
Stage2,Scenario31,bus_gen,2:120,0.615
Stage2,Scenario31,bus_gen,20:73,3.96
Stage2,Scenario31,bus_gen,21:156,0.0
Stage2,Scenario31,bus_gen,21:74,0.0
Stage2,Scenario31,bus_gen,21:75,0.0
Stage2,Scenario31,bus_gen,21:76,0.0
Stage2,Scenario31,bus_gen,21:77,0.0
Stage2,Scenario31,bus_gen,21:78,0.0
Stage2,Scenario31,bus_gen,21:79,0.0
Stage2,Scenario31,bus_gen,22:18,0.6199999999999983
Stage2,Scenario31,bus_gen,22:19,1.3999999999999986
Stage2,Scenario31,bus_gen,22:20,0.21999999999999886
Stage2,Scenario31,bus_gen,22:21,0.21999999999999886
Stage2,Scenario31,bus_gen,22:22,0.21999999999999886
Stage2,Scenario31,bus_gen,24:23,0.2
Stage2,Scenario31,bus_gen,24:24,0.2
Stage2,Scenario31,bus_gen,24:25,0.76
Stage2,Scenario31,bus_gen,24:80,0.5
Stage2,Scenario31,bus_gen,25:26,0.2
Stage2,Scenario31,bus_gen,25:27,0.2
Stage2,Scenario31,bus_gen,25:28,0.6549999999999998
Stage2,Scenario31,bus_gen,25:29,0.6549999999999998
Stage2,Scenario31,bus_gen,3:115,0.18999999999999992
Stage2,Scenario31,bus_gen,30:30,0.55
Stage2,Scenario31,bus_gen,30:31,0.55
Stage2,Scenario31,bus_gen,35:116,1.95
Stage2,Scenario31,bus_gen,36:152,0.0
Stage2,Scenario31,bus_gen,36:32,3.136
Stage2,Scenario31,bus_gen,36:33,0.21999999999999886
Stage2,Scenario31,bus_gen,36:34,0.21999999999999886
Stage2,Scenario31,bus_gen,37:81,0.0
Stage2,Scenario31,bus_gen,38:111,1.251
Stage2,Scenario31,bus_gen,38:35,0.2199999999999989
Stage2,Scenario31,bus_gen,38:36,0.2199999999999989
Stage2,Scenario31,bus_gen,38:82,0.4790000000000023
Stage2,Scenario31,bus_gen,38:83,0.5
Stage2,Scenario31,bus_gen,38:84,0.5
Stage2,Scenario31,bus_gen,39:37,1.5500000000000018
Stage2,Scenario31,bus_gen,41:38,3.33
Stage2,Scenario31,bus_gen,44:39,1.6999999999999984
Stage2,Scenario31,bus_gen,45:85,0.0
Stage2,Scenario31,bus_gen,45:86,0.0
Stage2,Scenario31,bus_gen,45:87,0.0
Stage2,Scenario31,bus_gen,45:88,0.0
Stage2,Scenario31,bus_gen,45:89,0.0
Stage2,Scenario31,bus_gen,45:90,0.0
Stage2,Scenario31,bus_gen,46:40,0.6199999999999983
Stage2,Scenario31,bus_gen,46:41,0.6199999999999983
Stage2,Scenario31,bus_gen,46:42,1.3999999999999986
Stage2,Scenario31,bus_gen,46:43,0.21999999999999886
Stage2,Scenario31,bus_gen,46:44,0.21999999999999886
Stage2,Scenario31,bus_gen,46:45,0.21999999999999886
Stage2,Scenario31,bus_gen,48:46,0.2
Stage2,Scenario31,bus_gen,48:47,0.2
Stage2,Scenario31,bus_gen,48:48,0.21999999999999886
Stage2,Scenario31,bus_gen,48:49,0.21999999999999886
Stage2,Scenario31,bus_gen,49:50,0.2
Stage2,Scenario31,bus_gen,49:51,0.2
Stage2,Scenario31,bus_gen,49:52,0.40500000000000114
Stage2,Scenario31,bus_gen,49:53,0.40500000000000114
Stage2,Scenario31,bus_gen,50:155,1.8
Stage2,Scenario31,bus_gen,54:54,0.55
Stage2,Scenario31,bus_gen,54:55,0.55
Stage2,Scenario31,bus_gen,55:122,1.0090000000000001
Stage2,Scenario31,bus_gen,56:153,1.483
Stage2,Scenario31,bus_gen,57:103,0.517
Stage2,Scenario31,bus_gen,57:106,0.5159999999999999
Stage2,Scenario31,bus_gen,59:105,0.0
Stage2,Scenario31,bus_gen,6:8,3.55
Stage2,Scenario31,bus_gen,60:102,0.0
Stage2,Scenario31,bus_gen,60:123,0.0
Stage2,Scenario31,bus_gen,60:124,0.0
Stage2,Scenario31,bus_gen,60:125,0.0
Stage2,Scenario31,bus_gen,60:126,0.4710000000000014
Stage2,Scenario31,bus_gen,60:127,0.0
Stage2,Scenario31,bus_gen,60:128,0.0
Stage2,Scenario31,bus_gen,60:129,0.0
Stage2,Scenario31,bus_gen,60:130,0.0
Stage2,Scenario31,bus_gen,60:131,0.0
Stage2,Scenario31,bus_gen,60:132,0.0
Stage2,Scenario31,bus_gen,60:133,0.0
Stage2,Scenario31,bus_gen,60:134,0.0
Stage2,Scenario31,bus_gen,60:138,0.272
Stage2,Scenario31,bus_gen,60:157,0.0
Stage2,Scenario31,bus_gen,60:56,1.9069999999999985
Stage2,Scenario31,bus_gen,60:99,0.0
Stage2,Scenario31,bus_gen,61:100,0.9270000000000002
Stage2,Scenario31,bus_gen,61:101,0.0
Stage2,Scenario31,bus_gen,61:91,0.0
Stage2,Scenario31,bus_gen,61:97,0.0
Stage2,Scenario31,bus_gen,61:98,0.46299999999999986
Stage2,Scenario31,bus_gen,62:57,0.049999999999998934
Stage2,Scenario31,bus_gen,62:58,0.049999999999998934
Stage2,Scenario31,bus_gen,62:59,0.049999999999998934
Stage2,Scenario31,bus_gen,62:60,0.049999999999998934
Stage2,Scenario31,bus_gen,62:61,0.049999999999998934
Stage2,Scenario31,bus_gen,62:62,0.21999999999999886
Stage2,Scenario31,bus_gen,62:63,0.21999999999999886
Stage2,Scenario31,bus_gen,62:64,0.21999999999999886
Stage2,Scenario31,bus_gen,63:65,1.55
Stage2,Scenario31,bus_gen,64:154,0.0
Stage2,Scenario31,bus_gen,65:66,3.1200000000000077
Stage2,Scenario31,bus_gen,66:110,0.0
Stage2,Scenario31,bus_gen,67:135,0.0
Stage2,Scenario31,bus_gen,67:136,0.0
Stage2,Scenario31,bus_gen,67:137,0.0
Stage2,Scenario31,bus_gen,67:139,0.0
Stage2,Scenario31,bus_gen,67:140,0.0
Stage2,Scenario31,bus_gen,67:147,0.0
Stage2,Scenario31,bus_gen,67:96,0.0
Stage2,Scenario31,bus_gen,68:67,1.6999999999999984
Stage2,Scenario31,bus_gen,69:68,0.21999999999999886
Stage2,Scenario31,bus_gen,69:69,0.21999999999999886
Stage2,Scenario31,bus_gen,69:92,0.0
Stage2,Scenario31,bus_gen,69:93,0.0
Stage2,Scenario31,bus_gen,69:94,0.0
Stage2,Scenario31,bus_gen,69:95,0.0
Stage2,Scenario31,bus_gen,70:70,1.6999999999999984
Stage2,Scenario31,bus_gen,70:71,1.6999999999999984
Stage2,Scenario31,bus_gen,71:104,0.0
Stage2,Scenario31,bus_gen,71:107,0.0500000000000097
Stage2,Scenario31,bus_gen,71:108,0.51
Stage2,Scenario31,cvar,None,27.4536842105263
Stage2,Scenario31,gen_curtailment,0:0,0.0
Stage2,Scenario31,gen_curtailment,0:1,0.0
Stage2,Scenario31,gen_curtailment,0:113,0.0
Stage2,Scenario31,gen_curtailment,0:117,0.0
Stage2,Scenario31,gen_curtailment,0:118,0.0
Stage2,Scenario31,gen_curtailment,0:119,0.0
Stage2,Scenario31,gen_curtailment,0:2,0.0
Stage2,Scenario31,gen_curtailment,0:3,0.0
Stage2,Scenario31,gen_curtailment,1:112,0.0
Stage2,Scenario31,gen_curtailment,1:114,0.0
Stage2,Scenario31,gen_curtailment,1:4,0.0
Stage2,Scenario31,gen_curtailment,1:5,0.0
Stage2,Scenario31,gen_curtailment,1:6,0.0
Stage2,Scenario31,gen_curtailment,1:7,0.0
Stage2,Scenario31,gen_curtailment,12:10,0.0
Stage2,Scenario31,gen_curtailment,12:109,0.0
Stage2,Scenario31,gen_curtailment,12:11,0.0
Stage2,Scenario31,gen_curtailment,12:12,0.0
Stage2,Scenario31,gen_curtailment,12:9,0.0
Stage2,Scenario31,gen_curtailment,13:72,0.0
Stage2,Scenario31,gen_curtailment,14:13,0.0
Stage2,Scenario31,gen_curtailment,14:14,0.0
Stage2,Scenario31,gen_curtailment,14:15,0.0
Stage2,Scenario31,gen_curtailment,15:16,0.0
Stage2,Scenario31,gen_curtailment,17:141,0.0
Stage2,Scenario31,gen_curtailment,17:142,0.0
Stage2,Scenario31,gen_curtailment,17:143,0.0
Stage2,Scenario31,gen_curtailment,17:144,0.0
Stage2,Scenario31,gen_curtailment,17:145,0.0
Stage2,Scenario31,gen_curtailment,17:146,0.0
Stage2,Scenario31,gen_curtailment,17:148,0.0
Stage2,Scenario31,gen_curtailment,17:149,0.0
Stage2,Scenario31,gen_curtailment,17:150,0.0
Stage2,Scenario31,gen_curtailment,17:151,0.0
Stage2,Scenario31,gen_curtailment,17:17,0.0
Stage2,Scenario31,gen_curtailment,18:121,0.0
Stage2,Scenario31,gen_curtailment,2:120,0.0
Stage2,Scenario31,gen_curtailment,20:73,1.0349999999999986
Stage2,Scenario31,gen_curtailment,21:156,0.0
Stage2,Scenario31,gen_curtailment,21:74,0.0
Stage2,Scenario31,gen_curtailment,21:75,0.0
Stage2,Scenario31,gen_curtailment,21:76,0.0
Stage2,Scenario31,gen_curtailment,21:77,0.0
Stage2,Scenario31,gen_curtailment,21:78,0.0
Stage2,Scenario31,gen_curtailment,21:79,0.0
Stage2,Scenario31,gen_curtailment,22:18,0.0
Stage2,Scenario31,gen_curtailment,22:19,0.0
Stage2,Scenario31,gen_curtailment,22:20,0.0
Stage2,Scenario31,gen_curtailment,22:21,0.0
Stage2,Scenario31,gen_curtailment,22:22,0.0
Stage2,Scenario31,gen_curtailment,24:23,0.0
Stage2,Scenario31,gen_curtailment,24:24,0.0
Stage2,Scenario31,gen_curtailment,24:25,0.0
Stage2,Scenario31,gen_curtailment,24:80,0.0
Stage2,Scenario31,gen_curtailment,25:26,0.0
Stage2,Scenario31,gen_curtailment,25:27,0.0
Stage2,Scenario31,gen_curtailment,25:28,0.0
Stage2,Scenario31,gen_curtailment,25:29,0.0
Stage2,Scenario31,gen_curtailment,3:115,0.0
Stage2,Scenario31,gen_curtailment,30:30,0.0
Stage2,Scenario31,gen_curtailment,30:31,0.0
Stage2,Scenario31,gen_curtailment,35:116,0.0
Stage2,Scenario31,gen_curtailment,36:152,0.0
Stage2,Scenario31,gen_curtailment,36:32,0.4860000000000002
Stage2,Scenario31,gen_curtailment,36:33,0.21999999999999886
Stage2,Scenario31,gen_curtailment,36:34,0.21999999999999886
Stage2,Scenario31,gen_curtailment,37:81,0.0
Stage2,Scenario31,gen_curtailment,38:111,0.0
Stage2,Scenario31,gen_curtailment,38:35,0.0
Stage2,Scenario31,gen_curtailment,38:36,0.0
Stage2,Scenario31,gen_curtailment,38:82,0.0
Stage2,Scenario31,gen_curtailment,38:83,0.0
Stage2,Scenario31,gen_curtailment,38:84,0.0
Stage2,Scenario31,gen_curtailment,39:37,0.0
Stage2,Scenario31,gen_curtailment,41:38,0.0
Stage2,Scenario31,gen_curtailment,44:39,1.6999999999999984
Stage2,Scenario31,gen_curtailment,45:85,0.0
Stage2,Scenario31,gen_curtailment,45:86,0.0
Stage2,Scenario31,gen_curtailment,45:87,0.0
Stage2,Scenario31,gen_curtailment,45:88,0.0
Stage2,Scenario31,gen_curtailment,45:89,0.0
Stage2,Scenario31,gen_curtailment,45:90,0.0
Stage2,Scenario31,gen_curtailment,46:40,0.0
Stage2,Scenario31,gen_curtailment,46:41,0.0
Stage2,Scenario31,gen_curtailment,46:42,0.0
Stage2,Scenario31,gen_curtailment,46:43,0.0
Stage2,Scenario31,gen_curtailment,46:44,0.0
Stage2,Scenario31,gen_curtailment,46:45,0.0
Stage2,Scenario31,gen_curtailment,48:46,0.0
Stage2,Scenario31,gen_curtailment,48:47,0.0
Stage2,Scenario31,gen_curtailment,48:48,0.0
Stage2,Scenario31,gen_curtailment,48:49,0.0
Stage2,Scenario31,gen_curtailment,49:50,0.0
Stage2,Scenario31,gen_curtailment,49:51,0.0
Stage2,Scenario31,gen_curtailment,49:52,0.0
Stage2,Scenario31,gen_curtailment,49:53,0.0
Stage2,Scenario31,gen_curtailment,50:155,0.0
Stage2,Scenario31,gen_curtailment,54:54,0.0
Stage2,Scenario31,gen_curtailment,54:55,0.0
Stage2,Scenario31,gen_curtailment,55:122,0.0
Stage2,Scenario31,gen_curtailment,56:153,0.0
Stage2,Scenario31,gen_curtailment,57:103,0.0
Stage2,Scenario31,gen_curtailment,57:106,0.0
Stage2,Scenario31,gen_curtailment,59:105,0.0
Stage2,Scenario31,gen_curtailment,6:8,0.0
Stage2,Scenario31,gen_curtailment,60:102,0.0
Stage2,Scenario31,gen_curtailment,60:123,0.0
Stage2,Scenario31,gen_curtailment,60:124,0.0
Stage2,Scenario31,gen_curtailment,60:125,0.0
Stage2,Scenario31,gen_curtailment,60:126,0.0
Stage2,Scenario31,gen_curtailment,60:127,0.0
Stage2,Scenario31,gen_curtailment,60:128,0.0
Stage2,Scenario31,gen_curtailment,60:129,0.0
Stage2,Scenario31,gen_curtailment,60:130,0.0
Stage2,Scenario31,gen_curtailment,60:131,0.0
Stage2,Scenario31,gen_curtailment,60:132,0.0
Stage2,Scenario31,gen_curtailment,60:133,0.0
Stage2,Scenario31,gen_curtailment,60:134,0.0
Stage2,Scenario31,gen_curtailment,60:138,0.0
Stage2,Scenario31,gen_curtailment,60:157,0.0
Stage2,Scenario31,gen_curtailment,60:56,0.0
Stage2,Scenario31,gen_curtailment,60:99,0.0
Stage2,Scenario31,gen_curtailment,61:100,0.0
Stage2,Scenario31,gen_curtailment,61:101,0.0
Stage2,Scenario31,gen_curtailment,61:91,0.0
Stage2,Scenario31,gen_curtailment,61:97,0.0
Stage2,Scenario31,gen_curtailment,61:98,0.0
Stage2,Scenario31,gen_curtailment,62:57,0.0
Stage2,Scenario31,gen_curtailment,62:58,0.0
Stage2,Scenario31,gen_curtailment,62:59,0.0
Stage2,Scenario31,gen_curtailment,62:60,0.0
Stage2,Scenario31,gen_curtailment,62:61,0.0
Stage2,Scenario31,gen_curtailment,62:62,0.0
Stage2,Scenario31,gen_curtailment,62:63,0.0
Stage2,Scenario31,gen_curtailment,62:64,0.0
Stage2,Scenario31,gen_curtailment,63:65,0.0
Stage2,Scenario31,gen_curtailment,64:154,0.0
Stage2,Scenario31,gen_curtailment,65:66,0.0
Stage2,Scenario31,gen_curtailment,66:110,0.0
Stage2,Scenario31,gen_curtailment,67:135,0.0
Stage2,Scenario31,gen_curtailment,67:136,0.0
Stage2,Scenario31,gen_curtailment,67:137,0.0
Stage2,Scenario31,gen_curtailment,67:139,0.0
Stage2,Scenario31,gen_curtailment,67:140,0.0
Stage2,Scenario31,gen_curtailment,67:147,0.0
Stage2,Scenario31,gen_curtailment,67:96,0.0
Stage2,Scenario31,gen_curtailment,68:67,0.0
Stage2,Scenario31,gen_curtailment,69:68,0.21999999999999886
Stage2,Scenario31,gen_curtailment,69:69,0.21999999999999886
Stage2,Scenario31,gen_curtailment,69:92,0.0
Stage2,Scenario31,gen_curtailment,69:93,0.0
Stage2,Scenario31,gen_curtailment,69:94,0.0
Stage2,Scenario31,gen_curtailment,69:95,0.0
Stage2,Scenario31,gen_curtailment,70:70,0.15499999999997272
Stage2,Scenario31,gen_curtailment,70:71,0.15499999999997272
Stage2,Scenario31,gen_curtailment,71:104,0.0
Stage2,Scenario31,gen_curtailment,71:107,0.0
Stage2,Scenario31,gen_curtailment,71:108,0.0
Stage2,Scenario31,load_shed,0,0.008999999999999897
Stage2,Scenario31,load_shed,1,0.0
Stage2,Scenario31,load_shed,10,0.0
Stage2,Scenario31,load_shed,11,0.0
Stage2,Scenario31,load_shed,12,0.0
Stage2,Scenario31,load_shed,13,1.4539999999999997
Stage2,Scenario31,load_shed,14,0.0
Stage2,Scenario31,load_shed,15,0.0
Stage2,Scenario31,load_shed,16,0.0
Stage2,Scenario31,load_shed,17,0.0
Stage2,Scenario31,load_shed,18,0.0
Stage2,Scenario31,load_shed,19,0.0
Stage2,Scenario31,load_shed,2,0.0
Stage2,Scenario31,load_shed,20,0.0
Stage2,Scenario31,load_shed,21,0.0
Stage2,Scenario31,load_shed,22,0.0
Stage2,Scenario31,load_shed,23,0.0
Stage2,Scenario31,load_shed,24,0.0
Stage2,Scenario31,load_shed,25,0.0
Stage2,Scenario31,load_shed,26,0.0
Stage2,Scenario31,load_shed,27,0.0
Stage2,Scenario31,load_shed,28,0.71
Stage2,Scenario31,load_shed,29,1.36
Stage2,Scenario31,load_shed,3,0.0
Stage2,Scenario31,load_shed,30,0.15000000000000568
Stage2,Scenario31,load_shed,31,1.7100000000000002
Stage2,Scenario31,load_shed,32,1.75
Stage2,Scenario31,load_shed,33,0.0
Stage2,Scenario31,load_shed,34,0.0
Stage2,Scenario31,load_shed,35,0.0
Stage2,Scenario31,load_shed,36,0.0
Stage2,Scenario31,load_shed,37,0.389999999999999
Stage2,Scenario31,load_shed,38,0.0
Stage2,Scenario31,load_shed,39,0.9999999999999996
Stage2,Scenario31,load_shed,4,0.0
Stage2,Scenario31,load_shed,40,0.0
Stage2,Scenario31,load_shed,41,0.0
Stage2,Scenario31,load_shed,42,0.0
Stage2,Scenario31,load_shed,43,0.0
Stage2,Scenario31,load_shed,44,0.0
Stage2,Scenario31,load_shed,45,0.0
Stage2,Scenario31,load_shed,46,0.0
Stage2,Scenario31,load_shed,47,0.0
Stage2,Scenario31,load_shed,48,0.0
Stage2,Scenario31,load_shed,49,0.0
Stage2,Scenario31,load_shed,5,1.36
Stage2,Scenario31,load_shed,50,0.0
Stage2,Scenario31,load_shed,51,0.7399999999999999
Stage2,Scenario31,load_shed,52,0.0
Stage2,Scenario31,load_shed,53,1.36
Stage2,Scenario31,load_shed,54,0.8509999999999998
Stage2,Scenario31,load_shed,55,0.0
Stage2,Scenario31,load_shed,56,0.2669999999999999
Stage2,Scenario31,load_shed,57,1.6269999999999998
Stage2,Scenario31,load_shed,58,0.0
Stage2,Scenario31,load_shed,59,0.0
Stage2,Scenario31,load_shed,6,0.6299999999999955
Stage2,Scenario31,load_shed,60,0.0
Stage2,Scenario31,load_shed,61,0.0
Stage2,Scenario31,load_shed,62,0.0
Stage2,Scenario31,load_shed,63,0.0
Stage2,Scenario31,load_shed,64,0.0
Stage2,Scenario31,load_shed,65,0.0
Stage2,Scenario31,load_shed,66,0.0
Stage2,Scenario31,load_shed,67,0.0
Stage2,Scenario31,load_shed,68,0.0
Stage2,Scenario31,load_shed,69,0.0
Stage2,Scenario31,load_shed,7,0.0
Stage2,Scenario31,load_shed,70,0.0
Stage2,Scenario31,load_shed,71,0.0
Stage2,Scenario31,load_shed,72,0.0
Stage2,Scenario31,load_shed,8,1.75
Stage2,Scenario31,load_shed,9,1.95
Stage2,Scenario31,load_shed_value,None,19.068
Stage2,Scenario31,nu,None,0.0
Stage2,Scenario31,theta,0,-6.033150307179585
Stage2,Scenario31,theta,1,-6.2133353071795865
Stage2,Scenario31,theta,10,-0.023328000000000012
Stage2,Scenario31,theta,11,6.283185307179587
Stage2,Scenario31,theta,12,0.0
Stage2,Scenario31,theta,13,-0.04374000000000002
Stage2,Scenario31,theta,14,-6.283185307179587
Stage2,Scenario31,theta,15,-6.212735307179587
Stage2,Scenario31,theta,16,-6.219235307179587
Stage2,Scenario31,theta,17,-6.222735307179588
Stage2,Scenario31,theta,18,-6.283185307179587
Stage2,Scenario31,theta,19,-6.227185307179587
Stage2,Scenario31,theta,2,-6.283185307179587
Stage2,Scenario31,theta,20,-6.1940053071795855
Stage2,Scenario31,theta,21,1.8205279999965303
Stage2,Scenario31,theta,22,-6.168225307180746
Stage2,Scenario31,theta,23,2.310527999996534
Stage2,Scenario31,theta,24,-6.1608053071795865
Stage2,Scenario31,theta,25,-6.189205307179587
Stage2,Scenario31,theta,26,-6.283185307179587
Stage2,Scenario31,theta,27,-6.283185307179587
Stage2,Scenario31,theta,28,-6.283185307179587
Stage2,Scenario31,theta,29,-6.283185307179587
Stage2,Scenario31,theta,3,-6.283185307179587
Stage2,Scenario31,theta,30,-6.283185307179585
Stage2,Scenario31,theta,31,-6.283185307179585
Stage2,Scenario31,theta,32,-6.283185307179585
Stage2,Scenario31,theta,33,-6.283185307179587
Stage2,Scenario31,theta,34,-6.283185307179585
Stage2,Scenario31,theta,35,-6.116928307179586
Stage2,Scenario31,theta,36,-6.283185307179587
Stage2,Scenario31,theta,37,6.191735307179585
Stage2,Scenario31,theta,38,-6.283185307179587
Stage2,Scenario31,theta,39,6.283185307179587
Stage2,Scenario31,theta,4,-6.0935003071795855
Stage2,Scenario31,theta,40,-6.283185307179587
Stage2,Scenario31,theta,41,-6.283185307179587
Stage2,Scenario31,theta,42,-6.283185307179587
Stage2,Scenario31,theta,43,-6.210785307179586
Stage2,Scenario31,theta,44,6.283185307179587
Stage2,Scenario31,theta,45,6.283185307179587
Stage2,Scenario31,theta,46,-6.142805307179587
Stage2,Scenario31,theta,47,-6.283185307179587
Stage2,Scenario31,theta,48,-6.283185307179587
Stage2,Scenario31,theta,49,-6.279825307179587
Stage2,Scenario31,theta,5,-6.283185307179587
Stage2,Scenario31,theta,50,-6.283185307179587
Stage2,Scenario31,theta,51,-6.283185307179587
Stage2,Scenario31,theta,52,-6.283185307179587
Stage2,Scenario31,theta,53,-6.283185307179587
Stage2,Scenario31,theta,54,6.283185307179587
Stage2,Scenario31,theta,55,6.2404243071795875
Stage2,Scenario31,theta,56,-6.283185307179587
Stage2,Scenario31,theta,57,-6.220705307179586
Stage2,Scenario31,theta,58,6.283185307179587
Stage2,Scenario31,theta,59,-6.283185307179587
Stage2,Scenario31,theta,6,-6.086765307179587
Stage2,Scenario31,theta,60,6.283185307179587
Stage2,Scenario31,theta,61,-6.283185307179587
Stage2,Scenario31,theta,62,-6.283185307179587
Stage2,Scenario31,theta,63,-6.250735307179586
Stage2,Scenario31,theta,64,-6.283185307179587
Stage2,Scenario31,theta,65,-6.164645307179585
Stage2,Scenario31,theta,66,-6.283185307179587
Stage2,Scenario31,theta,67,-6.210785307179586
Stage2,Scenario31,theta,68,-6.199885307179587
Stage2,Scenario31,theta,69,-6.283185307179587
Stage2,Scenario31,theta,7,-6.191075307179586
Stage2,Scenario31,theta,70,-6.176795307179586
Stage2,Scenario31,theta,71,-6.254065307179586
Stage2,Scenario31,theta,72,0.0
Stage2,Scenario31,theta,8,6.283185307179587
Stage2,Scenario31,theta,9,-6.283185307179587
Stage2,Scenario31,xij,0,0.0
Stage2,Scenario31,xij,1,1.0
Stage2,Scenario31,xij,10,1.0
Stage2,Scenario31,xij,100,0.0
Stage2,Scenario31,xij,101,1.0
Stage2,Scenario31,xij,102,0.0
Stage2,Scenario31,xij,103,1.0
Stage2,Scenario31,xij,104,0.0
Stage2,Scenario31,xij,105,1.0
Stage2,Scenario31,xij,106,0.0
Stage2,Scenario31,xij,107,0.0
Stage2,Scenario31,xij,108,0.0
Stage2,Scenario31,xij,109,1.0
Stage2,Scenario31,xij,11,1.0
Stage2,Scenario31,xij,110,0.0
Stage2,Scenario31,xij,111,0.0
Stage2,Scenario31,xij,112,1.0
Stage2,Scenario31,xij,113,0.0
Stage2,Scenario31,xij,114,1.0
Stage2,Scenario31,xij,115,1.0
Stage2,Scenario31,xij,116,0.0
Stage2,Scenario31,xij,117,0.0
Stage2,Scenario31,xij,118,1.0
Stage2,Scenario31,xij,119,0.0
Stage2,Scenario31,xij,12,0.0
Stage2,Scenario31,xij,13,0.0
Stage2,Scenario31,xij,14,0.0
Stage2,Scenario31,xij,15,0.0
Stage2,Scenario31,xij,16,0.0
Stage2,Scenario31,xij,17,0.0
Stage2,Scenario31,xij,18,1.0
Stage2,Scenario31,xij,19,1.0
Stage2,Scenario31,xij,2,1.0
Stage2,Scenario31,xij,20,0.0
Stage2,Scenario31,xij,21,0.0
Stage2,Scenario31,xij,22,0.0
Stage2,Scenario31,xij,23,0.0
Stage2,Scenario31,xij,24,0.0
Stage2,Scenario31,xij,25,0.0
Stage2,Scenario31,xij,26,1.0
Stage2,Scenario31,xij,27,0.0
Stage2,Scenario31,xij,28,0.0
Stage2,Scenario31,xij,29,1.0
Stage2,Scenario31,xij,3,1.0
Stage2,Scenario31,xij,30,0.0
Stage2,Scenario31,xij,31,1.0
Stage2,Scenario31,xij,32,0.0
Stage2,Scenario31,xij,33,0.0
Stage2,Scenario31,xij,34,1.0
Stage2,Scenario31,xij,35,0.0
Stage2,Scenario31,xij,36,1.0
Stage2,Scenario31,xij,37,0.0
Stage2,Scenario31,xij,38,1.0
Stage2,Scenario31,xij,39,0.0
Stage2,Scenario31,xij,4,0.0
Stage2,Scenario31,xij,40,0.0
Stage2,Scenario31,xij,41,0.0
Stage2,Scenario31,xij,42,1.0
Stage2,Scenario31,xij,43,0.0
Stage2,Scenario31,xij,44,1.0
Stage2,Scenario31,xij,45,0.0
Stage2,Scenario31,xij,46,0.0
Stage2,Scenario31,xij,47,1.0
Stage2,Scenario31,xij,48,0.0
Stage2,Scenario31,xij,49,0.0
Stage2,Scenario31,xij,5,0.0
Stage2,Scenario31,xij,50,0.0
Stage2,Scenario31,xij,51,1.0
Stage2,Scenario31,xij,52,1.0
Stage2,Scenario31,xij,53,0.0
Stage2,Scenario31,xij,54,1.0
Stage2,Scenario31,xij,55,0.0
Stage2,Scenario31,xij,56,0.0
Stage2,Scenario31,xij,57,1.0
Stage2,Scenario31,xij,58,0.0
Stage2,Scenario31,xij,59,0.0
Stage2,Scenario31,xij,6,0.0
Stage2,Scenario31,xij,60,0.0
Stage2,Scenario31,xij,61,0.0
Stage2,Scenario31,xij,62,0.0
Stage2,Scenario31,xij,63,1.0
Stage2,Scenario31,xij,64,0.0
Stage2,Scenario31,xij,65,0.0
Stage2,Scenario31,xij,66,0.0
Stage2,Scenario31,xij,67,0.0
Stage2,Scenario31,xij,68,0.0
Stage2,Scenario31,xij,69,0.0
Stage2,Scenario31,xij,7,0.0
Stage2,Scenario31,xij,70,1.0
Stage2,Scenario31,xij,71,0.0
Stage2,Scenario31,xij,72,0.0
Stage2,Scenario31,xij,73,0.0
Stage2,Scenario31,xij,74,0.0
Stage2,Scenario31,xij,75,1.0
Stage2,Scenario31,xij,76,0.0
Stage2,Scenario31,xij,77,1.0
Stage2,Scenario31,xij,78,0.0
Stage2,Scenario31,xij,79,1.0
Stage2,Scenario31,xij,8,0.0
Stage2,Scenario31,xij,80,0.0
Stage2,Scenario31,xij,81,0.0
Stage2,Scenario31,xij,82,0.0
Stage2,Scenario31,xij,83,0.0
Stage2,Scenario31,xij,84,0.0
Stage2,Scenario31,xij,85,0.0
Stage2,Scenario31,xij,86,0.0
Stage2,Scenario31,xij,87,1.0
Stage2,Scenario31,xij,88,0.0
Stage2,Scenario31,xij,89,1.0
Stage2,Scenario31,xij,9,0.0
Stage2,Scenario31,xij,90,0.0
Stage2,Scenario31,xij,91,0.0
Stage2,Scenario31,xij,92,0.0
Stage2,Scenario31,xij,93,0.0
Stage2,Scenario31,xij,94,0.0
Stage2,Scenario31,xij,95,0.0
Stage2,Scenario31,xij,96,0.0
Stage2,Scenario31,xij,97,0.0
Stage2,Scenario31,xij,98,0.0
Stage2,Scenario31,xij,99,0.0
Stage2,Scenario32,Pij,0,0.0
Stage2,Scenario32,Pij,1,0.0
Stage2,Scenario32,Pij,10,1.71
Stage2,Scenario32,Pij,100,0.0
Stage2,Scenario32,Pij,101,0.0
Stage2,Scenario32,Pij,102,-0.55
Stage2,Scenario32,Pij,103,0.0
Stage2,Scenario32,Pij,104,-1.6999999999999984
Stage2,Scenario32,Pij,105,0.0
Stage2,Scenario32,Pij,106,0.0
Stage2,Scenario32,Pij,107,0.0
Stage2,Scenario32,Pij,108,0.0
Stage2,Scenario32,Pij,109,0.0
Stage2,Scenario32,Pij,11,0.0
Stage2,Scenario32,Pij,110,0.0
Stage2,Scenario32,Pij,111,0.0
Stage2,Scenario32,Pij,112,0.0
Stage2,Scenario32,Pij,113,0.0
Stage2,Scenario32,Pij,114,0.0
Stage2,Scenario32,Pij,115,0.0
Stage2,Scenario32,Pij,116,0.0
Stage2,Scenario32,Pij,117,0.0
Stage2,Scenario32,Pij,118,0.0
Stage2,Scenario32,Pij,119,0.0
Stage2,Scenario32,Pij,12,0.0
Stage2,Scenario32,Pij,13,0.0
Stage2,Scenario32,Pij,14,0.0
Stage2,Scenario32,Pij,15,0.0
Stage2,Scenario32,Pij,16,0.0
Stage2,Scenario32,Pij,17,0.0
Stage2,Scenario32,Pij,18,0.0
Stage2,Scenario32,Pij,19,0.0
Stage2,Scenario32,Pij,2,0.0
Stage2,Scenario32,Pij,20,0.0
Stage2,Scenario32,Pij,21,0.0
Stage2,Scenario32,Pij,22,0.0
Stage2,Scenario32,Pij,23,0.0
Stage2,Scenario32,Pij,24,-1.5500000000000007
Stage2,Scenario32,Pij,25,0.0
Stage2,Scenario32,Pij,26,0.0
Stage2,Scenario32,Pij,27,-3.0700000000000025
Stage2,Scenario32,Pij,28,0.0
Stage2,Scenario32,Pij,29,0.0
Stage2,Scenario32,Pij,3,0.74
Stage2,Scenario32,Pij,30,0.0
Stage2,Scenario32,Pij,31,0.0
Stage2,Scenario32,Pij,32,0.0
Stage2,Scenario32,Pij,33,0.0
Stage2,Scenario32,Pij,34,0.0
Stage2,Scenario32,Pij,35,0.0
Stage2,Scenario32,Pij,36,-1.699999999999993
Stage2,Scenario32,Pij,37,0.0
Stage2,Scenario32,Pij,38,-2.9799999999999933
Stage2,Scenario32,Pij,39,0.0
Stage2,Scenario32,Pij,4,0.0
Stage2,Scenario32,Pij,40,0.0
Stage2,Scenario32,Pij,41,0.0
Stage2,Scenario32,Pij,42,0.0
Stage2,Scenario32,Pij,43,0.0
Stage2,Scenario32,Pij,44,0.0
Stage2,Scenario32,Pij,45,1.36
Stage2,Scenario32,Pij,46,0.0
Stage2,Scenario32,Pij,47,0.0
Stage2,Scenario32,Pij,48,0.0
Stage2,Scenario32,Pij,49,0.0
Stage2,Scenario32,Pij,5,0.0
Stage2,Scenario32,Pij,50,0.0
Stage2,Scenario32,Pij,51,0.0
Stage2,Scenario32,Pij,52,0.0
Stage2,Scenario32,Pij,53,0.0
Stage2,Scenario32,Pij,54,0.0
Stage2,Scenario32,Pij,55,0.0
Stage2,Scenario32,Pij,56,0.0
Stage2,Scenario32,Pij,57,-1.95
Stage2,Scenario32,Pij,58,0.0
Stage2,Scenario32,Pij,59,0.0
Stage2,Scenario32,Pij,6,0.0
Stage2,Scenario32,Pij,60,0.0
Stage2,Scenario32,Pij,61,0.0
Stage2,Scenario32,Pij,62,0.0
Stage2,Scenario32,Pij,63,0.0
Stage2,Scenario32,Pij,64,0.0
Stage2,Scenario32,Pij,65,-2.07
Stage2,Scenario32,Pij,66,0.0
Stage2,Scenario32,Pij,67,0.0
Stage2,Scenario32,Pij,68,0.0
Stage2,Scenario32,Pij,69,1.55
Stage2,Scenario32,Pij,7,0.0
Stage2,Scenario32,Pij,70,0.0
Stage2,Scenario32,Pij,71,0.0
Stage2,Scenario32,Pij,72,0.0
Stage2,Scenario32,Pij,73,0.0
Stage2,Scenario32,Pij,74,0.0
Stage2,Scenario32,Pij,75,0.0
Stage2,Scenario32,Pij,76,0.0
Stage2,Scenario32,Pij,77,0.0
Stage2,Scenario32,Pij,78,0.0
Stage2,Scenario32,Pij,79,0.42000000000000004
Stage2,Scenario32,Pij,8,0.0
Stage2,Scenario32,Pij,80,0.0
Stage2,Scenario32,Pij,81,0.0
Stage2,Scenario32,Pij,82,0.0
Stage2,Scenario32,Pij,83,0.9500000000000002
Stage2,Scenario32,Pij,84,0.267000000000003
Stage2,Scenario32,Pij,85,0.0
Stage2,Scenario32,Pij,86,0.0
Stage2,Scenario32,Pij,87,-0.71
Stage2,Scenario32,Pij,88,0.0
Stage2,Scenario32,Pij,89,0.0
Stage2,Scenario32,Pij,9,0.0
Stage2,Scenario32,Pij,90,0.0
Stage2,Scenario32,Pij,91,0.0
Stage2,Scenario32,Pij,92,0.0
Stage2,Scenario32,Pij,93,0.0
Stage2,Scenario32,Pij,94,0.0
Stage2,Scenario32,Pij,95,0.0
Stage2,Scenario32,Pij,96,0.0
Stage2,Scenario32,Pij,97,0.0
Stage2,Scenario32,Pij,98,0.0
Stage2,Scenario32,Pij,99,0.0
Stage2,Scenario32,bus_gen,0:0,0.07999999999999824
Stage2,Scenario32,bus_gen,0:1,0.07999999999999824
Stage2,Scenario32,bus_gen,0:113,0.0
Stage2,Scenario32,bus_gen,0:117,0.0
Stage2,Scenario32,bus_gen,0:118,0.0
Stage2,Scenario32,bus_gen,0:119,0.0
Stage2,Scenario32,bus_gen,0:2,0.56
Stage2,Scenario32,bus_gen,0:3,0.56
Stage2,Scenario32,bus_gen,1:112,0.17700000000000327
Stage2,Scenario32,bus_gen,1:114,0.253
Stage2,Scenario32,bus_gen,1:4,0.0799999999999983
Stage2,Scenario32,bus_gen,1:5,0.0799999999999983
Stage2,Scenario32,bus_gen,1:6,0.56
Stage2,Scenario32,bus_gen,1:7,0.56
Stage2,Scenario32,bus_gen,12:10,0.4285
Stage2,Scenario32,bus_gen,12:109,0.936
Stage2,Scenario32,bus_gen,12:11,0.4285
Stage2,Scenario32,bus_gen,12:12,0.4285
Stage2,Scenario32,bus_gen,12:9,0.4285
Stage2,Scenario32,bus_gen,13:72,0.0
Stage2,Scenario32,bus_gen,14:13,0.049999999999998934
Stage2,Scenario32,bus_gen,14:14,0.049999999999998934
Stage2,Scenario32,bus_gen,14:15,1.2500000000000004
Stage2,Scenario32,bus_gen,15:16,1.5500000000000007
Stage2,Scenario32,bus_gen,17:141,0.09300000000000001
Stage2,Scenario32,bus_gen,17:142,0.09699999999999999
Stage2,Scenario32,bus_gen,17:143,0.094
Stage2,Scenario32,bus_gen,17:144,0.09100000000000003
Stage2,Scenario32,bus_gen,17:145,0.091
Stage2,Scenario32,bus_gen,17:146,0.09699999999999999
Stage2,Scenario32,bus_gen,17:148,0.118
Stage2,Scenario32,bus_gen,17:149,0.112
Stage2,Scenario32,bus_gen,17:150,0.10300000000000001
Stage2,Scenario32,bus_gen,17:151,0.045
Stage2,Scenario32,bus_gen,17:17,2.3890000000000002
Stage2,Scenario32,bus_gen,18:121,0.11000000000000677
Stage2,Scenario32,bus_gen,2:120,0.6150000000000007
Stage2,Scenario32,bus_gen,20:73,3.96
Stage2,Scenario32,bus_gen,21:156,0.0
Stage2,Scenario32,bus_gen,21:74,0.0
Stage2,Scenario32,bus_gen,21:75,0.0
Stage2,Scenario32,bus_gen,21:76,0.0
Stage2,Scenario32,bus_gen,21:77,0.0
Stage2,Scenario32,bus_gen,21:78,0.0
Stage2,Scenario32,bus_gen,21:79,0.0
Stage2,Scenario32,bus_gen,22:18,0.9199999999999984
Stage2,Scenario32,bus_gen,22:19,1.3999999999999986
Stage2,Scenario32,bus_gen,22:20,0.2199999999999989
Stage2,Scenario32,bus_gen,22:21,0.2199999999999989
Stage2,Scenario32,bus_gen,22:22,0.2199999999999989
Stage2,Scenario32,bus_gen,24:23,0.07999999999999843
Stage2,Scenario32,bus_gen,24:24,0.07999999999999843
Stage2,Scenario32,bus_gen,24:25,0.76
Stage2,Scenario32,bus_gen,24:80,0.1600000000000032
Stage2,Scenario32,bus_gen,25:26,0.2
Stage2,Scenario32,bus_gen,25:27,0.2
Stage2,Scenario32,bus_gen,25:28,0.76
Stage2,Scenario32,bus_gen,25:29,0.76
Stage2,Scenario32,bus_gen,3:115,0.0
Stage2,Scenario32,bus_gen,30:30,0.55
Stage2,Scenario32,bus_gen,30:31,0.55
Stage2,Scenario32,bus_gen,35:116,1.95
Stage2,Scenario32,bus_gen,36:152,0.0
Stage2,Scenario32,bus_gen,36:32,3.136
Stage2,Scenario32,bus_gen,36:33,0.2199999999999989
Stage2,Scenario32,bus_gen,36:34,0.2199999999999989
Stage2,Scenario32,bus_gen,37:81,0.0
Stage2,Scenario32,bus_gen,38:111,0.0
Stage2,Scenario32,bus_gen,38:35,0.55
Stage2,Scenario32,bus_gen,38:36,0.55
Stage2,Scenario32,bus_gen,38:82,0.0
Stage2,Scenario32,bus_gen,38:83,0.0
Stage2,Scenario32,bus_gen,38:84,0.0
Stage2,Scenario32,bus_gen,39:37,1.55
Stage2,Scenario32,bus_gen,41:38,3.33
Stage2,Scenario32,bus_gen,44:39,2.07
Stage2,Scenario32,bus_gen,45:85,0.0
Stage2,Scenario32,bus_gen,45:86,0.0
Stage2,Scenario32,bus_gen,45:87,0.0
Stage2,Scenario32,bus_gen,45:88,0.0
Stage2,Scenario32,bus_gen,45:89,0.0
Stage2,Scenario32,bus_gen,45:90,0.0
Stage2,Scenario32,bus_gen,46:40,0.6199999999999983
Stage2,Scenario32,bus_gen,46:41,0.6199999999999983
Stage2,Scenario32,bus_gen,46:42,1.3999999999999986
Stage2,Scenario32,bus_gen,46:43,0.2199999999999989
Stage2,Scenario32,bus_gen,46:44,0.2199999999999989
Stage2,Scenario32,bus_gen,46:45,0.2199999999999989
Stage2,Scenario32,bus_gen,48:46,0.2
Stage2,Scenario32,bus_gen,48:47,0.2
Stage2,Scenario32,bus_gen,48:48,0.55
Stage2,Scenario32,bus_gen,48:49,0.55
Stage2,Scenario32,bus_gen,49:50,0.2
Stage2,Scenario32,bus_gen,49:51,0.2
Stage2,Scenario32,bus_gen,49:52,0.55
Stage2,Scenario32,bus_gen,49:53,0.55
Stage2,Scenario32,bus_gen,50:155,2.067000000000003
Stage2,Scenario32,bus_gen,54:54,0.55
Stage2,Scenario32,bus_gen,54:55,0.55
Stage2,Scenario32,bus_gen,55:122,1.0090000000000001
Stage2,Scenario32,bus_gen,56:153,1.483
Stage2,Scenario32,bus_gen,57:103,0.517
Stage2,Scenario32,bus_gen,57:106,0.5159999999999999
Stage2,Scenario32,bus_gen,59:105,0.0
Stage2,Scenario32,bus_gen,6:8,3.136
Stage2,Scenario32,bus_gen,60:102,0.0
Stage2,Scenario32,bus_gen,60:123,0.0
Stage2,Scenario32,bus_gen,60:124,0.0
Stage2,Scenario32,bus_gen,60:125,0.10500000000000143
Stage2,Scenario32,bus_gen,60:126,0.0
Stage2,Scenario32,bus_gen,60:127,0.0
Stage2,Scenario32,bus_gen,60:128,0.638
Stage2,Scenario32,bus_gen,60:129,0.0
Stage2,Scenario32,bus_gen,60:130,0.0
Stage2,Scenario32,bus_gen,60:131,0.0
Stage2,Scenario32,bus_gen,60:132,0.0
Stage2,Scenario32,bus_gen,60:133,0.0
Stage2,Scenario32,bus_gen,60:134,0.0
Stage2,Scenario32,bus_gen,60:138,0.0
Stage2,Scenario32,bus_gen,60:157,0.0
Stage2,Scenario32,bus_gen,60:56,1.9069999999999983
Stage2,Scenario32,bus_gen,60:99,0.0
Stage2,Scenario32,bus_gen,61:100,0.9079999999999999
Stage2,Scenario32,bus_gen,61:101,0.0
Stage2,Scenario32,bus_gen,61:91,0.0
Stage2,Scenario32,bus_gen,61:97,0.516
Stage2,Scenario32,bus_gen,61:98,0.516
Stage2,Scenario32,bus_gen,62:57,0.052000000000000976
Stage2,Scenario32,bus_gen,62:58,0.052000000000000976
Stage2,Scenario32,bus_gen,62:59,0.052000000000000976
Stage2,Scenario32,bus_gen,62:60,0.052000000000000976
Stage2,Scenario32,bus_gen,62:61,0.052000000000000976
Stage2,Scenario32,bus_gen,62:62,0.2199999999999989
Stage2,Scenario32,bus_gen,62:63,0.2199999999999989
Stage2,Scenario32,bus_gen,62:64,0.2199999999999989
Stage2,Scenario32,bus_gen,63:65,1.55
Stage2,Scenario32,bus_gen,64:154,0.0
Stage2,Scenario32,bus_gen,65:66,3.33
Stage2,Scenario32,bus_gen,66:110,1.81
Stage2,Scenario32,bus_gen,67:135,0.273
Stage2,Scenario32,bus_gen,67:136,0.27
Stage2,Scenario32,bus_gen,67:137,0.18499999999999994
Stage2,Scenario32,bus_gen,67:139,0.27
Stage2,Scenario32,bus_gen,67:140,0.282
Stage2,Scenario32,bus_gen,67:147,0.0
Stage2,Scenario32,bus_gen,67:96,0.0
Stage2,Scenario32,bus_gen,68:67,1.6999999999999984
Stage2,Scenario32,bus_gen,69:68,0.2199999999999989
Stage2,Scenario32,bus_gen,69:69,0.2199999999999989
Stage2,Scenario32,bus_gen,69:92,0.0
Stage2,Scenario32,bus_gen,69:93,0.0
Stage2,Scenario32,bus_gen,69:94,0.0
Stage2,Scenario32,bus_gen,69:95,0.0
Stage2,Scenario32,bus_gen,70:70,1.6999999999999984
Stage2,Scenario32,bus_gen,70:71,1.6999999999999984
Stage2,Scenario32,bus_gen,71:104,0.0
Stage2,Scenario32,bus_gen,71:107,0.0
Stage2,Scenario32,bus_gen,71:108,0.0
Stage2,Scenario32,cvar,None,27.453684210526305
Stage2,Scenario32,gen_curtailment,0:0,0.07999999999999824
Stage2,Scenario32,gen_curtailment,0:1,0.07999999999999824
Stage2,Scenario32,gen_curtailment,0:113,0.0
Stage2,Scenario32,gen_curtailment,0:117,0.0
Stage2,Scenario32,gen_curtailment,0:118,0.0
Stage2,Scenario32,gen_curtailment,0:119,0.0
Stage2,Scenario32,gen_curtailment,0:2,0.020000000000000018
Stage2,Scenario32,gen_curtailment,0:3,0.020000000000000018
Stage2,Scenario32,gen_curtailment,1:112,0.0
Stage2,Scenario32,gen_curtailment,1:114,0.0
Stage2,Scenario32,gen_curtailment,1:4,0.0
Stage2,Scenario32,gen_curtailment,1:5,0.0
Stage2,Scenario32,gen_curtailment,1:6,0.0
Stage2,Scenario32,gen_curtailment,1:7,0.0
Stage2,Scenario32,gen_curtailment,12:10,0.0
Stage2,Scenario32,gen_curtailment,12:109,0.0
Stage2,Scenario32,gen_curtailment,12:11,0.0
Stage2,Scenario32,gen_curtailment,12:12,0.0
Stage2,Scenario32,gen_curtailment,12:9,0.0
Stage2,Scenario32,gen_curtailment,13:72,0.0
Stage2,Scenario32,gen_curtailment,14:13,0.0
Stage2,Scenario32,gen_curtailment,14:14,0.0
Stage2,Scenario32,gen_curtailment,14:15,1.2500000000000009
Stage2,Scenario32,gen_curtailment,15:16,0.0
Stage2,Scenario32,gen_curtailment,17:141,0.0
Stage2,Scenario32,gen_curtailment,17:142,0.0
Stage2,Scenario32,gen_curtailment,17:143,0.0
Stage2,Scenario32,gen_curtailment,17:144,0.0
Stage2,Scenario32,gen_curtailment,17:145,0.0
Stage2,Scenario32,gen_curtailment,17:146,0.0
Stage2,Scenario32,gen_curtailment,17:148,0.0
Stage2,Scenario32,gen_curtailment,17:149,0.0
Stage2,Scenario32,gen_curtailment,17:150,0.0
Stage2,Scenario32,gen_curtailment,17:151,0.0
Stage2,Scenario32,gen_curtailment,17:17,0.0
Stage2,Scenario32,gen_curtailment,18:121,0.0
Stage2,Scenario32,gen_curtailment,2:120,0.0
Stage2,Scenario32,gen_curtailment,20:73,0.8899999999999976
Stage2,Scenario32,gen_curtailment,21:156,0.0
Stage2,Scenario32,gen_curtailment,21:74,0.0
Stage2,Scenario32,gen_curtailment,21:75,0.0
Stage2,Scenario32,gen_curtailment,21:76,0.0
Stage2,Scenario32,gen_curtailment,21:77,0.0
Stage2,Scenario32,gen_curtailment,21:78,0.0
Stage2,Scenario32,gen_curtailment,21:79,0.0
Stage2,Scenario32,gen_curtailment,22:18,0.0
Stage2,Scenario32,gen_curtailment,22:19,0.0
Stage2,Scenario32,gen_curtailment,22:20,0.0
Stage2,Scenario32,gen_curtailment,22:21,0.0
Stage2,Scenario32,gen_curtailment,22:22,0.0
Stage2,Scenario32,gen_curtailment,24:23,0.0
Stage2,Scenario32,gen_curtailment,24:24,0.0
Stage2,Scenario32,gen_curtailment,24:25,0.0
Stage2,Scenario32,gen_curtailment,24:80,0.0
Stage2,Scenario32,gen_curtailment,25:26,0.0
Stage2,Scenario32,gen_curtailment,25:27,0.0
Stage2,Scenario32,gen_curtailment,25:28,0.0
Stage2,Scenario32,gen_curtailment,25:29,0.0
Stage2,Scenario32,gen_curtailment,3:115,0.0
Stage2,Scenario32,gen_curtailment,30:30,0.0
Stage2,Scenario32,gen_curtailment,30:31,0.0
Stage2,Scenario32,gen_curtailment,35:116,0.0
Stage2,Scenario32,gen_curtailment,36:152,0.0
Stage2,Scenario32,gen_curtailment,36:32,0.4860000000000002
Stage2,Scenario32,gen_curtailment,36:33,0.2199999999999989
Stage2,Scenario32,gen_curtailment,36:34,0.2199999999999989
Stage2,Scenario32,gen_curtailment,37:81,0.0
Stage2,Scenario32,gen_curtailment,38:111,0.0
Stage2,Scenario32,gen_curtailment,38:35,0.0
Stage2,Scenario32,gen_curtailment,38:36,0.0
Stage2,Scenario32,gen_curtailment,38:82,0.0
Stage2,Scenario32,gen_curtailment,38:83,0.0
Stage2,Scenario32,gen_curtailment,38:84,0.0
Stage2,Scenario32,gen_curtailment,39:37,0.0
Stage2,Scenario32,gen_curtailment,41:38,0.0
Stage2,Scenario32,gen_curtailment,44:39,0.0
Stage2,Scenario32,gen_curtailment,45:85,0.0
Stage2,Scenario32,gen_curtailment,45:86,0.0
Stage2,Scenario32,gen_curtailment,45:87,0.0
Stage2,Scenario32,gen_curtailment,45:88,0.0
Stage2,Scenario32,gen_curtailment,45:89,0.0
Stage2,Scenario32,gen_curtailment,45:90,0.0
Stage2,Scenario32,gen_curtailment,46:40,0.6199999999999983
Stage2,Scenario32,gen_curtailment,46:41,0.6199999999999983
Stage2,Scenario32,gen_curtailment,46:42,1.3999999999999986
Stage2,Scenario32,gen_curtailment,46:43,0.2199999999999989
Stage2,Scenario32,gen_curtailment,46:44,0.2199999999999989
Stage2,Scenario32,gen_curtailment,46:45,0.2199999999999989
Stage2,Scenario32,gen_curtailment,48:46,0.0
Stage2,Scenario32,gen_curtailment,48:47,0.0
Stage2,Scenario32,gen_curtailment,48:48,0.0
Stage2,Scenario32,gen_curtailment,48:49,0.0
Stage2,Scenario32,gen_curtailment,49:50,0.0
Stage2,Scenario32,gen_curtailment,49:51,0.0
Stage2,Scenario32,gen_curtailment,49:52,0.0
Stage2,Scenario32,gen_curtailment,49:53,0.0
Stage2,Scenario32,gen_curtailment,50:155,0.0
Stage2,Scenario32,gen_curtailment,54:54,0.0
Stage2,Scenario32,gen_curtailment,54:55,0.0
Stage2,Scenario32,gen_curtailment,55:122,0.0
Stage2,Scenario32,gen_curtailment,56:153,0.0
Stage2,Scenario32,gen_curtailment,57:103,0.0
Stage2,Scenario32,gen_curtailment,57:106,0.0
Stage2,Scenario32,gen_curtailment,59:105,0.0
Stage2,Scenario32,gen_curtailment,6:8,0.17600000000000016
Stage2,Scenario32,gen_curtailment,60:102,0.0
Stage2,Scenario32,gen_curtailment,60:123,0.0
Stage2,Scenario32,gen_curtailment,60:124,0.0
Stage2,Scenario32,gen_curtailment,60:125,0.0
Stage2,Scenario32,gen_curtailment,60:126,0.0
Stage2,Scenario32,gen_curtailment,60:127,0.0
Stage2,Scenario32,gen_curtailment,60:128,0.0
Stage2,Scenario32,gen_curtailment,60:129,0.0
Stage2,Scenario32,gen_curtailment,60:130,0.0
Stage2,Scenario32,gen_curtailment,60:131,0.0
Stage2,Scenario32,gen_curtailment,60:132,0.0
Stage2,Scenario32,gen_curtailment,60:133,0.0
Stage2,Scenario32,gen_curtailment,60:134,0.0
Stage2,Scenario32,gen_curtailment,60:138,0.0
Stage2,Scenario32,gen_curtailment,60:157,0.0
Stage2,Scenario32,gen_curtailment,60:56,0.0
Stage2,Scenario32,gen_curtailment,60:99,0.0
Stage2,Scenario32,gen_curtailment,61:100,0.0
Stage2,Scenario32,gen_curtailment,61:101,0.0
Stage2,Scenario32,gen_curtailment,61:91,0.0
Stage2,Scenario32,gen_curtailment,61:97,0.0
Stage2,Scenario32,gen_curtailment,61:98,0.0
Stage2,Scenario32,gen_curtailment,62:57,0.0
Stage2,Scenario32,gen_curtailment,62:58,0.0
Stage2,Scenario32,gen_curtailment,62:59,0.0
Stage2,Scenario32,gen_curtailment,62:60,0.0
Stage2,Scenario32,gen_curtailment,62:61,0.0
Stage2,Scenario32,gen_curtailment,62:62,0.0
Stage2,Scenario32,gen_curtailment,62:63,0.0
Stage2,Scenario32,gen_curtailment,62:64,0.0
Stage2,Scenario32,gen_curtailment,63:65,0.0
Stage2,Scenario32,gen_curtailment,64:154,0.0
Stage2,Scenario32,gen_curtailment,65:66,0.0
Stage2,Scenario32,gen_curtailment,66:110,0.0
Stage2,Scenario32,gen_curtailment,67:135,0.0
Stage2,Scenario32,gen_curtailment,67:136,0.0
Stage2,Scenario32,gen_curtailment,67:137,0.0
Stage2,Scenario32,gen_curtailment,67:139,0.0
Stage2,Scenario32,gen_curtailment,67:140,0.0
Stage2,Scenario32,gen_curtailment,67:147,0.0
Stage2,Scenario32,gen_curtailment,67:96,0.0
Stage2,Scenario32,gen_curtailment,68:67,0.0
Stage2,Scenario32,gen_curtailment,69:68,0.2199999999999989
Stage2,Scenario32,gen_curtailment,69:69,0.2199999999999989
Stage2,Scenario32,gen_curtailment,69:92,0.0
Stage2,Scenario32,gen_curtailment,69:93,0.0
Stage2,Scenario32,gen_curtailment,69:94,0.0
Stage2,Scenario32,gen_curtailment,69:95,0.0
Stage2,Scenario32,gen_curtailment,70:70,1.6999999999999984
Stage2,Scenario32,gen_curtailment,70:71,1.6999999999999984
Stage2,Scenario32,gen_curtailment,71:104,0.0
Stage2,Scenario32,gen_curtailment,71:107,0.0
Stage2,Scenario32,gen_curtailment,71:108,0.0
Stage2,Scenario32,load_shed,0,0.0
Stage2,Scenario32,load_shed,1,0.0
Stage2,Scenario32,load_shed,10,0.0
Stage2,Scenario32,load_shed,11,0.0
Stage2,Scenario32,load_shed,12,0.0
Stage2,Scenario32,load_shed,13,0.38999999999999924
Stage2,Scenario32,load_shed,14,0.0
Stage2,Scenario32,load_shed,15,1.0
Stage2,Scenario32,load_shed,16,0.0
Stage2,Scenario32,load_shed,17,0.0
Stage2,Scenario32,load_shed,18,0.0
Stage2,Scenario32,load_shed,19,0.0
Stage2,Scenario32,load_shed,2,1.1849999999999994
Stage2,Scenario32,load_shed,20,0.0
Stage2,Scenario32,load_shed,21,0.0
Stage2,Scenario32,load_shed,22,0.0
Stage2,Scenario32,load_shed,23,0.0
Stage2,Scenario32,load_shed,24,0.0
Stage2,Scenario32,load_shed,25,0.41000000000000003
Stage2,Scenario32,load_shed,26,1.7999999999999998
Stage2,Scenario32,load_shed,27,0.74
Stage2,Scenario32,load_shed,28,0.71
Stage2,Scenario32,load_shed,29,0.0
Stage2,Scenario32,load_shed,3,0.0
Stage2,Scenario32,load_shed,30,0.1499999999999999
Stage2,Scenario32,load_shed,31,1.71
Stage2,Scenario32,load_shed,32,1.75
Stage2,Scenario32,load_shed,33,0.0
Stage2,Scenario32,load_shed,34,0.0
Stage2,Scenario32,load_shed,35,0.0
Stage2,Scenario32,load_shed,36,0.0
Stage2,Scenario32,load_shed,37,1.9399999999999997
Stage2,Scenario32,load_shed,38,0.0
Stage2,Scenario32,load_shed,39,1.0
Stage2,Scenario32,load_shed,4,0.71
Stage2,Scenario32,load_shed,40,0.0
Stage2,Scenario32,load_shed,41,0.0
Stage2,Scenario32,load_shed,42,0.26
Stage2,Scenario32,load_shed,43,1.28
Stage2,Scenario32,load_shed,44,0.0
Stage2,Scenario32,load_shed,45,0.0
Stage2,Scenario32,load_shed,46,0.0
Stage2,Scenario32,load_shed,47,0.0
Stage2,Scenario32,load_shed,48,0.0
Stage2,Scenario32,load_shed,49,0.0
Stage2,Scenario32,load_shed,5,1.36
Stage2,Scenario32,load_shed,50,0.0
Stage2,Scenario32,load_shed,51,0.74
Stage2,Scenario32,load_shed,52,0.0
Stage2,Scenario32,load_shed,53,0.4099999999999999
Stage2,Scenario32,load_shed,54,0.1499999999999999
Stage2,Scenario32,load_shed,55,0.7009999999999998
Stage2,Scenario32,load_shed,56,0.0
Stage2,Scenario32,load_shed,57,1.627
Stage2,Scenario32,load_shed,58,0.0
Stage2,Scenario32,load_shed,59,0.0
Stage2,Scenario32,load_shed,6,0.0
Stage2,Scenario32,load_shed,60,0.0
Stage2,Scenario32,load_shed,61,0.0
Stage2,Scenario32,load_shed,62,0.0
Stage2,Scenario32,load_shed,63,0.0
Stage2,Scenario32,load_shed,64,0.0
Stage2,Scenario32,load_shed,65,0.0
Stage2,Scenario32,load_shed,66,0.0
Stage2,Scenario32,load_shed,67,0.0
Stage2,Scenario32,load_shed,68,0.0
Stage2,Scenario32,load_shed,69,0.0
Stage2,Scenario32,load_shed,7,0.0
Stage2,Scenario32,load_shed,70,0.0
Stage2,Scenario32,load_shed,71,0.0
Stage2,Scenario32,load_shed,72,0.0
Stage2,Scenario32,load_shed,8,1.75
Stage2,Scenario32,load_shed,9,1.95
Stage2,Scenario32,load_shed_value,None,23.723
Stage2,Scenario32,nu,None,0.0
Stage2,Scenario32,theta,0,-6.283185307179585
Stage2,Scenario32,theta,1,-6.189205307179586
Stage2,Scenario32,theta,10,6.191735307179586
Stage2,Scenario32,theta,11,6.283185307179586
Stage2,Scenario32,theta,12,0.0
Stage2,Scenario32,theta,13,6.191735307179586
Stage2,Scenario32,theta,14,-6.283185307179586
Stage2,Scenario32,theta,15,6.283185307179586
Stage2,Scenario32,theta,16,-6.283185307179586
Stage2,Scenario32,theta,17,-6.283185307179586
Stage2,Scenario32,theta,18,-6.283185307179586
Stage2,Scenario32,theta,19,-6.215185307179587
Stage2,Scenario32,theta,2,6.283185307179586
Stage2,Scenario32,theta,20,-6.132755307179586
Stage2,Scenario32,theta,21,-6.132755307179586
Stage2,Scenario32,theta,22,-6.149625307180747
Stage2,Scenario32,theta,23,6.283185307179586
Stage2,Scenario32,theta,24,-6.283185307179586
Stage2,Scenario32,theta,25,-6.022065307179586
Stage2,Scenario32,theta,26,5.99338530718342
Stage2,Scenario32,theta,27,-6.283185307179586
Stage2,Scenario32,theta,28,-6.283185307179586
Stage2,Scenario32,theta,29,-6.283185307179586
Stage2,Scenario32,theta,3,-6.283185307179586
Stage2,Scenario32,theta,30,-6.283185307179586
Stage2,Scenario32,theta,31,-6.283185307179586
Stage2,Scenario32,theta,32,-6.283185307179586
Stage2,Scenario32,theta,33,-6.283185307179586
Stage2,Scenario32,theta,34,6.283185307179586
Stage2,Scenario32,theta,35,-6.116928307179586
Stage2,Scenario32,theta,36,-6.283185307179586
Stage2,Scenario32,theta,37,-6.247535307179586
Stage2,Scenario32,theta,38,-6.283185307179586
Stage2,Scenario32,theta,39,-6.247535307179586
Stage2,Scenario32,theta,4,-6.283185307179586
Stage2,Scenario32,theta,40,-6.283185307179586
Stage2,Scenario32,theta,41,-6.283185307179586
Stage2,Scenario32,theta,42,-6.283185307179586
Stage2,Scenario32,theta,43,-6.283185307179586
Stage2,Scenario32,theta,44,-6.1817553071795865
Stage2,Scenario32,theta,45,6.283185307179586
Stage2,Scenario32,theta,46,-6.283185307179586
Stage2,Scenario32,theta,47,5.99338530718342
Stage2,Scenario32,theta,48,-6.094905307179586
Stage2,Scenario32,theta,49,-6.100785307179586
Stage2,Scenario32,theta,5,-6.283185307179586
Stage2,Scenario32,theta,50,-6.251412307179586
Stage2,Scenario32,theta,51,-6.283185307179586
Stage2,Scenario32,theta,52,-6.283185307179586
Stage2,Scenario32,theta,53,-6.283185307179586
Stage2,Scenario32,theta,54,-6.283185307179586
Stage2,Scenario32,theta,55,-6.283185307179586
Stage2,Scenario32,theta,56,-6.283185307179586
Stage2,Scenario32,theta,57,-6.220705307179586
Stage2,Scenario32,theta,58,6.283185307179586
Stage2,Scenario32,theta,59,-6.283185307179586
Stage2,Scenario32,theta,6,6.283185307179586
Stage2,Scenario32,theta,60,6.283185307179586
Stage2,Scenario32,theta,61,6.283185307179586
Stage2,Scenario32,theta,62,-6.283185307179586
Stage2,Scenario32,theta,63,-6.273835307179586
Stage2,Scenario32,theta,64,-6.283185307179586
Stage2,Scenario32,theta,65,-6.283185307179586
Stage2,Scenario32,theta,66,6.283185307179586
Stage2,Scenario32,theta,67,-6.063185307180742
Stage2,Scenario32,theta,68,-6.199885307179587
Stage2,Scenario32,theta,69,6.283185307179586
Stage2,Scenario32,theta,7,6.178875307179586
Stage2,Scenario32,theta,70,-6.283185307179586
Stage2,Scenario32,theta,71,6.283185307179586
Stage2,Scenario32,theta,72,-6.283185307179586
Stage2,Scenario32,theta,8,6.283185307179586
Stage2,Scenario32,theta,9,-6.283185307179586
Stage2,Scenario32,xij,0,0.0
Stage2,Scenario32,xij,1,0.0
Stage2,Scenario32,xij,10,1.0
Stage2,Scenario32,xij,100,0.0
Stage2,Scenario32,xij,101,0.0
Stage2,Scenario32,xij,102,1.0
Stage2,Scenario32,xij,103,0.0
Stage2,Scenario32,xij,104,1.0
Stage2,Scenario32,xij,105,0.0
Stage2,Scenario32,xij,106,0.0
Stage2,Scenario32,xij,107,0.0
Stage2,Scenario32,xij,108,0.0
Stage2,Scenario32,xij,109,0.0
Stage2,Scenario32,xij,11,0.0
Stage2,Scenario32,xij,110,0.0
Stage2,Scenario32,xij,111,0.0
Stage2,Scenario32,xij,112,0.0
Stage2,Scenario32,xij,113,0.0
Stage2,Scenario32,xij,114,0.0
Stage2,Scenario32,xij,115,0.0
Stage2,Scenario32,xij,116,0.0
Stage2,Scenario32,xij,117,0.0
Stage2,Scenario32,xij,118,0.0
Stage2,Scenario32,xij,119,1.0
Stage2,Scenario32,xij,12,0.0
Stage2,Scenario32,xij,13,0.0
Stage2,Scenario32,xij,14,0.0
Stage2,Scenario32,xij,15,0.0
Stage2,Scenario32,xij,16,0.0
Stage2,Scenario32,xij,17,0.0
Stage2,Scenario32,xij,18,0.0
Stage2,Scenario32,xij,19,1.0
Stage2,Scenario32,xij,2,0.0
Stage2,Scenario32,xij,20,0.0
Stage2,Scenario32,xij,21,0.0
Stage2,Scenario32,xij,22,0.0
Stage2,Scenario32,xij,23,0.0
Stage2,Scenario32,xij,24,1.0
Stage2,Scenario32,xij,25,0.0
Stage2,Scenario32,xij,26,0.0
Stage2,Scenario32,xij,27,1.0
Stage2,Scenario32,xij,28,0.0
Stage2,Scenario32,xij,29,0.0
Stage2,Scenario32,xij,3,1.0
Stage2,Scenario32,xij,30,0.0
Stage2,Scenario32,xij,31,1.0
Stage2,Scenario32,xij,32,0.0
Stage2,Scenario32,xij,33,0.0
Stage2,Scenario32,xij,34,0.0
Stage2,Scenario32,xij,35,0.0
Stage2,Scenario32,xij,36,1.0
Stage2,Scenario32,xij,37,0.0
Stage2,Scenario32,xij,38,1.0
Stage2,Scenario32,xij,39,1.0
Stage2,Scenario32,xij,4,0.0
Stage2,Scenario32,xij,40,0.0
Stage2,Scenario32,xij,41,0.0
Stage2,Scenario32,xij,42,0.0
Stage2,Scenario32,xij,43,0.0
Stage2,Scenario32,xij,44,0.0
Stage2,Scenario32,xij,45,1.0
Stage2,Scenario32,xij,46,0.0
Stage2,Scenario32,xij,47,1.0
Stage2,Scenario32,xij,48,0.0
Stage2,Scenario32,xij,49,0.0
Stage2,Scenario32,xij,5,0.0
Stage2,Scenario32,xij,50,0.0
Stage2,Scenario32,xij,51,0.0
Stage2,Scenario32,xij,52,0.0
Stage2,Scenario32,xij,53,0.0
Stage2,Scenario32,xij,54,0.0
Stage2,Scenario32,xij,55,0.0
Stage2,Scenario32,xij,56,0.0
Stage2,Scenario32,xij,57,1.0
Stage2,Scenario32,xij,58,0.0
Stage2,Scenario32,xij,59,0.0
Stage2,Scenario32,xij,6,0.0
Stage2,Scenario32,xij,60,0.0
Stage2,Scenario32,xij,61,0.0
Stage2,Scenario32,xij,62,1.0
Stage2,Scenario32,xij,63,1.0
Stage2,Scenario32,xij,64,0.0
Stage2,Scenario32,xij,65,1.0
Stage2,Scenario32,xij,66,0.0
Stage2,Scenario32,xij,67,0.0
Stage2,Scenario32,xij,68,0.0
Stage2,Scenario32,xij,69,1.0
Stage2,Scenario32,xij,7,0.0
Stage2,Scenario32,xij,70,0.0
Stage2,Scenario32,xij,71,0.0
Stage2,Scenario32,xij,72,0.0
Stage2,Scenario32,xij,73,0.0
Stage2,Scenario32,xij,74,0.0
Stage2,Scenario32,xij,75,0.0
Stage2,Scenario32,xij,76,0.0
Stage2,Scenario32,xij,77,0.0
Stage2,Scenario32,xij,78,0.0
Stage2,Scenario32,xij,79,1.0
Stage2,Scenario32,xij,8,0.0
Stage2,Scenario32,xij,80,0.0
Stage2,Scenario32,xij,81,0.0
Stage2,Scenario32,xij,82,0.0
Stage2,Scenario32,xij,83,1.0
Stage2,Scenario32,xij,84,1.0
Stage2,Scenario32,xij,85,0.0
Stage2,Scenario32,xij,86,0.0
Stage2,Scenario32,xij,87,1.0
Stage2,Scenario32,xij,88,0.0
Stage2,Scenario32,xij,89,0.0
Stage2,Scenario32,xij,9,0.0
Stage2,Scenario32,xij,90,0.0
Stage2,Scenario32,xij,91,0.0
Stage2,Scenario32,xij,92,0.0
Stage2,Scenario32,xij,93,0.0
Stage2,Scenario32,xij,94,0.0
Stage2,Scenario32,xij,95,0.0
Stage2,Scenario32,xij,96,0.0
Stage2,Scenario32,xij,97,0.0
Stage2,Scenario32,xij,98,0.0
Stage2,Scenario32,xij,99,0.0
Stage2,Scenario33,Pij,0,0.0
Stage2,Scenario33,Pij,1,1.185
Stage2,Scenario33,Pij,10,1.7100000000000044
Stage2,Scenario33,Pij,100,0.0
Stage2,Scenario33,Pij,101,0.0
Stage2,Scenario33,Pij,102,0.0
Stage2,Scenario33,Pij,103,0.0
Stage2,Scenario33,Pij,104,0.0
Stage2,Scenario33,Pij,105,0.0
Stage2,Scenario33,Pij,106,0.0
Stage2,Scenario33,Pij,107,0.0
Stage2,Scenario33,Pij,108,0.0
Stage2,Scenario33,Pij,109,0.0
Stage2,Scenario33,Pij,11,0.5899999999999954
Stage2,Scenario33,Pij,110,0.0
Stage2,Scenario33,Pij,111,0.0
Stage2,Scenario33,Pij,112,0.0
Stage2,Scenario33,Pij,113,0.0
Stage2,Scenario33,Pij,114,0.0
Stage2,Scenario33,Pij,115,0.0
Stage2,Scenario33,Pij,116,0.0
Stage2,Scenario33,Pij,117,0.0
Stage2,Scenario33,Pij,118,0.0
Stage2,Scenario33,Pij,119,0.0
Stage2,Scenario33,Pij,12,0.0
Stage2,Scenario33,Pij,13,0.0
Stage2,Scenario33,Pij,14,0.0
Stage2,Scenario33,Pij,15,0.0
Stage2,Scenario33,Pij,16,0.0
Stage2,Scenario33,Pij,17,0.0
Stage2,Scenario33,Pij,18,0.0
Stage2,Scenario33,Pij,19,0.0
Stage2,Scenario33,Pij,2,0.71
Stage2,Scenario33,Pij,20,0.0
Stage2,Scenario33,Pij,21,0.0
Stage2,Scenario33,Pij,22,0.0
Stage2,Scenario33,Pij,23,0.0
Stage2,Scenario33,Pij,24,0.0
Stage2,Scenario33,Pij,25,-0.55
Stage2,Scenario33,Pij,26,0.0
Stage2,Scenario33,Pij,27,0.0
Stage2,Scenario33,Pij,28,0.0
Stage2,Scenario33,Pij,29,0.0
Stage2,Scenario33,Pij,3,0.0
Stage2,Scenario33,Pij,30,0.0
Stage2,Scenario33,Pij,31,0.0
Stage2,Scenario33,Pij,32,0.0
Stage2,Scenario33,Pij,33,0.0
Stage2,Scenario33,Pij,34,0.0
Stage2,Scenario33,Pij,35,0.0
Stage2,Scenario33,Pij,36,0.0
Stage2,Scenario33,Pij,37,0.0
Stage2,Scenario33,Pij,38,-1.2799999999999998
Stage2,Scenario33,Pij,39,0.0
Stage2,Scenario33,Pij,4,0.0
Stage2,Scenario33,Pij,40,0.0
Stage2,Scenario33,Pij,41,-0.36000000000000343
Stage2,Scenario33,Pij,42,0.0
Stage2,Scenario33,Pij,43,0.0
Stage2,Scenario33,Pij,44,0.0
Stage2,Scenario33,Pij,45,0.0
Stage2,Scenario33,Pij,46,0.0
Stage2,Scenario33,Pij,47,0.0
Stage2,Scenario33,Pij,48,0.0
Stage2,Scenario33,Pij,49,0.0
Stage2,Scenario33,Pij,5,0.0
Stage2,Scenario33,Pij,50,0.0
Stage2,Scenario33,Pij,51,-0.04000000000000625
Stage2,Scenario33,Pij,52,0.0
Stage2,Scenario33,Pij,53,-1.75
Stage2,Scenario33,Pij,54,0.0
Stage2,Scenario33,Pij,55,0.0
Stage2,Scenario33,Pij,56,0.0
Stage2,Scenario33,Pij,57,-3.7
Stage2,Scenario33,Pij,58,0.0
Stage2,Scenario33,Pij,59,0.0
Stage2,Scenario33,Pij,6,0.0
Stage2,Scenario33,Pij,60,-1.7000000000000026
Stage2,Scenario33,Pij,61,0.0
Stage2,Scenario33,Pij,62,0.0
Stage2,Scenario33,Pij,63,0.0
Stage2,Scenario33,Pij,64,0.0
Stage2,Scenario33,Pij,65,-1.6999999999999984
Stage2,Scenario33,Pij,66,0.0
Stage2,Scenario33,Pij,67,0.0
Stage2,Scenario33,Pij,68,0.0
Stage2,Scenario33,Pij,69,1.5499999999999994
Stage2,Scenario33,Pij,7,0.0
Stage2,Scenario33,Pij,70,0.0
Stage2,Scenario33,Pij,71,0.0
Stage2,Scenario33,Pij,72,0.0
Stage2,Scenario33,Pij,73,0.0
Stage2,Scenario33,Pij,74,0.0
Stage2,Scenario33,Pij,75,0.0
Stage2,Scenario33,Pij,76,-1.2799999999999998
Stage2,Scenario33,Pij,77,0.0
Stage2,Scenario33,Pij,78,0.0
Stage2,Scenario33,Pij,79,0.0
Stage2,Scenario33,Pij,8,0.0
Stage2,Scenario33,Pij,80,0.0
Stage2,Scenario33,Pij,81,0.0
Stage2,Scenario33,Pij,82,0.0
Stage2,Scenario33,Pij,83,0.0
Stage2,Scenario33,Pij,84,0.0
Stage2,Scenario33,Pij,85,0.0
Stage2,Scenario33,Pij,86,0.0
Stage2,Scenario33,Pij,87,0.0
Stage2,Scenario33,Pij,88,0.0
Stage2,Scenario33,Pij,89,0.0
Stage2,Scenario33,Pij,9,0.0
Stage2,Scenario33,Pij,90,0.0
Stage2,Scenario33,Pij,91,0.0
Stage2,Scenario33,Pij,92,0.0
Stage2,Scenario33,Pij,93,0.0
Stage2,Scenario33,Pij,94,0.0
Stage2,Scenario33,Pij,95,0.0
Stage2,Scenario33,Pij,96,0.0
Stage2,Scenario33,Pij,97,0.0
Stage2,Scenario33,Pij,98,0.0
Stage2,Scenario33,Pij,99,0.0
Stage2,Scenario33,bus_gen,0:0,0.2
Stage2,Scenario33,bus_gen,0:1,0.2
Stage2,Scenario33,bus_gen,0:113,0.259
Stage2,Scenario33,bus_gen,0:117,0.267
Stage2,Scenario33,bus_gen,0:118,0.262
Stage2,Scenario33,bus_gen,0:119,0.258
Stage2,Scenario33,bus_gen,0:2,0.76
Stage2,Scenario33,bus_gen,0:3,0.76
Stage2,Scenario33,bus_gen,1:112,0.0
Stage2,Scenario33,bus_gen,1:114,0.0
Stage2,Scenario33,bus_gen,1:4,0.0799999999999983
Stage2,Scenario33,bus_gen,1:5,0.0799999999999983
Stage2,Scenario33,bus_gen,1:6,0.56
Stage2,Scenario33,bus_gen,1:7,0.56
Stage2,Scenario33,bus_gen,12:10,0.4285
Stage2,Scenario33,bus_gen,12:109,0.9359999999999999
Stage2,Scenario33,bus_gen,12:11,0.4285
Stage2,Scenario33,bus_gen,12:12,0.4285
Stage2,Scenario33,bus_gen,12:9,0.4285
Stage2,Scenario33,bus_gen,13:72,0.0
Stage2,Scenario33,bus_gen,14:13,0.12
Stage2,Scenario33,bus_gen,14:14,0.12
Stage2,Scenario33,bus_gen,14:15,1.5500000000000003
Stage2,Scenario33,bus_gen,15:16,1.5500000000000003
Stage2,Scenario33,bus_gen,17:141,0.09300000000000001
Stage2,Scenario33,bus_gen,17:142,0.097
Stage2,Scenario33,bus_gen,17:143,0.094
Stage2,Scenario33,bus_gen,17:144,0.091
Stage2,Scenario33,bus_gen,17:145,0.091
Stage2,Scenario33,bus_gen,17:146,0.097
Stage2,Scenario33,bus_gen,17:148,0.11800000000000001
Stage2,Scenario33,bus_gen,17:149,0.11199999999999997
Stage2,Scenario33,bus_gen,17:150,0.10300000000000001
Stage2,Scenario33,bus_gen,17:151,0.045
Stage2,Scenario33,bus_gen,17:17,2.3889999999999993
Stage2,Scenario33,bus_gen,18:121,0.6659999999999998
Stage2,Scenario33,bus_gen,2:120,0.615
Stage2,Scenario33,bus_gen,20:73,3.96
Stage2,Scenario33,bus_gen,21:156,0.0
Stage2,Scenario33,bus_gen,21:74,0.0
Stage2,Scenario33,bus_gen,21:75,0.0
Stage2,Scenario33,bus_gen,21:76,0.0
Stage2,Scenario33,bus_gen,21:77,0.0
Stage2,Scenario33,bus_gen,21:78,0.0
Stage2,Scenario33,bus_gen,21:79,0.0
Stage2,Scenario33,bus_gen,22:18,0.6199999999999983
Stage2,Scenario33,bus_gen,22:19,1.3999999999999986
Stage2,Scenario33,bus_gen,22:20,0.21999999999999886
Stage2,Scenario33,bus_gen,22:21,0.21999999999999886
Stage2,Scenario33,bus_gen,22:22,0.21999999999999886
Stage2,Scenario33,bus_gen,24:23,0.0799999999999983
Stage2,Scenario33,bus_gen,24:24,0.0799999999999983
Stage2,Scenario33,bus_gen,24:25,0.56
Stage2,Scenario33,bus_gen,24:80,0.0
Stage2,Scenario33,bus_gen,25:26,0.10500000000000165
Stage2,Scenario33,bus_gen,25:27,0.10500000000000165
Stage2,Scenario33,bus_gen,25:28,0.56
Stage2,Scenario33,bus_gen,25:29,0.56
Stage2,Scenario33,bus_gen,3:115,0.268
Stage2,Scenario33,bus_gen,30:30,0.55
Stage2,Scenario33,bus_gen,30:31,0.55
Stage2,Scenario33,bus_gen,35:116,2.0
Stage2,Scenario33,bus_gen,36:152,0.132
Stage2,Scenario33,bus_gen,36:32,3.55
Stage2,Scenario33,bus_gen,36:33,0.3340000000000032
Stage2,Scenario33,bus_gen,36:34,0.3340000000000032
Stage2,Scenario33,bus_gen,37:81,0.0
Stage2,Scenario33,bus_gen,38:111,1.0300000000000018
Stage2,Scenario33,bus_gen,38:35,0.21999999999999886
Stage2,Scenario33,bus_gen,38:36,0.21999999999999886
Stage2,Scenario33,bus_gen,38:82,0.0
Stage2,Scenario33,bus_gen,38:83,0.0
Stage2,Scenario33,bus_gen,38:84,0.0
Stage2,Scenario33,bus_gen,39:37,1.5499999999999994
Stage2,Scenario33,bus_gen,41:38,3.33
Stage2,Scenario33,bus_gen,44:39,1.6999999999999984
Stage2,Scenario33,bus_gen,45:85,0.0
Stage2,Scenario33,bus_gen,45:86,0.0
Stage2,Scenario33,bus_gen,45:87,0.0
Stage2,Scenario33,bus_gen,45:88,0.0
Stage2,Scenario33,bus_gen,45:89,0.0
Stage2,Scenario33,bus_gen,45:90,0.0
Stage2,Scenario33,bus_gen,46:40,0.6199999999999983
Stage2,Scenario33,bus_gen,46:41,0.6199999999999983
Stage2,Scenario33,bus_gen,46:42,1.3999999999999986
Stage2,Scenario33,bus_gen,46:43,0.21999999999999886
Stage2,Scenario33,bus_gen,46:44,0.21999999999999886
Stage2,Scenario33,bus_gen,46:45,0.21999999999999886
Stage2,Scenario33,bus_gen,48:46,0.2
Stage2,Scenario33,bus_gen,48:47,0.2
Stage2,Scenario33,bus_gen,48:48,0.34
Stage2,Scenario33,bus_gen,48:49,0.34
Stage2,Scenario33,bus_gen,49:50,0.2
Stage2,Scenario33,bus_gen,49:51,0.2
Stage2,Scenario33,bus_gen,49:52,0.285
Stage2,Scenario33,bus_gen,49:53,0.285
Stage2,Scenario33,bus_gen,50:155,1.8
Stage2,Scenario33,bus_gen,54:54,0.55
Stage2,Scenario33,bus_gen,54:55,0.55
Stage2,Scenario33,bus_gen,55:122,1.0090000000000001
Stage2,Scenario33,bus_gen,56:153,1.4829999999999999
Stage2,Scenario33,bus_gen,57:103,0.5169999999999999
Stage2,Scenario33,bus_gen,57:106,0.516
Stage2,Scenario33,bus_gen,59:105,0.0
Stage2,Scenario33,bus_gen,6:8,3.55
Stage2,Scenario33,bus_gen,60:102,0.0
Stage2,Scenario33,bus_gen,60:123,0.0
Stage2,Scenario33,bus_gen,60:124,0.0
Stage2,Scenario33,bus_gen,60:125,0.0
Stage2,Scenario33,bus_gen,60:126,0.0
Stage2,Scenario33,bus_gen,60:127,0.0
Stage2,Scenario33,bus_gen,60:128,0.0
Stage2,Scenario33,bus_gen,60:129,0.07700000000000151
Stage2,Scenario33,bus_gen,60:130,0.6659999999999998
Stage2,Scenario33,bus_gen,60:131,0.0
Stage2,Scenario33,bus_gen,60:132,0.0
Stage2,Scenario33,bus_gen,60:133,0.0
Stage2,Scenario33,bus_gen,60:134,0.0
Stage2,Scenario33,bus_gen,60:138,0.0
Stage2,Scenario33,bus_gen,60:157,0.0
Stage2,Scenario33,bus_gen,60:56,1.9069999999999985
Stage2,Scenario33,bus_gen,60:99,0.0
Stage2,Scenario33,bus_gen,61:100,0.927
Stage2,Scenario33,bus_gen,61:101,0.0
Stage2,Scenario33,bus_gen,61:91,0.0
Stage2,Scenario33,bus_gen,61:97,0.4969999999999999
Stage2,Scenario33,bus_gen,61:98,0.516
Stage2,Scenario33,bus_gen,62:57,0.12
Stage2,Scenario33,bus_gen,62:58,0.12
Stage2,Scenario33,bus_gen,62:59,0.12
Stage2,Scenario33,bus_gen,62:60,0.12
Stage2,Scenario33,bus_gen,62:61,0.12
Stage2,Scenario33,bus_gen,62:62,0.5499999999999999
Stage2,Scenario33,bus_gen,62:63,0.5499999999999999
Stage2,Scenario33,bus_gen,62:64,0.5499999999999999
Stage2,Scenario33,bus_gen,63:65,1.2500000000000002
Stage2,Scenario33,bus_gen,64:154,0.0
Stage2,Scenario33,bus_gen,65:66,3.33
Stage2,Scenario33,bus_gen,66:110,1.81
Stage2,Scenario33,bus_gen,67:135,0.273
Stage2,Scenario33,bus_gen,67:136,0.27
Stage2,Scenario33,bus_gen,67:137,0.28300000000000003
Stage2,Scenario33,bus_gen,67:139,0.0
Stage2,Scenario33,bus_gen,67:140,0.0
Stage2,Scenario33,bus_gen,67:147,0.0
Stage2,Scenario33,bus_gen,67:96,0.45399999999999996
Stage2,Scenario33,bus_gen,68:67,1.6999999999999984
Stage2,Scenario33,bus_gen,69:68,0.21999999999999886
Stage2,Scenario33,bus_gen,69:69,0.21999999999999886
Stage2,Scenario33,bus_gen,69:92,0.0
Stage2,Scenario33,bus_gen,69:93,0.0
Stage2,Scenario33,bus_gen,69:94,0.0
Stage2,Scenario33,bus_gen,69:95,0.0
Stage2,Scenario33,bus_gen,70:70,1.6999999999999984
Stage2,Scenario33,bus_gen,70:71,1.6999999999999984
Stage2,Scenario33,bus_gen,71:104,0.0
Stage2,Scenario33,bus_gen,71:107,0.0
Stage2,Scenario33,bus_gen,71:108,0.0
Stage2,Scenario33,cvar,None,27.4536842105263
Stage2,Scenario33,gen_curtailment,0:0,0.0
Stage2,Scenario33,gen_curtailment,0:1,0.0
Stage2,Scenario33,gen_curtailment,0:113,0.0
Stage2,Scenario33,gen_curtailment,0:117,0.0
Stage2,Scenario33,gen_curtailment,0:118,0.0
Stage2,Scenario33,gen_curtailment,0:119,0.0
Stage2,Scenario33,gen_curtailment,0:2,0.0
Stage2,Scenario33,gen_curtailment,0:3,0.0
Stage2,Scenario33,gen_curtailment,1:112,0.0
Stage2,Scenario33,gen_curtailment,1:114,0.0
Stage2,Scenario33,gen_curtailment,1:4,0.0
Stage2,Scenario33,gen_curtailment,1:5,0.0
Stage2,Scenario33,gen_curtailment,1:6,0.15499999999999836
Stage2,Scenario33,gen_curtailment,1:7,0.15499999999999836
Stage2,Scenario33,gen_curtailment,12:10,0.0
Stage2,Scenario33,gen_curtailment,12:109,0.0
Stage2,Scenario33,gen_curtailment,12:11,0.0
Stage2,Scenario33,gen_curtailment,12:12,0.0
Stage2,Scenario33,gen_curtailment,12:9,0.0
Stage2,Scenario33,gen_curtailment,13:72,0.0
Stage2,Scenario33,gen_curtailment,14:13,0.0
Stage2,Scenario33,gen_curtailment,14:14,0.0
Stage2,Scenario33,gen_curtailment,14:15,0.0
Stage2,Scenario33,gen_curtailment,15:16,0.0
Stage2,Scenario33,gen_curtailment,17:141,0.0
Stage2,Scenario33,gen_curtailment,17:142,0.0
Stage2,Scenario33,gen_curtailment,17:143,0.0
Stage2,Scenario33,gen_curtailment,17:144,0.0
Stage2,Scenario33,gen_curtailment,17:145,0.0
Stage2,Scenario33,gen_curtailment,17:146,0.0
Stage2,Scenario33,gen_curtailment,17:148,0.0
Stage2,Scenario33,gen_curtailment,17:149,0.0
Stage2,Scenario33,gen_curtailment,17:150,0.0
Stage2,Scenario33,gen_curtailment,17:151,0.0
Stage2,Scenario33,gen_curtailment,17:17,0.0
Stage2,Scenario33,gen_curtailment,18:121,0.0
Stage2,Scenario33,gen_curtailment,2:120,0.0
Stage2,Scenario33,gen_curtailment,20:73,3.96
Stage2,Scenario33,gen_curtailment,21:156,0.0
Stage2,Scenario33,gen_curtailment,21:74,0.0
Stage2,Scenario33,gen_curtailment,21:75,0.0
Stage2,Scenario33,gen_curtailment,21:76,0.0
Stage2,Scenario33,gen_curtailment,21:77,0.0
Stage2,Scenario33,gen_curtailment,21:78,0.0
Stage2,Scenario33,gen_curtailment,21:79,0.0
Stage2,Scenario33,gen_curtailment,22:18,0.6199999999999983
Stage2,Scenario33,gen_curtailment,22:19,0.11999999999999855
Stage2,Scenario33,gen_curtailment,22:20,0.21999999999999886
Stage2,Scenario33,gen_curtailment,22:21,0.21999999999999886
Stage2,Scenario33,gen_curtailment,22:22,0.21999999999999886
Stage2,Scenario33,gen_curtailment,24:23,0.0
Stage2,Scenario33,gen_curtailment,24:24,0.0
Stage2,Scenario33,gen_curtailment,24:25,0.0
Stage2,Scenario33,gen_curtailment,24:80,0.0
Stage2,Scenario33,gen_curtailment,25:26,0.0
Stage2,Scenario33,gen_curtailment,25:27,0.0
Stage2,Scenario33,gen_curtailment,25:28,0.0
Stage2,Scenario33,gen_curtailment,25:29,0.0
Stage2,Scenario33,gen_curtailment,3:115,0.0
Stage2,Scenario33,gen_curtailment,30:30,0.0
Stage2,Scenario33,gen_curtailment,30:31,0.0
Stage2,Scenario33,gen_curtailment,35:116,0.0
Stage2,Scenario33,gen_curtailment,36:152,0.0
Stage2,Scenario33,gen_curtailment,36:32,0.0
Stage2,Scenario33,gen_curtailment,36:33,0.0
Stage2,Scenario33,gen_curtailment,36:34,0.0
Stage2,Scenario33,gen_curtailment,37:81,0.0
Stage2,Scenario33,gen_curtailment,38:111,0.0
Stage2,Scenario33,gen_curtailment,38:35,0.0
Stage2,Scenario33,gen_curtailment,38:36,0.0
Stage2,Scenario33,gen_curtailment,38:82,0.0
Stage2,Scenario33,gen_curtailment,38:83,0.0
Stage2,Scenario33,gen_curtailment,38:84,0.0
Stage2,Scenario33,gen_curtailment,39:37,0.0
Stage2,Scenario33,gen_curtailment,41:38,0.0
Stage2,Scenario33,gen_curtailment,44:39,0.0
Stage2,Scenario33,gen_curtailment,45:85,0.0
Stage2,Scenario33,gen_curtailment,45:86,0.0
Stage2,Scenario33,gen_curtailment,45:87,0.0
Stage2,Scenario33,gen_curtailment,45:88,0.0
Stage2,Scenario33,gen_curtailment,45:89,0.0
Stage2,Scenario33,gen_curtailment,45:90,0.0
Stage2,Scenario33,gen_curtailment,46:40,0.6199999999999983
Stage2,Scenario33,gen_curtailment,46:41,0.6199999999999983
Stage2,Scenario33,gen_curtailment,46:42,0.11999999999999833
Stage2,Scenario33,gen_curtailment,46:43,0.21999999999999895
Stage2,Scenario33,gen_curtailment,46:44,0.21999999999999895
Stage2,Scenario33,gen_curtailment,46:45,0.21999999999999895
Stage2,Scenario33,gen_curtailment,48:46,0.0
Stage2,Scenario33,gen_curtailment,48:47,0.0
Stage2,Scenario33,gen_curtailment,48:48,0.0
Stage2,Scenario33,gen_curtailment,48:49,0.0
Stage2,Scenario33,gen_curtailment,49:50,0.0
Stage2,Scenario33,gen_curtailment,49:51,0.0
Stage2,Scenario33,gen_curtailment,49:52,0.0
Stage2,Scenario33,gen_curtailment,49:53,0.0
Stage2,Scenario33,gen_curtailment,50:155,0.0
Stage2,Scenario33,gen_curtailment,54:54,0.0
Stage2,Scenario33,gen_curtailment,54:55,0.0
Stage2,Scenario33,gen_curtailment,55:122,0.0
Stage2,Scenario33,gen_curtailment,56:153,0.0
Stage2,Scenario33,gen_curtailment,57:103,0.0
Stage2,Scenario33,gen_curtailment,57:106,0.0
Stage2,Scenario33,gen_curtailment,59:105,0.0
Stage2,Scenario33,gen_curtailment,6:8,0.0
Stage2,Scenario33,gen_curtailment,60:102,0.0
Stage2,Scenario33,gen_curtailment,60:123,0.0
Stage2,Scenario33,gen_curtailment,60:124,0.0
Stage2,Scenario33,gen_curtailment,60:125,0.0
Stage2,Scenario33,gen_curtailment,60:126,0.0
Stage2,Scenario33,gen_curtailment,60:127,0.0
Stage2,Scenario33,gen_curtailment,60:128,0.0
Stage2,Scenario33,gen_curtailment,60:129,0.0
Stage2,Scenario33,gen_curtailment,60:130,0.0
Stage2,Scenario33,gen_curtailment,60:131,0.0
Stage2,Scenario33,gen_curtailment,60:132,0.0
Stage2,Scenario33,gen_curtailment,60:133,0.0
Stage2,Scenario33,gen_curtailment,60:134,0.0
Stage2,Scenario33,gen_curtailment,60:138,0.0
Stage2,Scenario33,gen_curtailment,60:157,0.0
Stage2,Scenario33,gen_curtailment,60:56,0.0
Stage2,Scenario33,gen_curtailment,60:99,0.0
Stage2,Scenario33,gen_curtailment,61:100,0.0
Stage2,Scenario33,gen_curtailment,61:101,0.0
Stage2,Scenario33,gen_curtailment,61:91,0.0
Stage2,Scenario33,gen_curtailment,61:97,0.0
Stage2,Scenario33,gen_curtailment,61:98,0.0
Stage2,Scenario33,gen_curtailment,62:57,0.0
Stage2,Scenario33,gen_curtailment,62:58,0.0
Stage2,Scenario33,gen_curtailment,62:59,0.0
Stage2,Scenario33,gen_curtailment,62:60,0.0
Stage2,Scenario33,gen_curtailment,62:61,0.0
Stage2,Scenario33,gen_curtailment,62:62,0.0
Stage2,Scenario33,gen_curtailment,62:63,0.0
Stage2,Scenario33,gen_curtailment,62:64,0.0
Stage2,Scenario33,gen_curtailment,63:65,0.2499999999999996
Stage2,Scenario33,gen_curtailment,64:154,0.0
Stage2,Scenario33,gen_curtailment,65:66,0.0
Stage2,Scenario33,gen_curtailment,66:110,0.0
Stage2,Scenario33,gen_curtailment,67:135,0.0
Stage2,Scenario33,gen_curtailment,67:136,0.0
Stage2,Scenario33,gen_curtailment,67:137,0.0
Stage2,Scenario33,gen_curtailment,67:139,0.0
Stage2,Scenario33,gen_curtailment,67:140,0.0
Stage2,Scenario33,gen_curtailment,67:147,0.0
Stage2,Scenario33,gen_curtailment,67:96,0.0
Stage2,Scenario33,gen_curtailment,68:67,1.6999999999999984
Stage2,Scenario33,gen_curtailment,69:68,0.21999999999999886
Stage2,Scenario33,gen_curtailment,69:69,0.21999999999999886
Stage2,Scenario33,gen_curtailment,69:92,0.0
Stage2,Scenario33,gen_curtailment,69:93,0.0
Stage2,Scenario33,gen_curtailment,69:94,0.0
Stage2,Scenario33,gen_curtailment,69:95,0.0
Stage2,Scenario33,gen_curtailment,70:70,1.6999999999999984
Stage2,Scenario33,gen_curtailment,70:71,1.6999999999999984
Stage2,Scenario33,gen_curtailment,71:104,0.0
Stage2,Scenario33,gen_curtailment,71:107,0.0
Stage2,Scenario33,gen_curtailment,71:108,0.0
Stage2,Scenario33,load_shed,0,0.008999999999999897
Stage2,Scenario33,load_shed,1,0.0
Stage2,Scenario33,load_shed,10,0.0
Stage2,Scenario33,load_shed,11,0.0
Stage2,Scenario33,load_shed,12,0.0
Stage2,Scenario33,load_shed,13,1.94
Stage2,Scenario33,load_shed,14,0.8299999999999996
Stage2,Scenario33,load_shed,15,0.0
Stage2,Scenario33,load_shed,16,0.0
Stage2,Scenario33,load_shed,17,0.0
Stage2,Scenario33,load_shed,18,1.1440000000000001
Stage2,Scenario33,load_shed,19,0.0
Stage2,Scenario33,load_shed,2,0.0
Stage2,Scenario33,load_shed,20,0.0
Stage2,Scenario33,load_shed,21,0.0
Stage2,Scenario33,load_shed,22,0.0
Stage2,Scenario33,load_shed,23,0.0
Stage2,Scenario33,load_shed,24,0.0
Stage2,Scenario33,load_shed,25,0.0
Stage2,Scenario33,load_shed,26,1.2100000000000046
Stage2,Scenario33,load_shed,27,0.74
Stage2,Scenario33,load_shed,28,0.71
Stage2,Scenario33,load_shed,29,1.36
Stage2,Scenario33,load_shed,3,0.472
Stage2,Scenario33,load_shed,30,0.10999999999999499
Stage2,Scenario33,load_shed,31,0.0
Stage2,Scenario33,load_shed,32,1.7500000000000002
Stage2,Scenario33,load_shed,33,0.0
Stage2,Scenario33,load_shed,34,0.0
Stage2,Scenario33,load_shed,35,0.0
Stage2,Scenario33,load_shed,36,0.0
Stage2,Scenario33,load_shed,37,1.94
Stage2,Scenario33,load_shed,38,0.0
Stage2,Scenario33,load_shed,39,1.0
Stage2,Scenario33,load_shed,4,0.0
Stage2,Scenario33,load_shed,40,0.0
Stage2,Scenario33,load_shed,41,0.0
Stage2,Scenario33,load_shed,42,0.2600000000000006
Stage2,Scenario33,load_shed,43,0.0
Stage2,Scenario33,load_shed,44,0.0
Stage2,Scenario33,load_shed,45,0.0
Stage2,Scenario33,load_shed,46,0.0
Stage2,Scenario33,load_shed,47,0.0
Stage2,Scenario33,load_shed,48,0.0
Stage2,Scenario33,load_shed,49,0.0
Stage2,Scenario33,load_shed,5,1.36
Stage2,Scenario33,load_shed,50,0.0
Stage2,Scenario33,load_shed,51,0.74
Stage2,Scenario33,load_shed,52,0.71
Stage2,Scenario33,load_shed,53,1.36
Stage2,Scenario33,load_shed,54,0.14999999999999994
Stage2,Scenario33,load_shed,55,0.7009999999999998
Stage2,Scenario33,load_shed,56,0.2669999999999999
Stage2,Scenario33,load_shed,57,0.9169999999999998
Stage2,Scenario33,load_shed,58,0.0
Stage2,Scenario33,load_shed,59,0.0
Stage2,Scenario33,load_shed,6,0.0
Stage2,Scenario33,load_shed,60,0.0
Stage2,Scenario33,load_shed,61,0.0
Stage2,Scenario33,load_shed,62,0.9199999999999998
Stage2,Scenario33,load_shed,63,0.0
Stage2,Scenario33,load_shed,64,0.0
Stage2,Scenario33,load_shed,65,0.0
Stage2,Scenario33,load_shed,66,0.0
Stage2,Scenario33,load_shed,67,0.0
Stage2,Scenario33,load_shed,68,0.0
Stage2,Scenario33,load_shed,69,0.0
Stage2,Scenario33,load_shed,7,0.0
Stage2,Scenario33,load_shed,70,0.0
Stage2,Scenario33,load_shed,71,0.0
Stage2,Scenario33,load_shed,72,0.0
Stage2,Scenario33,load_shed,8,1.75
Stage2,Scenario33,load_shed,9,1.95
Stage2,Scenario33,load_shed_value,None,24.3
Stage2,Scenario33,nu,None,0.0
Stage2,Scenario33,theta,0,-6.033150307179586
Stage2,Scenario33,theta,1,-6.283185307179586
Stage2,Scenario33,theta,10,6.283185307179586
Stage2,Scenario33,theta,11,6.283185307179586
Stage2,Scenario33,theta,12,0.0
Stage2,Scenario33,theta,13,-6.283185307179586
Stage2,Scenario33,theta,14,-6.283185307179586
Stage2,Scenario33,theta,15,-6.273835307179586
Stage2,Scenario33,theta,16,-6.273835307179586
Stage2,Scenario33,theta,17,-6.283185307179586
Stage2,Scenario33,theta,18,-6.283185307179585
Stage2,Scenario33,theta,19,-6.283185307179586
Stage2,Scenario33,theta,2,-6.283185307179586
Stage2,Scenario33,theta,20,6.283185307179586
Stage2,Scenario33,theta,21,6.283185307179586
Stage2,Scenario33,theta,22,-6.2550253071795865
Stage2,Scenario33,theta,23,6.283185307179586
Stage2,Scenario33,theta,24,-6.283185307179586
Stage2,Scenario33,theta,25,-6.278145307179587
Stage2,Scenario33,theta,26,6.188195307179587
Stage2,Scenario33,theta,27,-6.283185307179586
Stage2,Scenario33,theta,28,-6.283185307179586
Stage2,Scenario33,theta,29,-6.283185307179586
Stage2,Scenario33,theta,3,6.283185307179586
Stage2,Scenario33,theta,30,-6.283185307179586
Stage2,Scenario33,theta,31,-6.280745307179586
Stage2,Scenario33,theta,32,-6.283185307179586
Stage2,Scenario33,theta,33,-5.991995307179586
Stage2,Scenario33,theta,34,6.283185307179586
Stage2,Scenario33,theta,35,-5.676533307178261
Stage2,Scenario33,theta,36,-5.594933307178261
Stage2,Scenario33,theta,37,-6.283185307179586
Stage2,Scenario33,theta,38,-6.283185307179586
Stage2,Scenario33,theta,39,-6.247535307179587
Stage2,Scenario33,theta,4,-6.0935003071795855
Stage2,Scenario33,theta,40,-6.283185307179586
Stage2,Scenario33,theta,41,-6.283185307179586
Stage2,Scenario33,theta,42,-6.283185307179586
Stage2,Scenario33,theta,43,-6.283185307179586
Stage2,Scenario33,theta,44,-6.199885307179587
Stage2,Scenario33,theta,45,6.283185307179586
Stage2,Scenario33,theta,46,-6.255025307179588
Stage2,Scenario33,theta,47,6.188195307179587
Stage2,Scenario33,theta,48,-6.283185307179586
Stage2,Scenario33,theta,49,-6.283185307179586
Stage2,Scenario33,theta,5,-6.283185307179586
Stage2,Scenario33,theta,50,-6.283185307179586
Stage2,Scenario33,theta,51,-6.283185307179586
Stage2,Scenario33,theta,52,-6.283185307179586
Stage2,Scenario33,theta,53,-6.283185307179586
Stage2,Scenario33,theta,54,-6.283185307179586
Stage2,Scenario33,theta,55,-6.283185307179586
Stage2,Scenario33,theta,56,-6.283185307179586
Stage2,Scenario33,theta,57,-6.283185307179586
Stage2,Scenario33,theta,58,6.283185307179586
Stage2,Scenario33,theta,59,-6.283185307179586
Stage2,Scenario33,theta,6,6.283185307179586
Stage2,Scenario33,theta,60,6.283185307179586
Stage2,Scenario33,theta,61,6.283185307179586
Stage2,Scenario33,theta,62,-6.283185307179586
Stage2,Scenario33,theta,63,-6.283185307179586
Stage2,Scenario33,theta,64,-6.283185307179586
Stage2,Scenario33,theta,65,-6.283185307179586
Stage2,Scenario33,theta,66,6.283185307179586
Stage2,Scenario33,theta,67,-6.283185307179586
Stage2,Scenario33,theta,68,6.283185307179586
Stage2,Scenario33,theta,69,6.283185307179586
Stage2,Scenario33,theta,7,6.178875307180659
Stage2,Scenario33,theta,70,-6.063185307180742
Stage2,Scenario33,theta,71,6.283185307179586
Stage2,Scenario33,theta,72,0.0
Stage2,Scenario33,theta,8,6.283185307179586
Stage2,Scenario33,theta,9,-6.283185307179586
Stage2,Scenario33,xij,0,0.0
Stage2,Scenario33,xij,1,1.0
Stage2,Scenario33,xij,10,1.0
Stage2,Scenario33,xij,100,0.0
Stage2,Scenario33,xij,101,0.0
Stage2,Scenario33,xij,102,0.0
Stage2,Scenario33,xij,103,0.0
Stage2,Scenario33,xij,104,0.0
Stage2,Scenario33,xij,105,0.0
Stage2,Scenario33,xij,106,1.0
Stage2,Scenario33,xij,107,0.0
Stage2,Scenario33,xij,108,0.0
Stage2,Scenario33,xij,109,0.0
Stage2,Scenario33,xij,11,1.0
Stage2,Scenario33,xij,110,0.0
Stage2,Scenario33,xij,111,0.0
Stage2,Scenario33,xij,112,0.0
Stage2,Scenario33,xij,113,0.0
Stage2,Scenario33,xij,114,0.0
Stage2,Scenario33,xij,115,0.0
Stage2,Scenario33,xij,116,0.0
Stage2,Scenario33,xij,117,0.0
Stage2,Scenario33,xij,118,0.0
Stage2,Scenario33,xij,119,0.0
Stage2,Scenario33,xij,12,0.0
Stage2,Scenario33,xij,13,0.0
Stage2,Scenario33,xij,14,0.0
Stage2,Scenario33,xij,15,0.0
Stage2,Scenario33,xij,16,0.0
Stage2,Scenario33,xij,17,0.0
Stage2,Scenario33,xij,18,0.0
Stage2,Scenario33,xij,19,0.0
Stage2,Scenario33,xij,2,1.0
Stage2,Scenario33,xij,20,0.0
Stage2,Scenario33,xij,21,0.0
Stage2,Scenario33,xij,22,0.0
Stage2,Scenario33,xij,23,0.0
Stage2,Scenario33,xij,24,0.0
Stage2,Scenario33,xij,25,1.0
Stage2,Scenario33,xij,26,0.0
Stage2,Scenario33,xij,27,0.0
Stage2,Scenario33,xij,28,0.0
Stage2,Scenario33,xij,29,1.0
Stage2,Scenario33,xij,3,0.0
Stage2,Scenario33,xij,30,0.0
Stage2,Scenario33,xij,31,0.0
Stage2,Scenario33,xij,32,0.0
Stage2,Scenario33,xij,33,0.0
Stage2,Scenario33,xij,34,0.0
Stage2,Scenario33,xij,35,0.0
Stage2,Scenario33,xij,36,0.0
Stage2,Scenario33,xij,37,0.0
Stage2,Scenario33,xij,38,1.0
Stage2,Scenario33,xij,39,0.0
Stage2,Scenario33,xij,4,0.0
Stage2,Scenario33,xij,40,0.0
Stage2,Scenario33,xij,41,1.0
Stage2,Scenario33,xij,42,0.0
Stage2,Scenario33,xij,43,0.0
Stage2,Scenario33,xij,44,0.0
Stage2,Scenario33,xij,45,0.0
Stage2,Scenario33,xij,46,0.0
Stage2,Scenario33,xij,47,1.0
Stage2,Scenario33,xij,48,0.0
Stage2,Scenario33,xij,49,0.0
Stage2,Scenario33,xij,5,0.0
Stage2,Scenario33,xij,50,0.0
Stage2,Scenario33,xij,51,1.0
Stage2,Scenario33,xij,52,0.0
Stage2,Scenario33,xij,53,1.0
Stage2,Scenario33,xij,54,0.0
Stage2,Scenario33,xij,55,0.0
Stage2,Scenario33,xij,56,0.0
Stage2,Scenario33,xij,57,1.0
Stage2,Scenario33,xij,58,0.0
Stage2,Scenario33,xij,59,0.0
Stage2,Scenario33,xij,6,0.0
Stage2,Scenario33,xij,60,1.0
Stage2,Scenario33,xij,61,0.0
Stage2,Scenario33,xij,62,0.0
Stage2,Scenario33,xij,63,0.0
Stage2,Scenario33,xij,64,0.0
Stage2,Scenario33,xij,65,1.0
Stage2,Scenario33,xij,66,0.0
Stage2,Scenario33,xij,67,0.0
Stage2,Scenario33,xij,68,0.0
Stage2,Scenario33,xij,69,1.0
Stage2,Scenario33,xij,7,0.0
Stage2,Scenario33,xij,70,0.0
Stage2,Scenario33,xij,71,0.0
Stage2,Scenario33,xij,72,0.0
Stage2,Scenario33,xij,73,0.0
Stage2,Scenario33,xij,74,0.0
Stage2,Scenario33,xij,75,0.0
Stage2,Scenario33,xij,76,1.0
Stage2,Scenario33,xij,77,0.0
Stage2,Scenario33,xij,78,0.0
Stage2,Scenario33,xij,79,0.0
Stage2,Scenario33,xij,8,0.0
Stage2,Scenario33,xij,80,0.0
Stage2,Scenario33,xij,81,0.0
Stage2,Scenario33,xij,82,0.0
Stage2,Scenario33,xij,83,0.0
Stage2,Scenario33,xij,84,0.0
Stage2,Scenario33,xij,85,0.0
Stage2,Scenario33,xij,86,0.0
Stage2,Scenario33,xij,87,0.0
Stage2,Scenario33,xij,88,0.0
Stage2,Scenario33,xij,89,0.0
Stage2,Scenario33,xij,9,1.0
Stage2,Scenario33,xij,90,0.0
Stage2,Scenario33,xij,91,0.0
Stage2,Scenario33,xij,92,0.0
Stage2,Scenario33,xij,93,0.0
Stage2,Scenario33,xij,94,0.0
Stage2,Scenario33,xij,95,0.0
Stage2,Scenario33,xij,96,0.0
Stage2,Scenario33,xij,97,0.0
Stage2,Scenario33,xij,98,0.0
Stage2,Scenario33,xij,99,0.0
Stage2,Scenario34,Pij,0,0.0
Stage2,Scenario34,Pij,1,1.185
Stage2,Scenario34,Pij,10,2.3
Stage2,Scenario34,Pij,100,0.0
Stage2,Scenario34,Pij,101,0.0
Stage2,Scenario34,Pij,102,0.0
Stage2,Scenario34,Pij,103,0.0
Stage2,Scenario34,Pij,104,-1.6999999999999984
Stage2,Scenario34,Pij,105,0.0
Stage2,Scenario34,Pij,106,0.0
Stage2,Scenario34,Pij,107,0.2500000000000002
Stage2,Scenario34,Pij,108,0.4139999999999997
Stage2,Scenario34,Pij,109,0.0
Stage2,Scenario34,Pij,11,0.0
Stage2,Scenario34,Pij,110,0.0
Stage2,Scenario34,Pij,111,0.0
Stage2,Scenario34,Pij,112,0.0
Stage2,Scenario34,Pij,113,0.0
Stage2,Scenario34,Pij,114,0.0
Stage2,Scenario34,Pij,115,-1.2800000000000005
Stage2,Scenario34,Pij,116,0.0
Stage2,Scenario34,Pij,117,0.0
Stage2,Scenario34,Pij,118,0.0
Stage2,Scenario34,Pij,119,0.0
Stage2,Scenario34,Pij,12,0.0
Stage2,Scenario34,Pij,13,1.7499999999999998
Stage2,Scenario34,Pij,14,0.0
Stage2,Scenario34,Pij,15,0.0
Stage2,Scenario34,Pij,16,0.0
Stage2,Scenario34,Pij,17,0.0
Stage2,Scenario34,Pij,18,0.0
Stage2,Scenario34,Pij,19,0.0
Stage2,Scenario34,Pij,2,0.0
Stage2,Scenario34,Pij,20,0.0
Stage2,Scenario34,Pij,21,0.0
Stage2,Scenario34,Pij,22,0.0
Stage2,Scenario34,Pij,23,0.0
Stage2,Scenario34,Pij,24,0.0
Stage2,Scenario34,Pij,25,0.0
Stage2,Scenario34,Pij,26,0.0
Stage2,Scenario34,Pij,27,0.0
Stage2,Scenario34,Pij,28,0.0
Stage2,Scenario34,Pij,29,0.0
Stage2,Scenario34,Pij,3,0.0
Stage2,Scenario34,Pij,30,0.0
Stage2,Scenario34,Pij,31,0.0
Stage2,Scenario34,Pij,32,0.0
Stage2,Scenario34,Pij,33,0.0
Stage2,Scenario34,Pij,34,0.0
Stage2,Scenario34,Pij,35,0.0
Stage2,Scenario34,Pij,36,0.0
Stage2,Scenario34,Pij,37,0.0
Stage2,Scenario34,Pij,38,-1.28
Stage2,Scenario34,Pij,39,0.0
Stage2,Scenario34,Pij,4,1.56
Stage2,Scenario34,Pij,40,0.0
Stage2,Scenario34,Pij,41,0.0
Stage2,Scenario34,Pij,42,0.0
Stage2,Scenario34,Pij,43,0.5800000000000001
Stage2,Scenario34,Pij,44,0.0
Stage2,Scenario34,Pij,45,0.0
Stage2,Scenario34,Pij,46,0.0
Stage2,Scenario34,Pij,47,-1.8
Stage2,Scenario34,Pij,48,0.0
Stage2,Scenario34,Pij,49,0.0
Stage2,Scenario34,Pij,5,0.0
Stage2,Scenario34,Pij,50,-1.554312234475219e-15
Stage2,Scenario34,Pij,51,0.0
Stage2,Scenario34,Pij,52,0.0
Stage2,Scenario34,Pij,53,0.0
Stage2,Scenario34,Pij,54,0.0
Stage2,Scenario34,Pij,55,-0.9926650366671085
Stage2,Scenario34,Pij,56,0.0
Stage2,Scenario34,Pij,57,-1.0073349633328914
Stage2,Scenario34,Pij,58,0.0
Stage2,Scenario34,Pij,59,0.0
Stage2,Scenario34,Pij,6,0.0
Stage2,Scenario34,Pij,60,0.0
Stage2,Scenario34,Pij,61,0.0
Stage2,Scenario34,Pij,62,0.0
Stage2,Scenario34,Pij,63,-1.55
Stage2,Scenario34,Pij,64,0.0
Stage2,Scenario34,Pij,65,-4.530000000000003
Stage2,Scenario34,Pij,66,0.0
Stage2,Scenario34,Pij,67,1.8
Stage2,Scenario34,Pij,68,0.0
Stage2,Scenario34,Pij,69,0.0
Stage2,Scenario34,Pij,7,0.0
Stage2,Scenario34,Pij,70,0.0
Stage2,Scenario34,Pij,71,0.0
Stage2,Scenario34,Pij,72,0.0
Stage2,Scenario34,Pij,73,0.0
Stage2,Scenario34,Pij,74,0.0
Stage2,Scenario34,Pij,75,0.0
Stage2,Scenario34,Pij,76,0.0
Stage2,Scenario34,Pij,77,0.0
Stage2,Scenario34,Pij,78,-2.8300000000000045
Stage2,Scenario34,Pij,79,0.0
Stage2,Scenario34,Pij,8,0.0
Stage2,Scenario34,Pij,80,0.0
Stage2,Scenario34,Pij,81,0.0
Stage2,Scenario34,Pij,82,0.0
Stage2,Scenario34,Pij,83,0.0
Stage2,Scenario34,Pij,84,0.0
Stage2,Scenario34,Pij,85,0.0
Stage2,Scenario34,Pij,86,0.0
Stage2,Scenario34,Pij,87,0.0
Stage2,Scenario34,Pij,88,0.0
Stage2,Scenario34,Pij,89,0.0
Stage2,Scenario34,Pij,9,0.19999999999999996
Stage2,Scenario34,Pij,90,0.0
Stage2,Scenario34,Pij,91,0.0
Stage2,Scenario34,Pij,92,0.0
Stage2,Scenario34,Pij,93,0.0
Stage2,Scenario34,Pij,94,0.0
Stage2,Scenario34,Pij,95,0.0
Stage2,Scenario34,Pij,96,0.0
Stage2,Scenario34,Pij,97,0.0
Stage2,Scenario34,Pij,98,0.0
Stage2,Scenario34,Pij,99,0.0
Stage2,Scenario34,bus_gen,0:0,0.2
Stage2,Scenario34,bus_gen,0:1,0.2
Stage2,Scenario34,bus_gen,0:113,0.0
Stage2,Scenario34,bus_gen,0:117,0.0
Stage2,Scenario34,bus_gen,0:118,0.08699999999999997
Stage2,Scenario34,bus_gen,0:119,0.258
Stage2,Scenario34,bus_gen,0:2,0.76
Stage2,Scenario34,bus_gen,0:3,0.76
Stage2,Scenario34,bus_gen,1:112,0.256
Stage2,Scenario34,bus_gen,1:114,0.253
Stage2,Scenario34,bus_gen,1:4,0.2
Stage2,Scenario34,bus_gen,1:5,0.2
Stage2,Scenario34,bus_gen,1:6,0.76
Stage2,Scenario34,bus_gen,1:7,0.76
Stage2,Scenario34,bus_gen,12:10,0.42849999999999994
Stage2,Scenario34,bus_gen,12:109,0.9359999999999999
Stage2,Scenario34,bus_gen,12:11,0.42849999999999994
Stage2,Scenario34,bus_gen,12:12,0.42849999999999994
Stage2,Scenario34,bus_gen,12:9,0.42849999999999994
Stage2,Scenario34,bus_gen,13:72,0.0
Stage2,Scenario34,bus_gen,14:13,0.11999999999999998
Stage2,Scenario34,bus_gen,14:14,0.11999999999999998
Stage2,Scenario34,bus_gen,14:15,1.55
Stage2,Scenario34,bus_gen,15:16,1.2500000000000002
Stage2,Scenario34,bus_gen,17:141,0.09300000000000001
Stage2,Scenario34,bus_gen,17:142,0.09699999999999998
Stage2,Scenario34,bus_gen,17:143,0.09400000000000001
Stage2,Scenario34,bus_gen,17:144,0.091
Stage2,Scenario34,bus_gen,17:145,0.091
Stage2,Scenario34,bus_gen,17:146,0.09699999999999998
Stage2,Scenario34,bus_gen,17:148,0.11800000000000001
Stage2,Scenario34,bus_gen,17:149,0.11199999999999997
Stage2,Scenario34,bus_gen,17:150,0.10300000000000001
Stage2,Scenario34,bus_gen,17:151,0.04500000000000001
Stage2,Scenario34,bus_gen,17:17,2.3890000000000002
Stage2,Scenario34,bus_gen,18:121,0.6659999999999997
Stage2,Scenario34,bus_gen,2:120,0.615
Stage2,Scenario34,bus_gen,20:73,3.9600000000000004
Stage2,Scenario34,bus_gen,21:156,0.0
Stage2,Scenario34,bus_gen,21:74,0.0
Stage2,Scenario34,bus_gen,21:75,0.0
Stage2,Scenario34,bus_gen,21:76,0.0
Stage2,Scenario34,bus_gen,21:77,0.0
Stage2,Scenario34,bus_gen,21:78,0.0
Stage2,Scenario34,bus_gen,21:79,0.0
Stage2,Scenario34,bus_gen,22:18,0.6199999999999983
Stage2,Scenario34,bus_gen,22:19,1.3999999999999986
Stage2,Scenario34,bus_gen,22:20,0.21999999999999886
Stage2,Scenario34,bus_gen,22:21,0.21999999999999886
Stage2,Scenario34,bus_gen,22:22,0.21999999999999886
Stage2,Scenario34,bus_gen,24:23,0.2
Stage2,Scenario34,bus_gen,24:24,0.2
Stage2,Scenario34,bus_gen,24:25,0.76
Stage2,Scenario34,bus_gen,24:80,0.5000000000000001
Stage2,Scenario34,bus_gen,25:26,0.0799999999999983
Stage2,Scenario34,bus_gen,25:27,0.0799999999999983
Stage2,Scenario34,bus_gen,25:28,0.5599999999999999
Stage2,Scenario34,bus_gen,25:29,0.5599999999999999
Stage2,Scenario34,bus_gen,3:115,0.268
Stage2,Scenario34,bus_gen,30:30,0.55
Stage2,Scenario34,bus_gen,30:31,0.55
Stage2,Scenario34,bus_gen,35:116,2.0
Stage2,Scenario34,bus_gen,36:152,0.0
Stage2,Scenario34,bus_gen,36:32,3.136
Stage2,Scenario34,bus_gen,36:33,0.21999999999999886
Stage2,Scenario34,bus_gen,36:34,0.21999999999999886
Stage2,Scenario34,bus_gen,37:81,0.0
Stage2,Scenario34,bus_gen,38:111,0.0
Stage2,Scenario34,bus_gen,38:35,0.21999999999999886
Stage2,Scenario34,bus_gen,38:36,0.21999999999999886
Stage2,Scenario34,bus_gen,38:82,0.0
Stage2,Scenario34,bus_gen,38:83,0.0
Stage2,Scenario34,bus_gen,38:84,0.0
Stage2,Scenario34,bus_gen,39:37,1.5499999999999996
Stage2,Scenario34,bus_gen,41:38,3.33
Stage2,Scenario34,bus_gen,44:39,1.6999999999999984
Stage2,Scenario34,bus_gen,45:85,0.5
Stage2,Scenario34,bus_gen,45:86,0.5
Stage2,Scenario34,bus_gen,45:87,0.5
Stage2,Scenario34,bus_gen,45:88,0.5
Stage2,Scenario34,bus_gen,45:89,0.5
Stage2,Scenario34,bus_gen,45:90,0.3300000000000045
Stage2,Scenario34,bus_gen,46:40,0.6199999999999983
Stage2,Scenario34,bus_gen,46:41,0.6199999999999983
Stage2,Scenario34,bus_gen,46:42,1.3999999999999981
Stage2,Scenario34,bus_gen,46:43,0.21999999999999886
Stage2,Scenario34,bus_gen,46:44,0.21999999999999886
Stage2,Scenario34,bus_gen,46:45,0.21999999999999886
Stage2,Scenario34,bus_gen,48:46,0.2
Stage2,Scenario34,bus_gen,48:47,0.2
Stage2,Scenario34,bus_gen,48:48,0.34
Stage2,Scenario34,bus_gen,48:49,0.34
Stage2,Scenario34,bus_gen,49:50,0.2
Stage2,Scenario34,bus_gen,49:51,0.2
Stage2,Scenario34,bus_gen,49:52,0.285
Stage2,Scenario34,bus_gen,49:53,0.285
Stage2,Scenario34,bus_gen,50:155,1.8
Stage2,Scenario34,bus_gen,54:54,0.55
Stage2,Scenario34,bus_gen,54:55,0.55
Stage2,Scenario34,bus_gen,55:122,1.0090000000000001
Stage2,Scenario34,bus_gen,56:153,1.4830000000000003
Stage2,Scenario34,bus_gen,57:103,0.517
Stage2,Scenario34,bus_gen,57:106,0.5159999999999999
Stage2,Scenario34,bus_gen,59:105,0.0
Stage2,Scenario34,bus_gen,6:8,3.55
Stage2,Scenario34,bus_gen,60:102,0.0
Stage2,Scenario34,bus_gen,60:123,0.0
Stage2,Scenario34,bus_gen,60:124,0.0
Stage2,Scenario34,bus_gen,60:125,0.0
Stage2,Scenario34,bus_gen,60:126,0.0
Stage2,Scenario34,bus_gen,60:127,0.0
Stage2,Scenario34,bus_gen,60:128,0.0
Stage2,Scenario34,bus_gen,60:129,0.0
Stage2,Scenario34,bus_gen,60:130,0.0
Stage2,Scenario34,bus_gen,60:131,0.0
Stage2,Scenario34,bus_gen,60:132,0.0
Stage2,Scenario34,bus_gen,60:133,0.652
Stage2,Scenario34,bus_gen,60:134,0.0
Stage2,Scenario34,bus_gen,60:138,0.0910000000000014
Stage2,Scenario34,bus_gen,60:157,0.0
Stage2,Scenario34,bus_gen,60:56,1.9069999999999983
Stage2,Scenario34,bus_gen,60:99,0.0
Stage2,Scenario34,bus_gen,61:100,0.9079999999999999
Stage2,Scenario34,bus_gen,61:101,0.516
Stage2,Scenario34,bus_gen,61:91,0.0
Stage2,Scenario34,bus_gen,61:97,0.516
Stage2,Scenario34,bus_gen,61:98,0.0
Stage2,Scenario34,bus_gen,62:57,0.11999999999999998
Stage2,Scenario34,bus_gen,62:58,0.11999999999999998
Stage2,Scenario34,bus_gen,62:59,0.11999999999999998
Stage2,Scenario34,bus_gen,62:60,0.11999999999999998
Stage2,Scenario34,bus_gen,62:61,0.11999999999999998
Stage2,Scenario34,bus_gen,62:62,0.2900000000000005
Stage2,Scenario34,bus_gen,62:63,0.2900000000000005
Stage2,Scenario34,bus_gen,62:64,0.2900000000000005
Stage2,Scenario34,bus_gen,63:65,1.2500000000000002
Stage2,Scenario34,bus_gen,64:154,0.4139999999999997
Stage2,Scenario34,bus_gen,65:66,2.9160000000000004
Stage2,Scenario34,bus_gen,66:110,1.5599999999999998
Stage2,Scenario34,bus_gen,67:135,0.0
Stage2,Scenario34,bus_gen,67:136,0.0
Stage2,Scenario34,bus_gen,67:137,0.0
Stage2,Scenario34,bus_gen,67:139,0.0
Stage2,Scenario34,bus_gen,67:140,0.0
Stage2,Scenario34,bus_gen,67:147,0.0
Stage2,Scenario34,bus_gen,67:96,0.0
Stage2,Scenario34,bus_gen,68:67,1.6999999999999984
Stage2,Scenario34,bus_gen,69:68,0.21999999999999886
Stage2,Scenario34,bus_gen,69:69,0.21999999999999886
Stage2,Scenario34,bus_gen,69:92,0.0
Stage2,Scenario34,bus_gen,69:93,0.0
Stage2,Scenario34,bus_gen,69:94,0.0
Stage2,Scenario34,bus_gen,69:95,0.0
Stage2,Scenario34,bus_gen,70:70,1.6999999999999909
Stage2,Scenario34,bus_gen,70:71,1.6999999999999909
Stage2,Scenario34,bus_gen,71:104,0.0
Stage2,Scenario34,bus_gen,71:107,0.0
Stage2,Scenario34,bus_gen,71:108,0.0
Stage2,Scenario34,cvar,None,27.4536842105263
Stage2,Scenario34,gen_curtailment,0:0,0.0
Stage2,Scenario34,gen_curtailment,0:1,0.0
Stage2,Scenario34,gen_curtailment,0:113,0.0
Stage2,Scenario34,gen_curtailment,0:117,0.0
Stage2,Scenario34,gen_curtailment,0:118,0.0
Stage2,Scenario34,gen_curtailment,0:119,0.0
Stage2,Scenario34,gen_curtailment,0:2,0.0
Stage2,Scenario34,gen_curtailment,0:3,0.0
Stage2,Scenario34,gen_curtailment,1:112,0.0
Stage2,Scenario34,gen_curtailment,1:114,0.0
Stage2,Scenario34,gen_curtailment,1:4,0.0
Stage2,Scenario34,gen_curtailment,1:5,0.0
Stage2,Scenario34,gen_curtailment,1:6,0.0
Stage2,Scenario34,gen_curtailment,1:7,0.0
Stage2,Scenario34,gen_curtailment,12:10,0.0
Stage2,Scenario34,gen_curtailment,12:109,0.0
Stage2,Scenario34,gen_curtailment,12:11,0.0
Stage2,Scenario34,gen_curtailment,12:12,0.0
Stage2,Scenario34,gen_curtailment,12:9,0.0
Stage2,Scenario34,gen_curtailment,13:72,0.0
Stage2,Scenario34,gen_curtailment,14:13,0.0
Stage2,Scenario34,gen_curtailment,14:14,0.0
Stage2,Scenario34,gen_curtailment,14:15,0.0
Stage2,Scenario34,gen_curtailment,15:16,0.24999999999999922
Stage2,Scenario34,gen_curtailment,17:141,0.0
Stage2,Scenario34,gen_curtailment,17:142,0.0
Stage2,Scenario34,gen_curtailment,17:143,0.0
Stage2,Scenario34,gen_curtailment,17:144,0.0
Stage2,Scenario34,gen_curtailment,17:145,0.0
Stage2,Scenario34,gen_curtailment,17:146,0.0
Stage2,Scenario34,gen_curtailment,17:148,0.0
Stage2,Scenario34,gen_curtailment,17:149,0.0
Stage2,Scenario34,gen_curtailment,17:150,0.0
Stage2,Scenario34,gen_curtailment,17:151,0.0
Stage2,Scenario34,gen_curtailment,17:17,0.0
Stage2,Scenario34,gen_curtailment,18:121,0.0
Stage2,Scenario34,gen_curtailment,2:120,0.0
Stage2,Scenario34,gen_curtailment,20:73,3.9600000000000004
Stage2,Scenario34,gen_curtailment,21:156,0.0
Stage2,Scenario34,gen_curtailment,21:74,0.0
Stage2,Scenario34,gen_curtailment,21:75,0.0
Stage2,Scenario34,gen_curtailment,21:76,0.0
Stage2,Scenario34,gen_curtailment,21:77,0.0
Stage2,Scenario34,gen_curtailment,21:78,0.0
Stage2,Scenario34,gen_curtailment,21:79,0.0
Stage2,Scenario34,gen_curtailment,22:18,0.6199999999999983
Stage2,Scenario34,gen_curtailment,22:19,0.11999999999999855
Stage2,Scenario34,gen_curtailment,22:20,0.21999999999999886
Stage2,Scenario34,gen_curtailment,22:21,0.21999999999999886
Stage2,Scenario34,gen_curtailment,22:22,0.21999999999999886
Stage2,Scenario34,gen_curtailment,24:23,0.0
Stage2,Scenario34,gen_curtailment,24:24,0.0
Stage2,Scenario34,gen_curtailment,24:25,0.0
Stage2,Scenario34,gen_curtailment,24:80,0.0
Stage2,Scenario34,gen_curtailment,25:26,0.0
Stage2,Scenario34,gen_curtailment,25:27,0.0
Stage2,Scenario34,gen_curtailment,25:28,0.15499999999999814
Stage2,Scenario34,gen_curtailment,25:29,0.15499999999999836
Stage2,Scenario34,gen_curtailment,3:115,0.0
Stage2,Scenario34,gen_curtailment,30:30,0.0
Stage2,Scenario34,gen_curtailment,30:31,0.0
Stage2,Scenario34,gen_curtailment,35:116,0.0
Stage2,Scenario34,gen_curtailment,36:152,0.0
Stage2,Scenario34,gen_curtailment,36:32,0.48600000000000015
Stage2,Scenario34,gen_curtailment,36:33,0.21999999999999886
Stage2,Scenario34,gen_curtailment,36:34,0.21999999999999886
Stage2,Scenario34,gen_curtailment,37:81,0.0
Stage2,Scenario34,gen_curtailment,38:111,0.0
Stage2,Scenario34,gen_curtailment,38:35,0.0
Stage2,Scenario34,gen_curtailment,38:36,0.0
Stage2,Scenario34,gen_curtailment,38:82,0.0
Stage2,Scenario34,gen_curtailment,38:83,0.0
Stage2,Scenario34,gen_curtailment,38:84,0.0
Stage2,Scenario34,gen_curtailment,39:37,0.0
Stage2,Scenario34,gen_curtailment,41:38,0.0
Stage2,Scenario34,gen_curtailment,44:39,0.0
Stage2,Scenario34,gen_curtailment,45:85,0.0
Stage2,Scenario34,gen_curtailment,45:86,0.0
Stage2,Scenario34,gen_curtailment,45:87,0.0
Stage2,Scenario34,gen_curtailment,45:88,0.0
Stage2,Scenario34,gen_curtailment,45:89,0.0
Stage2,Scenario34,gen_curtailment,45:90,0.0
Stage2,Scenario34,gen_curtailment,46:40,0.6199999999999983
Stage2,Scenario34,gen_curtailment,46:41,0.6199999999999983
Stage2,Scenario34,gen_curtailment,46:42,1.399999999999998
Stage2,Scenario34,gen_curtailment,46:43,0.21999999999999903
Stage2,Scenario34,gen_curtailment,46:44,0.21999999999999903
Stage2,Scenario34,gen_curtailment,46:45,0.21999999999999903
Stage2,Scenario34,gen_curtailment,48:46,0.0
Stage2,Scenario34,gen_curtailment,48:47,0.0
Stage2,Scenario34,gen_curtailment,48:48,0.0
Stage2,Scenario34,gen_curtailment,48:49,0.0
Stage2,Scenario34,gen_curtailment,49:50,0.0
Stage2,Scenario34,gen_curtailment,49:51,0.0
Stage2,Scenario34,gen_curtailment,49:52,0.0
Stage2,Scenario34,gen_curtailment,49:53,0.0
Stage2,Scenario34,gen_curtailment,50:155,0.0
Stage2,Scenario34,gen_curtailment,54:54,0.0
Stage2,Scenario34,gen_curtailment,54:55,0.0
Stage2,Scenario34,gen_curtailment,55:122,0.0
Stage2,Scenario34,gen_curtailment,56:153,0.0
Stage2,Scenario34,gen_curtailment,57:103,0.0
Stage2,Scenario34,gen_curtailment,57:106,0.0
Stage2,Scenario34,gen_curtailment,59:105,0.0
Stage2,Scenario34,gen_curtailment,6:8,0.0
Stage2,Scenario34,gen_curtailment,60:102,0.0
Stage2,Scenario34,gen_curtailment,60:123,0.0
Stage2,Scenario34,gen_curtailment,60:124,0.0
Stage2,Scenario34,gen_curtailment,60:125,0.0
Stage2,Scenario34,gen_curtailment,60:126,0.0
Stage2,Scenario34,gen_curtailment,60:127,0.0
Stage2,Scenario34,gen_curtailment,60:128,0.0
Stage2,Scenario34,gen_curtailment,60:129,0.0
Stage2,Scenario34,gen_curtailment,60:130,0.0
Stage2,Scenario34,gen_curtailment,60:131,0.0
Stage2,Scenario34,gen_curtailment,60:132,0.0
Stage2,Scenario34,gen_curtailment,60:133,0.0
Stage2,Scenario34,gen_curtailment,60:134,0.0
Stage2,Scenario34,gen_curtailment,60:138,0.0
Stage2,Scenario34,gen_curtailment,60:157,0.0
Stage2,Scenario34,gen_curtailment,60:56,0.0
Stage2,Scenario34,gen_curtailment,60:99,0.0
Stage2,Scenario34,gen_curtailment,61:100,0.0
Stage2,Scenario34,gen_curtailment,61:101,0.0
Stage2,Scenario34,gen_curtailment,61:91,0.0
Stage2,Scenario34,gen_curtailment,61:97,0.0
Stage2,Scenario34,gen_curtailment,61:98,0.0
Stage2,Scenario34,gen_curtailment,62:57,0.0
Stage2,Scenario34,gen_curtailment,62:58,0.0
Stage2,Scenario34,gen_curtailment,62:59,0.0
Stage2,Scenario34,gen_curtailment,62:60,0.0
Stage2,Scenario34,gen_curtailment,62:61,0.0
Stage2,Scenario34,gen_curtailment,62:62,0.0
Stage2,Scenario34,gen_curtailment,62:63,0.0
Stage2,Scenario34,gen_curtailment,62:64,0.0
Stage2,Scenario34,gen_curtailment,63:65,0.0
Stage2,Scenario34,gen_curtailment,64:154,0.0
Stage2,Scenario34,gen_curtailment,65:66,0.0
Stage2,Scenario34,gen_curtailment,66:110,0.0
Stage2,Scenario34,gen_curtailment,67:135,0.0
Stage2,Scenario34,gen_curtailment,67:136,0.0
Stage2,Scenario34,gen_curtailment,67:137,0.0
Stage2,Scenario34,gen_curtailment,67:139,0.0
Stage2,Scenario34,gen_curtailment,67:140,0.0
Stage2,Scenario34,gen_curtailment,67:147,0.0
Stage2,Scenario34,gen_curtailment,67:96,0.0
Stage2,Scenario34,gen_curtailment,68:67,0.0
Stage2,Scenario34,gen_curtailment,69:68,0.21999999999999886
Stage2,Scenario34,gen_curtailment,69:69,0.21999999999999886
Stage2,Scenario34,gen_curtailment,69:92,0.0
Stage2,Scenario34,gen_curtailment,69:93,0.0
Stage2,Scenario34,gen_curtailment,69:94,0.0
Stage2,Scenario34,gen_curtailment,69:95,0.0
Stage2,Scenario34,gen_curtailment,70:70,1.0599999999999907
Stage2,Scenario34,gen_curtailment,70:71,1.0599999999999907
Stage2,Scenario34,gen_curtailment,71:104,0.0
Stage2,Scenario34,gen_curtailment,71:107,0.0
Stage2,Scenario34,gen_curtailment,71:108,0.0
Stage2,Scenario34,load_shed,0,0.0
Stage2,Scenario34,load_shed,1,0.10099999999999998
Stage2,Scenario34,load_shed,10,0.0
Stage2,Scenario34,load_shed,11,0.0
Stage2,Scenario34,load_shed,12,0.0
Stage2,Scenario34,load_shed,13,1.94
Stage2,Scenario34,load_shed,14,1.3799999999999997
Stage2,Scenario34,load_shed,15,0.0
Stage2,Scenario34,load_shed,16,0.0
Stage2,Scenario34,load_shed,17,0.0
Stage2,Scenario34,load_shed,18,1.1440000000000003
Stage2,Scenario34,load_shed,19,0.0
Stage2,Scenario34,load_shed,2,0.0
Stage2,Scenario34,load_shed,20,0.0
Stage2,Scenario34,load_shed,21,0.0
Stage2,Scenario34,load_shed,22,0.0
Stage2,Scenario34,load_shed,23,0.0
Stage2,Scenario34,load_shed,24,0.0
Stage2,Scenario34,load_shed,25,0.0
Stage2,Scenario34,load_shed,26,0.0
Stage2,Scenario34,load_shed,27,0.7399999999999999
Stage2,Scenario34,load_shed,28,0.12999999999999984
Stage2,Scenario34,load_shed,29,1.3599999999999985
Stage2,Scenario34,load_shed,3,0.4719999999999999
Stage2,Scenario34,load_shed,30,0.1499999999999999
Stage2,Scenario34,load_shed,31,1.7100000000000002
Stage2,Scenario34,load_shed,32,0.7573349633328913
Stage2,Scenario34,load_shed,33,0.9426650366671101
Stage2,Scenario34,load_shed,34,0.0
Stage2,Scenario34,load_shed,35,0.0
Stage2,Scenario34,load_shed,36,0.0
Stage2,Scenario34,load_shed,37,0.38999999999999985
Stage2,Scenario34,load_shed,38,0.0
Stage2,Scenario34,load_shed,39,1.0000000000000007
Stage2,Scenario34,load_shed,4,0.71
Stage2,Scenario34,load_shed,40,0.0
Stage2,Scenario34,load_shed,41,0.0
Stage2,Scenario34,load_shed,42,1.8100000000000003
Stage2,Scenario34,load_shed,43,1.2799999999999994
Stage2,Scenario34,load_shed,44,0.0
Stage2,Scenario34,load_shed,45,0.0
Stage2,Scenario34,load_shed,46,0.0
Stage2,Scenario34,load_shed,47,0.0
Stage2,Scenario34,load_shed,48,0.0
Stage2,Scenario34,load_shed,49,0.0
Stage2,Scenario34,load_shed,5,0.0
Stage2,Scenario34,load_shed,50,0.0
Stage2,Scenario34,load_shed,51,0.7399999999999999
Stage2,Scenario34,load_shed,52,0.71
Stage2,Scenario34,load_shed,53,1.36
Stage2,Scenario34,load_shed,54,0.1499999999999999
Stage2,Scenario34,load_shed,55,0.7009999999999998
Stage2,Scenario34,load_shed,56,0.26699999999999996
Stage2,Scenario34,load_shed,57,0.9169999999999999
Stage2,Scenario34,load_shed,58,0.0
Stage2,Scenario34,load_shed,59,0.0
Stage2,Scenario34,load_shed,6,0.0
Stage2,Scenario34,load_shed,60,0.0
Stage2,Scenario34,load_shed,61,0.0
Stage2,Scenario34,load_shed,62,0.0
Stage2,Scenario34,load_shed,63,0.0
Stage2,Scenario34,load_shed,64,0.0
Stage2,Scenario34,load_shed,65,0.0
Stage2,Scenario34,load_shed,66,0.0
Stage2,Scenario34,load_shed,67,0.0
Stage2,Scenario34,load_shed,68,0.0
Stage2,Scenario34,load_shed,69,0.0
Stage2,Scenario34,load_shed,7,1.1600000000000001
Stage2,Scenario34,load_shed,70,0.0
Stage2,Scenario34,load_shed,71,0.0
Stage2,Scenario34,load_shed,72,0.0
Stage2,Scenario34,load_shed,8,1.7499999999999998
Stage2,Scenario34,load_shed,9,0.0
Stage2,Scenario34,load_shed_value,None,23.772
Stage2,Scenario34,nu,None,0.0
Stage2,Scenario34,theta,0,-6.033150307179586
Stage2,Scenario34,theta,1,-5.971465307179585
Stage2,Scenario34,theta,10,6.283185307179587
Stage2,Scenario34,theta,11,-6.283185307179587
Stage2,Scenario34,theta,12,0.0
Stage2,Scenario34,theta,13,-6.283185307179587
Stage2,Scenario34,theta,14,-6.283185307179587
Stage2,Scenario34,theta,15,-6.283185307179587
Stage2,Scenario34,theta,16,-6.283185307179587
Stage2,Scenario34,theta,17,-6.283185307179587
Stage2,Scenario34,theta,18,-6.283185307179587
Stage2,Scenario34,theta,19,-6.283185307179587
Stage2,Scenario34,theta,2,-6.283185307179587
Stage2,Scenario34,theta,20,6.283185307179587
Stage2,Scenario34,theta,21,6.283185307179587
Stage2,Scenario34,theta,22,-6.255025307179585
Stage2,Scenario34,theta,23,6.283185307179587
Stage2,Scenario34,theta,24,-6.2338853071795866
Stage2,Scenario34,theta,25,-6.283185307179587
Stage2,Scenario34,theta,26,-6.283185307179587
Stage2,Scenario34,theta,27,-6.283185307179587
Stage2,Scenario34,theta,28,-6.283185307179587
Stage2,Scenario34,theta,29,-6.283185307179587
Stage2,Scenario34,theta,3,6.283185307179587
Stage2,Scenario34,theta,30,-6.283185307179587
Stage2,Scenario34,theta,31,-6.283185307179587
Stage2,Scenario34,theta,32,-6.283185307179587
Stage2,Scenario34,theta,33,-6.283185307179587
Stage2,Scenario34,theta,34,6.283185307179587
Stage2,Scenario34,theta,35,-6.197299928207148
Stage2,Scenario34,theta,36,-6.283185307179587
Stage2,Scenario34,theta,37,-6.283185307179587
Stage2,Scenario34,theta,38,-6.036117307179586
Stage2,Scenario34,theta,39,-6.191735307179586
Stage2,Scenario34,theta,4,-6.283185307179587
Stage2,Scenario34,theta,40,-6.283185307179587
Stage2,Scenario34,theta,41,-6.283185307179587
Stage2,Scenario34,theta,42,-6.283185307179587
Stage2,Scenario34,theta,43,-6.283185307179587
Stage2,Scenario34,theta,44,-5.814147307179585
Stage2,Scenario34,theta,45,-5.6217073071795856
Stage2,Scenario34,theta,46,-6.283185307179587
Stage2,Scenario34,theta,47,-6.129717307179586
Stage2,Scenario34,theta,48,-6.283185307179587
Stage2,Scenario34,theta,49,-6.283185307179587
Stage2,Scenario34,theta,5,-6.270985307179586
Stage2,Scenario34,theta,50,-6.283185307179587
Stage2,Scenario34,theta,51,-6.283185307179587
Stage2,Scenario34,theta,52,-6.283185307179587
Stage2,Scenario34,theta,53,-6.283185307179587
Stage2,Scenario34,theta,54,-6.283185307179587
Stage2,Scenario34,theta,55,-6.283185307179587
Stage2,Scenario34,theta,56,-6.283185307179587
Stage2,Scenario34,theta,57,-6.283185307179587
Stage2,Scenario34,theta,58,-6.283185307179587
Stage2,Scenario34,theta,59,-6.283185307179587
Stage2,Scenario34,theta,6,-5.854135307178514
Stage2,Scenario34,theta,60,6.283185307179587
Stage2,Scenario34,theta,61,-6.283185307179587
Stage2,Scenario34,theta,62,-6.283185307179587
Stage2,Scenario34,theta,63,-6.277435307179586
Stage2,Scenario34,theta,64,-6.277389307179586
Stage2,Scenario34,theta,65,-6.283185307179587
Stage2,Scenario34,theta,66,-6.283185307179587
Stage2,Scenario34,theta,67,-6.283185307179587
Stage2,Scenario34,theta,68,-6.199885307179587
Stage2,Scenario34,theta,69,6.283185307179587
Stage2,Scenario34,theta,7,-5.994435307179586
Stage2,Scenario34,theta,70,-6.2550253071795865
Stage2,Scenario34,theta,71,6.283185307179587
Stage2,Scenario34,theta,72,6.283185307179587
Stage2,Scenario34,theta,8,-6.283185307179587
Stage2,Scenario34,theta,9,-6.283185307179587
Stage2,Scenario34,xij,0,0.0
Stage2,Scenario34,xij,1,1.0
Stage2,Scenario34,xij,10,1.0
Stage2,Scenario34,xij,100,0.0
Stage2,Scenario34,xij,101,0.0
Stage2,Scenario34,xij,102,0.0
Stage2,Scenario34,xij,103,0.0
Stage2,Scenario34,xij,104,1.0
Stage2,Scenario34,xij,105,0.0
Stage2,Scenario34,xij,106,0.0
Stage2,Scenario34,xij,107,1.0
Stage2,Scenario34,xij,108,1.0
Stage2,Scenario34,xij,109,0.0
Stage2,Scenario34,xij,11,0.0
Stage2,Scenario34,xij,110,0.0
Stage2,Scenario34,xij,111,0.0
Stage2,Scenario34,xij,112,0.0
Stage2,Scenario34,xij,113,0.0
Stage2,Scenario34,xij,114,0.0
Stage2,Scenario34,xij,115,1.0
Stage2,Scenario34,xij,116,0.0
Stage2,Scenario34,xij,117,1.0
Stage2,Scenario34,xij,118,0.0
Stage2,Scenario34,xij,119,0.0
Stage2,Scenario34,xij,12,0.0
Stage2,Scenario34,xij,13,1.0
Stage2,Scenario34,xij,14,0.0
Stage2,Scenario34,xij,15,1.0
Stage2,Scenario34,xij,16,0.0
Stage2,Scenario34,xij,17,0.0
Stage2,Scenario34,xij,18,0.0
Stage2,Scenario34,xij,19,0.0
Stage2,Scenario34,xij,2,0.0
Stage2,Scenario34,xij,20,0.0
Stage2,Scenario34,xij,21,0.0
Stage2,Scenario34,xij,22,0.0
Stage2,Scenario34,xij,23,0.0
Stage2,Scenario34,xij,24,0.0
Stage2,Scenario34,xij,25,0.0
Stage2,Scenario34,xij,26,0.0
Stage2,Scenario34,xij,27,0.0
Stage2,Scenario34,xij,28,0.0
Stage2,Scenario34,xij,29,0.0
Stage2,Scenario34,xij,3,0.0
Stage2,Scenario34,xij,30,0.0
Stage2,Scenario34,xij,31,0.0
Stage2,Scenario34,xij,32,0.0
Stage2,Scenario34,xij,33,0.0
Stage2,Scenario34,xij,34,0.0
Stage2,Scenario34,xij,35,0.0
Stage2,Scenario34,xij,36,0.0
Stage2,Scenario34,xij,37,0.0
Stage2,Scenario34,xij,38,1.0
Stage2,Scenario34,xij,39,0.0
Stage2,Scenario34,xij,4,1.0
Stage2,Scenario34,xij,40,0.0
Stage2,Scenario34,xij,41,0.0
Stage2,Scenario34,xij,42,0.0
Stage2,Scenario34,xij,43,1.0
Stage2,Scenario34,xij,44,0.0
Stage2,Scenario34,xij,45,0.0
Stage2,Scenario34,xij,46,0.0
Stage2,Scenario34,xij,47,1.0
Stage2,Scenario34,xij,48,0.0
Stage2,Scenario34,xij,49,0.0
Stage2,Scenario34,xij,5,0.0
Stage2,Scenario34,xij,50,1.0
Stage2,Scenario34,xij,51,0.0
Stage2,Scenario34,xij,52,0.0
Stage2,Scenario34,xij,53,0.0
Stage2,Scenario34,xij,54,0.0
Stage2,Scenario34,xij,55,1.0
Stage2,Scenario34,xij,56,0.0
Stage2,Scenario34,xij,57,1.0
Stage2,Scenario34,xij,58,0.0
Stage2,Scenario34,xij,59,0.0
Stage2,Scenario34,xij,6,0.0
Stage2,Scenario34,xij,60,0.0
Stage2,Scenario34,xij,61,0.0
Stage2,Scenario34,xij,62,0.0
Stage2,Scenario34,xij,63,1.0
Stage2,Scenario34,xij,64,0.0
Stage2,Scenario34,xij,65,1.0
Stage2,Scenario34,xij,66,0.0
Stage2,Scenario34,xij,67,1.0
Stage2,Scenario34,xij,68,0.0
Stage2,Scenario34,xij,69,0.0
Stage2,Scenario34,xij,7,0.0
Stage2,Scenario34,xij,70,0.0
Stage2,Scenario34,xij,71,0.0
Stage2,Scenario34,xij,72,0.0
Stage2,Scenario34,xij,73,0.0
Stage2,Scenario34,xij,74,1.0
Stage2,Scenario34,xij,75,0.0
Stage2,Scenario34,xij,76,0.0
Stage2,Scenario34,xij,77,0.0
Stage2,Scenario34,xij,78,1.0
Stage2,Scenario34,xij,79,0.0
Stage2,Scenario34,xij,8,1.0
Stage2,Scenario34,xij,80,0.0
Stage2,Scenario34,xij,81,0.0
Stage2,Scenario34,xij,82,0.0
Stage2,Scenario34,xij,83,0.0
Stage2,Scenario34,xij,84,0.0
Stage2,Scenario34,xij,85,0.0
Stage2,Scenario34,xij,86,0.0
Stage2,Scenario34,xij,87,0.0
Stage2,Scenario34,xij,88,0.0
Stage2,Scenario34,xij,89,0.0
Stage2,Scenario34,xij,9,1.0
Stage2,Scenario34,xij,90,0.0
Stage2,Scenario34,xij,91,0.0
Stage2,Scenario34,xij,92,0.0
Stage2,Scenario34,xij,93,0.0
Stage2,Scenario34,xij,94,0.0
Stage2,Scenario34,xij,95,0.0
Stage2,Scenario34,xij,96,0.0
Stage2,Scenario34,xij,97,1.0
Stage2,Scenario34,xij,98,0.0
Stage2,Scenario34,xij,99,0.0
Stage2,Scenario35,Pij,0,0.0
Stage2,Scenario35,Pij,1,0.0
Stage2,Scenario35,Pij,10,1.7100000000000044
Stage2,Scenario35,Pij,100,0.0
Stage2,Scenario35,Pij,101,-0.55
Stage2,Scenario35,Pij,102,0.0
Stage2,Scenario35,Pij,103,0.0
Stage2,Scenario35,Pij,104,-1.2859999999999987
Stage2,Scenario35,Pij,105,-0.9740000000000101
Stage2,Scenario35,Pij,106,0.0
Stage2,Scenario35,Pij,107,0.0
Stage2,Scenario35,Pij,108,0.0
Stage2,Scenario35,Pij,109,0.0
Stage2,Scenario35,Pij,11,0.0
Stage2,Scenario35,Pij,110,-0.4139999999999997
Stage2,Scenario35,Pij,111,0.0
Stage2,Scenario35,Pij,112,0.0
Stage2,Scenario35,Pij,113,0.0
Stage2,Scenario35,Pij,114,0.0
Stage2,Scenario35,Pij,115,0.0
Stage2,Scenario35,Pij,116,0.0
Stage2,Scenario35,Pij,117,0.0
Stage2,Scenario35,Pij,118,0.0
Stage2,Scenario35,Pij,119,0.0
Stage2,Scenario35,Pij,12,0.0
Stage2,Scenario35,Pij,13,0.0
Stage2,Scenario35,Pij,14,0.0
Stage2,Scenario35,Pij,15,-0.48599999999999993
Stage2,Scenario35,Pij,16,0.0
Stage2,Scenario35,Pij,17,0.0
Stage2,Scenario35,Pij,18,0.0
Stage2,Scenario35,Pij,19,0.0
Stage2,Scenario35,Pij,2,1.75
Stage2,Scenario35,Pij,20,-0.48599999999999993
Stage2,Scenario35,Pij,21,0.0
Stage2,Scenario35,Pij,22,0.0
Stage2,Scenario35,Pij,23,0.0
Stage2,Scenario35,Pij,24,0.0
Stage2,Scenario35,Pij,25,0.0
Stage2,Scenario35,Pij,26,-1.820000000000003
Stage2,Scenario35,Pij,27,0.0
Stage2,Scenario35,Pij,28,0.0
Stage2,Scenario35,Pij,29,0.0
Stage2,Scenario35,Pij,3,0.0
Stage2,Scenario35,Pij,30,1.1440000000000001
Stage2,Scenario35,Pij,31,0.0
Stage2,Scenario35,Pij,32,0.0
Stage2,Scenario35,Pij,33,0.0
Stage2,Scenario35,Pij,34,0.0
Stage2,Scenario35,Pij,35,0.0
Stage2,Scenario35,Pij,36,0.0
Stage2,Scenario35,Pij,37,0.0
Stage2,Scenario35,Pij,38,-1.28
Stage2,Scenario35,Pij,39,0.0
Stage2,Scenario35,Pij,4,0.0
Stage2,Scenario35,Pij,40,0.0
Stage2,Scenario35,Pij,41,0.0
Stage2,Scenario35,Pij,42,1.6600000000000035
Stage2,Scenario35,Pij,43,0.0
Stage2,Scenario35,Pij,44,0.0
Stage2,Scenario35,Pij,45,0.0
Stage2,Scenario35,Pij,46,0.0
Stage2,Scenario35,Pij,47,0.0
Stage2,Scenario35,Pij,48,0.0
Stage2,Scenario35,Pij,49,0.0
Stage2,Scenario35,Pij,5,0.615
Stage2,Scenario35,Pij,50,0.0
Stage2,Scenario35,Pij,51,0.0
Stage2,Scenario35,Pij,52,0.0
Stage2,Scenario35,Pij,53,0.0
Stage2,Scenario35,Pij,54,0.0
Stage2,Scenario35,Pij,55,0.0
Stage2,Scenario35,Pij,56,0.0
Stage2,Scenario35,Pij,57,-1.95
Stage2,Scenario35,Pij,58,0.0
Stage2,Scenario35,Pij,59,0.0
Stage2,Scenario35,Pij,6,0.0
Stage2,Scenario35,Pij,60,0.0
Stage2,Scenario35,Pij,61,0.0
Stage2,Scenario35,Pij,62,0.0
Stage2,Scenario35,Pij,63,0.0
Stage2,Scenario35,Pij,64,0.0
Stage2,Scenario35,Pij,65,0.0
Stage2,Scenario35,Pij,66,0.0
Stage2,Scenario35,Pij,67,0.0
Stage2,Scenario35,Pij,68,0.0
Stage2,Scenario35,Pij,69,0.0
Stage2,Scenario35,Pij,7,0.0
Stage2,Scenario35,Pij,70,0.0
Stage2,Scenario35,Pij,71,0.0
Stage2,Scenario35,Pij,72,0.0
Stage2,Scenario35,Pij,73,0.0
Stage2,Scenario35,Pij,74,0.0
Stage2,Scenario35,Pij,75,0.0
Stage2,Scenario35,Pij,76,0.0
Stage2,Scenario35,Pij,77,0.0
Stage2,Scenario35,Pij,78,0.0
Stage2,Scenario35,Pij,79,0.0
Stage2,Scenario35,Pij,8,1.04
Stage2,Scenario35,Pij,80,0.0
Stage2,Scenario35,Pij,81,0.0
Stage2,Scenario35,Pij,82,0.0
Stage2,Scenario35,Pij,83,0.0
Stage2,Scenario35,Pij,84,1.75
Stage2,Scenario35,Pij,85,0.0
Stage2,Scenario35,Pij,86,0.0
Stage2,Scenario35,Pij,87,0.0
Stage2,Scenario35,Pij,88,0.0
Stage2,Scenario35,Pij,89,0.0
Stage2,Scenario35,Pij,9,0.0
Stage2,Scenario35,Pij,90,-1.4830000000000003
Stage2,Scenario35,Pij,91,0.0
Stage2,Scenario35,Pij,92,0.0
Stage2,Scenario35,Pij,93,0.0
Stage2,Scenario35,Pij,94,0.0
Stage2,Scenario35,Pij,95,0.0
Stage2,Scenario35,Pij,96,0.0
Stage2,Scenario35,Pij,97,0.0
Stage2,Scenario35,Pij,98,0.0
Stage2,Scenario35,Pij,99,0.0
Stage2,Scenario35,bus_gen,0:0,0.2
Stage2,Scenario35,bus_gen,0:1,0.2
Stage2,Scenario35,bus_gen,0:113,0.259
Stage2,Scenario35,bus_gen,0:117,0.267
Stage2,Scenario35,bus_gen,0:118,0.262
Stage2,Scenario35,bus_gen,0:119,0.258
Stage2,Scenario35,bus_gen,0:2,0.6920000000000001
Stage2,Scenario35,bus_gen,0:3,0.6920000000000001
Stage2,Scenario35,bus_gen,1:112,0.0
Stage2,Scenario35,bus_gen,1:114,0.0
Stage2,Scenario35,bus_gen,1:4,0.0799999999999983
Stage2,Scenario35,bus_gen,1:5,0.0799999999999983
Stage2,Scenario35,bus_gen,1:6,0.56
Stage2,Scenario35,bus_gen,1:7,0.56
Stage2,Scenario35,bus_gen,12:10,0.55
Stage2,Scenario35,bus_gen,12:109,0.9359999999999999
Stage2,Scenario35,bus_gen,12:11,0.55
Stage2,Scenario35,bus_gen,12:12,0.55
Stage2,Scenario35,bus_gen,12:9,0.55
Stage2,Scenario35,bus_gen,13:72,0.0
Stage2,Scenario35,bus_gen,14:13,0.04999999999999838
Stage2,Scenario35,bus_gen,14:14,0.04999999999999838
Stage2,Scenario35,bus_gen,14:15,1.2500000000000002
Stage2,Scenario35,bus_gen,15:16,1.55
Stage2,Scenario35,bus_gen,17:141,0.09300000000000001
Stage2,Scenario35,bus_gen,17:142,0.09699999999999999
Stage2,Scenario35,bus_gen,17:143,0.094
Stage2,Scenario35,bus_gen,17:144,0.091
Stage2,Scenario35,bus_gen,17:145,0.091
Stage2,Scenario35,bus_gen,17:146,0.09699999999999999
Stage2,Scenario35,bus_gen,17:148,0.11800000000000001
Stage2,Scenario35,bus_gen,17:149,0.11199999999999999
Stage2,Scenario35,bus_gen,17:150,0.10300000000000001
Stage2,Scenario35,bus_gen,17:151,0.04500000000000001
Stage2,Scenario35,bus_gen,17:17,2.3890000000000002
Stage2,Scenario35,bus_gen,18:121,0.6659999999999999
Stage2,Scenario35,bus_gen,2:120,0.615
Stage2,Scenario35,bus_gen,20:73,3.96
Stage2,Scenario35,bus_gen,21:156,0.0
Stage2,Scenario35,bus_gen,21:74,0.0
Stage2,Scenario35,bus_gen,21:75,0.0
Stage2,Scenario35,bus_gen,21:76,0.0
Stage2,Scenario35,bus_gen,21:77,0.0
Stage2,Scenario35,bus_gen,21:78,0.0
Stage2,Scenario35,bus_gen,21:79,0.0
Stage2,Scenario35,bus_gen,22:18,0.6199999999999983
Stage2,Scenario35,bus_gen,22:19,1.3999999999999986
Stage2,Scenario35,bus_gen,22:20,0.21999999999999886
Stage2,Scenario35,bus_gen,22:21,0.21999999999999886
Stage2,Scenario35,bus_gen,22:22,0.21999999999999886
Stage2,Scenario35,bus_gen,24:23,0.2
Stage2,Scenario35,bus_gen,24:24,0.2
Stage2,Scenario35,bus_gen,24:25,0.76
Stage2,Scenario35,bus_gen,24:80,0.5
Stage2,Scenario35,bus_gen,25:26,0.0799999999999983
Stage2,Scenario35,bus_gen,25:27,0.0799999999999983
Stage2,Scenario35,bus_gen,25:28,0.56
Stage2,Scenario35,bus_gen,25:29,0.56
Stage2,Scenario35,bus_gen,3:115,0.268
Stage2,Scenario35,bus_gen,30:30,0.55
Stage2,Scenario35,bus_gen,30:31,0.55
Stage2,Scenario35,bus_gen,35:116,1.95
Stage2,Scenario35,bus_gen,36:152,0.0
Stage2,Scenario35,bus_gen,36:32,3.136
Stage2,Scenario35,bus_gen,36:33,0.21999999999999886
Stage2,Scenario35,bus_gen,36:34,0.21999999999999886
Stage2,Scenario35,bus_gen,37:81,0.0
Stage2,Scenario35,bus_gen,38:111,1.251
Stage2,Scenario35,bus_gen,38:35,0.55
Stage2,Scenario35,bus_gen,38:36,0.55
Stage2,Scenario35,bus_gen,38:82,0.31899999999999995
Stage2,Scenario35,bus_gen,38:83,0.5
Stage2,Scenario35,bus_gen,38:84,0.0
Stage2,Scenario35,bus_gen,39:37,1.2500000000000002
Stage2,Scenario35,bus_gen,41:38,3.33
Stage2,Scenario35,bus_gen,44:39,1.6999999999999984
Stage2,Scenario35,bus_gen,45:85,0.0
Stage2,Scenario35,bus_gen,45:86,0.0
Stage2,Scenario35,bus_gen,45:87,0.0
Stage2,Scenario35,bus_gen,45:88,0.0
Stage2,Scenario35,bus_gen,45:89,0.0
Stage2,Scenario35,bus_gen,45:90,0.0
Stage2,Scenario35,bus_gen,46:40,0.6199999999999983
Stage2,Scenario35,bus_gen,46:41,0.6199999999999983
Stage2,Scenario35,bus_gen,46:42,1.3999999999999986
Stage2,Scenario35,bus_gen,46:43,0.21999999999999886
Stage2,Scenario35,bus_gen,46:44,0.21999999999999886
Stage2,Scenario35,bus_gen,46:45,0.21999999999999886
Stage2,Scenario35,bus_gen,48:46,0.2
Stage2,Scenario35,bus_gen,48:47,0.2
Stage2,Scenario35,bus_gen,48:48,0.34
Stage2,Scenario35,bus_gen,48:49,0.34
Stage2,Scenario35,bus_gen,49:50,0.2
Stage2,Scenario35,bus_gen,49:51,0.2
Stage2,Scenario35,bus_gen,49:52,0.285
Stage2,Scenario35,bus_gen,49:53,0.285
Stage2,Scenario35,bus_gen,50:155,3.55
Stage2,Scenario35,bus_gen,54:54,0.55
Stage2,Scenario35,bus_gen,54:55,0.55
Stage2,Scenario35,bus_gen,55:122,0.22699999999999965
Stage2,Scenario35,bus_gen,56:153,1.483
Stage2,Scenario35,bus_gen,57:103,0.517
Stage2,Scenario35,bus_gen,57:106,0.5159999999999999
Stage2,Scenario35,bus_gen,59:105,0.0
Stage2,Scenario35,bus_gen,6:8,3.136
Stage2,Scenario35,bus_gen,60:102,0.0
Stage2,Scenario35,bus_gen,60:123,0.7430000000000014
Stage2,Scenario35,bus_gen,60:124,0.0
Stage2,Scenario35,bus_gen,60:125,0.0
Stage2,Scenario35,bus_gen,60:126,0.0
Stage2,Scenario35,bus_gen,60:127,0.0
Stage2,Scenario35,bus_gen,60:128,0.0
Stage2,Scenario35,bus_gen,60:129,0.0
Stage2,Scenario35,bus_gen,60:130,0.0
Stage2,Scenario35,bus_gen,60:131,0.0
Stage2,Scenario35,bus_gen,60:132,0.0
Stage2,Scenario35,bus_gen,60:133,0.0
Stage2,Scenario35,bus_gen,60:134,0.0
Stage2,Scenario35,bus_gen,60:138,0.0
Stage2,Scenario35,bus_gen,60:157,0.0
Stage2,Scenario35,bus_gen,60:56,1.9069999999999983
Stage2,Scenario35,bus_gen,60:99,0.0
Stage2,Scenario35,bus_gen,61:100,0.927
Stage2,Scenario35,bus_gen,61:101,0.46299999999999986
Stage2,Scenario35,bus_gen,61:91,0.0
Stage2,Scenario35,bus_gen,61:97,0.0
Stage2,Scenario35,bus_gen,61:98,0.0
Stage2,Scenario35,bus_gen,62:57,0.049999999999998934
Stage2,Scenario35,bus_gen,62:58,0.049999999999998934
Stage2,Scenario35,bus_gen,62:59,0.049999999999998934
Stage2,Scenario35,bus_gen,62:60,0.049999999999998934
Stage2,Scenario35,bus_gen,62:61,0.049999999999998934
Stage2,Scenario35,bus_gen,62:62,0.21999999999999886
Stage2,Scenario35,bus_gen,62:63,0.21999999999999886
Stage2,Scenario35,bus_gen,62:64,0.21999999999999886
Stage2,Scenario35,bus_gen,63:65,1.55
Stage2,Scenario35,bus_gen,64:154,0.0
Stage2,Scenario35,bus_gen,65:66,2.9160000000000004
Stage2,Scenario35,bus_gen,66:110,1.81
Stage2,Scenario35,bus_gen,67:135,0.0
Stage2,Scenario35,bus_gen,67:136,0.27
Stage2,Scenario35,bus_gen,67:137,0.28300000000000003
Stage2,Scenario35,bus_gen,67:139,0.27
Stage2,Scenario35,bus_gen,67:140,0.0
Stage2,Scenario35,bus_gen,67:147,0.0
Stage2,Scenario35,bus_gen,67:96,0.45699999999999996
Stage2,Scenario35,bus_gen,68:67,1.6999999999999984
Stage2,Scenario35,bus_gen,69:68,0.21999999999999886
Stage2,Scenario35,bus_gen,69:69,0.21999999999999886
Stage2,Scenario35,bus_gen,69:92,0.0
Stage2,Scenario35,bus_gen,69:93,0.0
Stage2,Scenario35,bus_gen,69:94,0.0
Stage2,Scenario35,bus_gen,69:95,0.0
Stage2,Scenario35,bus_gen,70:70,1.6999999999999984
Stage2,Scenario35,bus_gen,70:71,1.6999999999999984
Stage2,Scenario35,bus_gen,71:104,0.0
Stage2,Scenario35,bus_gen,71:107,0.516
Stage2,Scenario35,bus_gen,71:108,0.45800000000000995
Stage2,Scenario35,cvar,None,27.4536842105263
Stage2,Scenario35,gen_curtailment,0:0,0.0
Stage2,Scenario35,gen_curtailment,0:1,0.0
Stage2,Scenario35,gen_curtailment,0:113,0.0
Stage2,Scenario35,gen_curtailment,0:117,0.0
Stage2,Scenario35,gen_curtailment,0:118,0.0
Stage2,Scenario35,gen_curtailment,0:119,0.0
Stage2,Scenario35,gen_curtailment,0:2,0.0
Stage2,Scenario35,gen_curtailment,0:3,0.0
Stage2,Scenario35,gen_curtailment,1:112,0.0
Stage2,Scenario35,gen_curtailment,1:114,0.0
Stage2,Scenario35,gen_curtailment,1:4,0.07999999999999842
Stage2,Scenario35,gen_curtailment,1:5,0.07999999999999842
Stage2,Scenario35,gen_curtailment,1:6,0.07499999999999994
Stage2,Scenario35,gen_curtailment,1:7,0.07499999999999994
Stage2,Scenario35,gen_curtailment,12:10,0.0
Stage2,Scenario35,gen_curtailment,12:109,0.0
Stage2,Scenario35,gen_curtailment,12:11,0.0
Stage2,Scenario35,gen_curtailment,12:12,0.0
Stage2,Scenario35,gen_curtailment,12:9,0.0
Stage2,Scenario35,gen_curtailment,13:72,0.0
Stage2,Scenario35,gen_curtailment,14:13,0.0
Stage2,Scenario35,gen_curtailment,14:14,0.0
Stage2,Scenario35,gen_curtailment,14:15,0.0
Stage2,Scenario35,gen_curtailment,15:16,0.0
Stage2,Scenario35,gen_curtailment,17:141,0.0
Stage2,Scenario35,gen_curtailment,17:142,0.0
Stage2,Scenario35,gen_curtailment,17:143,0.0
Stage2,Scenario35,gen_curtailment,17:144,0.0
Stage2,Scenario35,gen_curtailment,17:145,0.0
Stage2,Scenario35,gen_curtailment,17:146,0.0
Stage2,Scenario35,gen_curtailment,17:148,0.0
Stage2,Scenario35,gen_curtailment,17:149,0.0
Stage2,Scenario35,gen_curtailment,17:150,0.0
Stage2,Scenario35,gen_curtailment,17:151,0.0
Stage2,Scenario35,gen_curtailment,17:17,0.0
Stage2,Scenario35,gen_curtailment,18:121,0.0
Stage2,Scenario35,gen_curtailment,2:120,0.0
Stage2,Scenario35,gen_curtailment,20:73,2.139999999999997
Stage2,Scenario35,gen_curtailment,21:156,0.0
Stage2,Scenario35,gen_curtailment,21:74,0.0
Stage2,Scenario35,gen_curtailment,21:75,0.0
Stage2,Scenario35,gen_curtailment,21:76,0.0
Stage2,Scenario35,gen_curtailment,21:77,0.0
Stage2,Scenario35,gen_curtailment,21:78,0.0
Stage2,Scenario35,gen_curtailment,21:79,0.0
Stage2,Scenario35,gen_curtailment,22:18,0.6199999999999983
Stage2,Scenario35,gen_curtailment,22:19,0.7799999999999951
Stage2,Scenario35,gen_curtailment,22:20,0.0
Stage2,Scenario35,gen_curtailment,22:21,0.0
Stage2,Scenario35,gen_curtailment,22:22,0.0
Stage2,Scenario35,gen_curtailment,24:23,0.0
Stage2,Scenario35,gen_curtailment,24:24,0.0
Stage2,Scenario35,gen_curtailment,24:25,0.0
Stage2,Scenario35,gen_curtailment,24:80,0.0
Stage2,Scenario35,gen_curtailment,25:26,0.0
Stage2,Scenario35,gen_curtailment,25:27,0.0
Stage2,Scenario35,gen_curtailment,25:28,0.15499999999999836
Stage2,Scenario35,gen_curtailment,25:29,0.15499999999999836
Stage2,Scenario35,gen_curtailment,3:115,0.0
Stage2,Scenario35,gen_curtailment,30:30,0.0
Stage2,Scenario35,gen_curtailment,30:31,0.0
Stage2,Scenario35,gen_curtailment,35:116,0.0
Stage2,Scenario35,gen_curtailment,36:152,0.0
Stage2,Scenario35,gen_curtailment,36:32,0.9259999999999979
Stage2,Scenario35,gen_curtailment,36:33,0.0
Stage2,Scenario35,gen_curtailment,36:34,0.0
Stage2,Scenario35,gen_curtailment,37:81,0.0
Stage2,Scenario35,gen_curtailment,38:111,0.0
Stage2,Scenario35,gen_curtailment,38:35,0.0
Stage2,Scenario35,gen_curtailment,38:36,0.0
Stage2,Scenario35,gen_curtailment,38:82,0.0
Stage2,Scenario35,gen_curtailment,38:83,0.0
Stage2,Scenario35,gen_curtailment,38:84,0.0
Stage2,Scenario35,gen_curtailment,39:37,0.25000000000000006
Stage2,Scenario35,gen_curtailment,41:38,0.0
Stage2,Scenario35,gen_curtailment,44:39,1.6999999999999984
Stage2,Scenario35,gen_curtailment,45:85,0.0
Stage2,Scenario35,gen_curtailment,45:86,0.0
Stage2,Scenario35,gen_curtailment,45:87,0.0
Stage2,Scenario35,gen_curtailment,45:88,0.0
Stage2,Scenario35,gen_curtailment,45:89,0.0
Stage2,Scenario35,gen_curtailment,45:90,0.0
Stage2,Scenario35,gen_curtailment,46:40,0.6199999999999981
Stage2,Scenario35,gen_curtailment,46:41,0.6199999999999981
Stage2,Scenario35,gen_curtailment,46:42,1.3999999999999986
Stage2,Scenario35,gen_curtailment,46:43,0.21999999999999909
Stage2,Scenario35,gen_curtailment,46:44,0.21999999999999909
Stage2,Scenario35,gen_curtailment,46:45,0.21999999999999909
Stage2,Scenario35,gen_curtailment,48:46,0.0
Stage2,Scenario35,gen_curtailment,48:47,0.0
Stage2,Scenario35,gen_curtailment,48:48,0.0
Stage2,Scenario35,gen_curtailment,48:49,0.0
Stage2,Scenario35,gen_curtailment,49:50,0.0
Stage2,Scenario35,gen_curtailment,49:51,0.0
Stage2,Scenario35,gen_curtailment,49:52,0.0
Stage2,Scenario35,gen_curtailment,49:53,0.0
Stage2,Scenario35,gen_curtailment,50:155,0.0
Stage2,Scenario35,gen_curtailment,54:54,0.0
Stage2,Scenario35,gen_curtailment,54:55,0.0
Stage2,Scenario35,gen_curtailment,55:122,0.0
Stage2,Scenario35,gen_curtailment,56:153,0.0
Stage2,Scenario35,gen_curtailment,57:103,0.0
Stage2,Scenario35,gen_curtailment,57:106,0.0
Stage2,Scenario35,gen_curtailment,59:105,0.0
Stage2,Scenario35,gen_curtailment,6:8,0.17599999999999572
Stage2,Scenario35,gen_curtailment,60:102,0.0
Stage2,Scenario35,gen_curtailment,60:123,0.0
Stage2,Scenario35,gen_curtailment,60:124,0.0
Stage2,Scenario35,gen_curtailment,60:125,0.0
Stage2,Scenario35,gen_curtailment,60:126,0.0
Stage2,Scenario35,gen_curtailment,60:127,0.0
Stage2,Scenario35,gen_curtailment,60:128,0.0
Stage2,Scenario35,gen_curtailment,60:129,0.0
Stage2,Scenario35,gen_curtailment,60:130,0.0
Stage2,Scenario35,gen_curtailment,60:131,0.0
Stage2,Scenario35,gen_curtailment,60:132,0.0
Stage2,Scenario35,gen_curtailment,60:133,0.0
Stage2,Scenario35,gen_curtailment,60:134,0.0
Stage2,Scenario35,gen_curtailment,60:138,0.0
Stage2,Scenario35,gen_curtailment,60:157,0.0
Stage2,Scenario35,gen_curtailment,60:56,0.0
Stage2,Scenario35,gen_curtailment,60:99,0.0
Stage2,Scenario35,gen_curtailment,61:100,0.0
Stage2,Scenario35,gen_curtailment,61:101,0.0
Stage2,Scenario35,gen_curtailment,61:91,0.0
Stage2,Scenario35,gen_curtailment,61:97,0.0
Stage2,Scenario35,gen_curtailment,61:98,0.0
Stage2,Scenario35,gen_curtailment,62:57,0.0
Stage2,Scenario35,gen_curtailment,62:58,0.0
Stage2,Scenario35,gen_curtailment,62:59,0.0
Stage2,Scenario35,gen_curtailment,62:60,0.0
Stage2,Scenario35,gen_curtailment,62:61,0.0
Stage2,Scenario35,gen_curtailment,62:62,0.0
Stage2,Scenario35,gen_curtailment,62:63,0.0
Stage2,Scenario35,gen_curtailment,62:64,0.0
Stage2,Scenario35,gen_curtailment,63:65,0.0
Stage2,Scenario35,gen_curtailment,64:154,0.0
Stage2,Scenario35,gen_curtailment,65:66,0.0
Stage2,Scenario35,gen_curtailment,66:110,0.0
Stage2,Scenario35,gen_curtailment,67:135,0.0
Stage2,Scenario35,gen_curtailment,67:136,0.0
Stage2,Scenario35,gen_curtailment,67:137,0.0
Stage2,Scenario35,gen_curtailment,67:139,0.0
Stage2,Scenario35,gen_curtailment,67:140,0.0
Stage2,Scenario35,gen_curtailment,67:147,0.0
Stage2,Scenario35,gen_curtailment,67:96,0.0
Stage2,Scenario35,gen_curtailment,68:67,0.0
Stage2,Scenario35,gen_curtailment,69:68,0.21999999999999886
Stage2,Scenario35,gen_curtailment,69:69,0.21999999999999886
Stage2,Scenario35,gen_curtailment,69:92,0.0
Stage2,Scenario35,gen_curtailment,69:93,0.0
Stage2,Scenario35,gen_curtailment,69:94,0.0
Stage2,Scenario35,gen_curtailment,69:95,0.0
Stage2,Scenario35,gen_curtailment,70:70,1.6999999999999984
Stage2,Scenario35,gen_curtailment,70:71,1.6999999999999984
Stage2,Scenario35,gen_curtailment,71:104,0.0
Stage2,Scenario35,gen_curtailment,71:107,0.0
Stage2,Scenario35,gen_curtailment,71:108,0.0
Stage2,Scenario35,load_shed,0,0.0
Stage2,Scenario35,load_shed,1,0.0
Stage2,Scenario35,load_shed,10,0.0
Stage2,Scenario35,load_shed,11,0.0
Stage2,Scenario35,load_shed,12,0.0
Stage2,Scenario35,load_shed,13,1.9399999999999997
Stage2,Scenario35,load_shed,14,0.0
Stage2,Scenario35,load_shed,15,0.5940000000000001
Stage2,Scenario35,load_shed,16,0.0
Stage2,Scenario35,load_shed,17,0.0
Stage2,Scenario35,load_shed,18,0.0
Stage2,Scenario35,load_shed,19,0.0
Stage2,Scenario35,load_shed,2,1.8
Stage2,Scenario35,load_shed,20,0.0
Stage2,Scenario35,load_shed,21,0.0
Stage2,Scenario35,load_shed,22,0.0
Stage2,Scenario35,load_shed,23,0.0
Stage2,Scenario35,load_shed,24,1.0800000000000034
Stage2,Scenario35,load_shed,25,0.0
Stage2,Scenario35,load_shed,26,0.13999999999999657
Stage2,Scenario35,load_shed,27,0.74
Stage2,Scenario35,load_shed,28,0.71
Stage2,Scenario35,load_shed,29,1.36
Stage2,Scenario35,load_shed,3,0.472
Stage2,Scenario35,load_shed,30,0.1499999999999999
Stage2,Scenario35,load_shed,31,1.71
Stage2,Scenario35,load_shed,32,1.75
Stage2,Scenario35,load_shed,33,0.0
Stage2,Scenario35,load_shed,34,0.0
Stage2,Scenario35,load_shed,35,0.0
Stage2,Scenario35,load_shed,36,0.0
Stage2,Scenario35,load_shed,37,1.9399999999999997
Stage2,Scenario35,load_shed,38,0.0
Stage2,Scenario35,load_shed,39,0.0
Stage2,Scenario35,load_shed,4,0.0
Stage2,Scenario35,load_shed,40,0.0
Stage2,Scenario35,load_shed,41,0.0
Stage2,Scenario35,load_shed,42,1.81
Stage2,Scenario35,load_shed,43,1.279999999999998
Stage2,Scenario35,load_shed,44,0.0
Stage2,Scenario35,load_shed,45,0.0
Stage2,Scenario35,load_shed,46,0.0
Stage2,Scenario35,load_shed,47,0.0
Stage2,Scenario35,load_shed,48,0.0
Stage2,Scenario35,load_shed,49,0.0
Stage2,Scenario35,load_shed,5,1.36
Stage2,Scenario35,load_shed,50,0.0
Stage2,Scenario35,load_shed,51,0.74
Stage2,Scenario35,load_shed,52,0.71
Stage2,Scenario35,load_shed,53,1.36
Stage2,Scenario35,load_shed,54,0.1499999999999999
Stage2,Scenario35,load_shed,55,0.0
Stage2,Scenario35,load_shed,56,0.0
Stage2,Scenario35,load_shed,57,0.9169999999999998
Stage2,Scenario35,load_shed,58,0.0
Stage2,Scenario35,load_shed,59,0.0
Stage2,Scenario35,load_shed,6,0.0
Stage2,Scenario35,load_shed,60,0.0
Stage2,Scenario35,load_shed,61,0.0
Stage2,Scenario35,load_shed,62,0.0
Stage2,Scenario35,load_shed,63,0.0
Stage2,Scenario35,load_shed,64,0.0
Stage2,Scenario35,load_shed,65,0.0
Stage2,Scenario35,load_shed,66,0.0
Stage2,Scenario35,load_shed,67,0.0
Stage2,Scenario35,load_shed,68,0.0
Stage2,Scenario35,load_shed,69,0.0
Stage2,Scenario35,load_shed,7,0.0
Stage2,Scenario35,load_shed,70,0.0
Stage2,Scenario35,load_shed,71,0.0
Stage2,Scenario35,load_shed,72,0.0
Stage2,Scenario35,load_shed,8,0.649
Stage2,Scenario35,load_shed,9,0.9099999999999999
Stage2,Scenario35,load_shed_value,None,24.271999999999995
Stage2,Scenario35,nu,None,0.0
Stage2,Scenario35,theta,0,-6.0429153071795865
Stage2,Scenario35,theta,1,-6.283185307179586
Stage2,Scenario35,theta,10,-6.283185307179586
Stage2,Scenario35,theta,11,-0.023328
Stage2,Scenario35,theta,12,0.0
Stage2,Scenario35,theta,13,-6.283185307179586
Stage2,Scenario35,theta,14,-6.283185307179586
Stage2,Scenario35,theta,15,-6.256873307179586
Stage2,Scenario35,theta,16,-6.283185307179585
Stage2,Scenario35,theta,17,-6.283185307179586
Stage2,Scenario35,theta,18,-6.283185307179586
Stage2,Scenario35,theta,19,-6.283185307179586
Stage2,Scenario35,theta,2,0.007808279999999986
Stage2,Scenario35,theta,20,-6.194005307179586
Stage2,Scenario35,theta,21,-6.194005307179586
Stage2,Scenario35,theta,22,-6.2550253071807465
Stage2,Scenario35,theta,23,0.007808279999999986
Stage2,Scenario35,theta,24,-5.932925307179586
Stage2,Scenario35,theta,25,-6.283185307179586
Stage2,Scenario35,theta,26,-6.283185307179586
Stage2,Scenario35,theta,27,-6.283185307179586
Stage2,Scenario35,theta,28,-6.283185307179586
Stage2,Scenario35,theta,29,-6.283185307179586
Stage2,Scenario35,theta,3,6.283185307179586
Stage2,Scenario35,theta,30,-6.283185307179586
Stage2,Scenario35,theta,31,-6.283185307179586
Stage2,Scenario35,theta,32,-6.283185307179586
Stage2,Scenario35,theta,33,-6.283185307179586
Stage2,Scenario35,theta,34,-6.283185307179586
Stage2,Scenario35,theta,35,-6.116928307179586
Stage2,Scenario35,theta,36,-6.283185307179586
Stage2,Scenario35,theta,37,-6.283185307179586
Stage2,Scenario35,theta,38,-6.283185307179586
Stage2,Scenario35,theta,39,-6.283185307179586
Stage2,Scenario35,theta,4,-6.191665307179586
Stage2,Scenario35,theta,40,-6.2550253071807465
Stage2,Scenario35,theta,41,-6.283185307179586
Stage2,Scenario35,theta,42,-6.283185307179586
Stage2,Scenario35,theta,43,-6.283185307179586
Stage2,Scenario35,theta,44,6.157385307179585
Stage2,Scenario35,theta,45,6.157385307179585
Stage2,Scenario35,theta,46,-6.283185307179586
Stage2,Scenario35,theta,47,6.283185307179586
Stage2,Scenario35,theta,48,-6.283185307179586
Stage2,Scenario35,theta,49,-6.283185307179586
Stage2,Scenario35,theta,5,-6.283185307179586
Stage2,Scenario35,theta,50,-5.8302403071795865
Stage2,Scenario35,theta,51,-6.283185307179586
Stage2,Scenario35,theta,52,-6.283185307179586
Stage2,Scenario35,theta,53,-6.283185307179586
Stage2,Scenario35,theta,54,-6.283185307179586
Stage2,Scenario35,theta,55,-6.283185307179586
Stage2,Scenario35,theta,56,-6.038490307179586
Stage2,Scenario35,theta,57,-6.283185307179586
Stage2,Scenario35,theta,58,6.283185307179586
Stage2,Scenario35,theta,59,-6.283185307179586
Stage2,Scenario35,theta,6,-6.178875307178513
Stage2,Scenario35,theta,60,6.283185307179586
Stage2,Scenario35,theta,61,-6.283185307179586
Stage2,Scenario35,theta,62,-6.283185307179586
Stage2,Scenario35,theta,63,-6.250735307179586
Stage2,Scenario35,theta,64,-6.230935307179586
Stage2,Scenario35,theta,65,-6.230935307179586
Stage2,Scenario35,theta,66,6.283185307179586
Stage2,Scenario35,theta,67,-6.063185307180742
Stage2,Scenario35,theta,68,-6.220171307179586
Stage2,Scenario35,theta,69,6.283185307179586
Stage2,Scenario35,theta,7,-6.283185307179586
Stage2,Scenario35,theta,70,-6.283185307179586
Stage2,Scenario35,theta,71,-6.2325373071795855
Stage2,Scenario35,theta,72,0.0
Stage2,Scenario35,theta,8,-0.06537672000000001
Stage2,Scenario35,theta,9,-6.283185307179586
Stage2,Scenario35,xij,0,0.0
Stage2,Scenario35,xij,1,0.0
Stage2,Scenario35,xij,10,1.0
Stage2,Scenario35,xij,100,0.0
Stage2,Scenario35,xij,101,1.0
Stage2,Scenario35,xij,102,0.0
Stage2,Scenario35,xij,103,0.0
Stage2,Scenario35,xij,104,1.0
Stage2,Scenario35,xij,105,1.0
Stage2,Scenario35,xij,106,0.0
Stage2,Scenario35,xij,107,0.0
Stage2,Scenario35,xij,108,1.0
Stage2,Scenario35,xij,109,0.0
Stage2,Scenario35,xij,11,0.0
Stage2,Scenario35,xij,110,1.0
Stage2,Scenario35,xij,111,0.0
Stage2,Scenario35,xij,112,0.0
Stage2,Scenario35,xij,113,0.0
Stage2,Scenario35,xij,114,0.0
Stage2,Scenario35,xij,115,0.0
Stage2,Scenario35,xij,116,0.0
Stage2,Scenario35,xij,117,0.0
Stage2,Scenario35,xij,118,0.0
Stage2,Scenario35,xij,119,0.0
Stage2,Scenario35,xij,12,0.0
Stage2,Scenario35,xij,13,0.0
Stage2,Scenario35,xij,14,0.0
Stage2,Scenario35,xij,15,1.0
Stage2,Scenario35,xij,16,0.0
Stage2,Scenario35,xij,17,0.0
Stage2,Scenario35,xij,18,0.0
Stage2,Scenario35,xij,19,1.0
Stage2,Scenario35,xij,2,1.0
Stage2,Scenario35,xij,20,1.0
Stage2,Scenario35,xij,21,0.0
Stage2,Scenario35,xij,22,0.0
Stage2,Scenario35,xij,23,0.0
Stage2,Scenario35,xij,24,0.0
Stage2,Scenario35,xij,25,0.0
Stage2,Scenario35,xij,26,1.0
Stage2,Scenario35,xij,27,0.0
Stage2,Scenario35,xij,28,0.0
Stage2,Scenario35,xij,29,0.0
Stage2,Scenario35,xij,3,0.0
Stage2,Scenario35,xij,30,1.0
Stage2,Scenario35,xij,31,0.0
Stage2,Scenario35,xij,32,0.0
Stage2,Scenario35,xij,33,0.0
Stage2,Scenario35,xij,34,0.0
Stage2,Scenario35,xij,35,0.0
Stage2,Scenario35,xij,36,0.0
Stage2,Scenario35,xij,37,0.0
Stage2,Scenario35,xij,38,1.0
Stage2,Scenario35,xij,39,1.0
Stage2,Scenario35,xij,4,0.0
Stage2,Scenario35,xij,40,1.0
Stage2,Scenario35,xij,41,0.0
Stage2,Scenario35,xij,42,1.0
Stage2,Scenario35,xij,43,0.0
Stage2,Scenario35,xij,44,0.0
Stage2,Scenario35,xij,45,0.0
Stage2,Scenario35,xij,46,0.0
Stage2,Scenario35,xij,47,0.0
Stage2,Scenario35,xij,48,0.0
Stage2,Scenario35,xij,49,0.0
Stage2,Scenario35,xij,5,1.0
Stage2,Scenario35,xij,50,0.0
Stage2,Scenario35,xij,51,0.0
Stage2,Scenario35,xij,52,1.0
Stage2,Scenario35,xij,53,0.0
Stage2,Scenario35,xij,54,0.0
Stage2,Scenario35,xij,55,0.0
Stage2,Scenario35,xij,56,0.0
Stage2,Scenario35,xij,57,1.0
Stage2,Scenario35,xij,58,0.0
Stage2,Scenario35,xij,59,1.0
Stage2,Scenario35,xij,6,1.0
Stage2,Scenario35,xij,60,0.0
Stage2,Scenario35,xij,61,0.0
Stage2,Scenario35,xij,62,0.0
Stage2,Scenario35,xij,63,0.0
Stage2,Scenario35,xij,64,0.0
Stage2,Scenario35,xij,65,0.0
Stage2,Scenario35,xij,66,0.0
Stage2,Scenario35,xij,67,0.0
Stage2,Scenario35,xij,68,0.0
Stage2,Scenario35,xij,69,0.0
Stage2,Scenario35,xij,7,0.0
Stage2,Scenario35,xij,70,0.0
Stage2,Scenario35,xij,71,0.0
Stage2,Scenario35,xij,72,0.0
Stage2,Scenario35,xij,73,0.0
Stage2,Scenario35,xij,74,1.0
Stage2,Scenario35,xij,75,0.0
Stage2,Scenario35,xij,76,0.0
Stage2,Scenario35,xij,77,0.0
Stage2,Scenario35,xij,78,1.0
Stage2,Scenario35,xij,79,0.0
Stage2,Scenario35,xij,8,1.0
Stage2,Scenario35,xij,80,0.0
Stage2,Scenario35,xij,81,0.0
Stage2,Scenario35,xij,82,0.0
Stage2,Scenario35,xij,83,0.0
Stage2,Scenario35,xij,84,1.0
Stage2,Scenario35,xij,85,0.0
Stage2,Scenario35,xij,86,0.0
Stage2,Scenario35,xij,87,0.0
Stage2,Scenario35,xij,88,0.0
Stage2,Scenario35,xij,89,0.0
Stage2,Scenario35,xij,9,0.0
Stage2,Scenario35,xij,90,1.0
Stage2,Scenario35,xij,91,0.0
Stage2,Scenario35,xij,92,0.0
Stage2,Scenario35,xij,93,0.0
Stage2,Scenario35,xij,94,0.0
Stage2,Scenario35,xij,95,0.0
Stage2,Scenario35,xij,96,0.0
Stage2,Scenario35,xij,97,0.0
Stage2,Scenario35,xij,98,0.0
Stage2,Scenario35,xij,99,0.0
Stage2,Scenario36,Pij,0,0.0
Stage2,Scenario36,Pij,1,0.0
Stage2,Scenario36,Pij,10,1.7100000000000042
Stage2,Scenario36,Pij,100,0.0
Stage2,Scenario36,Pij,101,0.0
Stage2,Scenario36,Pij,102,0.0
Stage2,Scenario36,Pij,103,0.0
Stage2,Scenario36,Pij,104,-1.9100000000000033
Stage2,Scenario36,Pij,105,0.0
Stage2,Scenario36,Pij,106,0.0
Stage2,Scenario36,Pij,107,0.2500000000000002
Stage2,Scenario36,Pij,108,0.6240000000000046
Stage2,Scenario36,Pij,109,-0.4399999999999977
Stage2,Scenario36,Pij,11,0.0
Stage2,Scenario36,Pij,110,0.0
Stage2,Scenario36,Pij,111,0.21000000000000485
Stage2,Scenario36,Pij,112,0.0
Stage2,Scenario36,Pij,113,0.0
Stage2,Scenario36,Pij,114,0.0
Stage2,Scenario36,Pij,115,0.0
Stage2,Scenario36,Pij,116,0.0
Stage2,Scenario36,Pij,117,0.0
Stage2,Scenario36,Pij,118,0.0
Stage2,Scenario36,Pij,119,0.0
Stage2,Scenario36,Pij,12,0.0
Stage2,Scenario36,Pij,13,0.0
Stage2,Scenario36,Pij,14,0.0
Stage2,Scenario36,Pij,15,0.0
Stage2,Scenario36,Pij,16,0.0
Stage2,Scenario36,Pij,17,0.0
Stage2,Scenario36,Pij,18,0.0
Stage2,Scenario36,Pij,19,0.0
Stage2,Scenario36,Pij,2,0.0
Stage2,Scenario36,Pij,20,0.0
Stage2,Scenario36,Pij,21,0.0
Stage2,Scenario36,Pij,22,0.0
Stage2,Scenario36,Pij,23,0.0
Stage2,Scenario36,Pij,24,-1.550000000000001
Stage2,Scenario36,Pij,25,0.0
Stage2,Scenario36,Pij,26,-1.9200000000000008
Stage2,Scenario36,Pij,27,0.0
Stage2,Scenario36,Pij,28,0.0
Stage2,Scenario36,Pij,29,0.0
Stage2,Scenario36,Pij,3,0.0
Stage2,Scenario36,Pij,30,0.0
Stage2,Scenario36,Pij,31,0.0
Stage2,Scenario36,Pij,32,0.0
Stage2,Scenario36,Pij,33,0.0
Stage2,Scenario36,Pij,34,0.0
Stage2,Scenario36,Pij,35,0.0
Stage2,Scenario36,Pij,36,0.0
Stage2,Scenario36,Pij,37,-0.6399999999736313
Stage2,Scenario36,Pij,38,-0.6400000000263688
Stage2,Scenario36,Pij,39,0.0
Stage2,Scenario36,Pij,4,0.0
Stage2,Scenario36,Pij,40,0.0
Stage2,Scenario36,Pij,41,0.0
Stage2,Scenario36,Pij,42,0.0
Stage2,Scenario36,Pij,43,0.0
Stage2,Scenario36,Pij,44,0.0
Stage2,Scenario36,Pij,45,1.3600000000000012
Stage2,Scenario36,Pij,46,0.0
Stage2,Scenario36,Pij,47,0.0
Stage2,Scenario36,Pij,48,-0.74
Stage2,Scenario36,Pij,49,0.0
Stage2,Scenario36,Pij,5,0.0
Stage2,Scenario36,Pij,50,0.0
Stage2,Scenario36,Pij,51,0.0
Stage2,Scenario36,Pij,52,0.0
Stage2,Scenario36,Pij,53,0.0
Stage2,Scenario36,Pij,54,0.0
Stage2,Scenario36,Pij,55,-0.74
Stage2,Scenario36,Pij,56,0.0
Stage2,Scenario36,Pij,57,-1.26
Stage2,Scenario36,Pij,58,0.0
Stage2,Scenario36,Pij,59,0.0
Stage2,Scenario36,Pij,6,0.0
Stage2,Scenario36,Pij,60,0.0
Stage2,Scenario36,Pij,61,0.0
Stage2,Scenario36,Pij,62,0.0
Stage2,Scenario36,Pij,63,0.0
Stage2,Scenario36,Pij,64,0.0
Stage2,Scenario36,Pij,65,0.0
Stage2,Scenario36,Pij,66,0.0
Stage2,Scenario36,Pij,67,0.0
Stage2,Scenario36,Pij,68,0.0
Stage2,Scenario36,Pij,69,0.0
Stage2,Scenario36,Pij,7,0.0
Stage2,Scenario36,Pij,70,0.0
Stage2,Scenario36,Pij,71,0.0
Stage2,Scenario36,Pij,72,0.0
Stage2,Scenario36,Pij,73,0.0
Stage2,Scenario36,Pij,74,0.0
Stage2,Scenario36,Pij,75,0.0
Stage2,Scenario36,Pij,76,0.0
Stage2,Scenario36,Pij,77,0.0
Stage2,Scenario36,Pij,78,0.0
Stage2,Scenario36,Pij,79,0.0
Stage2,Scenario36,Pij,8,0.0
Stage2,Scenario36,Pij,80,0.0
Stage2,Scenario36,Pij,81,0.0
Stage2,Scenario36,Pij,82,0.5300000000000001
Stage2,Scenario36,Pij,83,0.0
Stage2,Scenario36,Pij,84,0.0
Stage2,Scenario36,Pij,85,0.0
Stage2,Scenario36,Pij,86,-0.20999999999999985
Stage2,Scenario36,Pij,87,0.0
Stage2,Scenario36,Pij,88,0.0
Stage2,Scenario36,Pij,89,0.0
Stage2,Scenario36,Pij,9,0.0
Stage2,Scenario36,Pij,90,0.0
Stage2,Scenario36,Pij,91,0.0
Stage2,Scenario36,Pij,92,0.0
Stage2,Scenario36,Pij,93,0.0
Stage2,Scenario36,Pij,94,0.0
Stage2,Scenario36,Pij,95,0.0
Stage2,Scenario36,Pij,96,0.0
Stage2,Scenario36,Pij,97,0.0
Stage2,Scenario36,Pij,98,0.0
Stage2,Scenario36,Pij,99,0.0
Stage2,Scenario36,bus_gen,0:0,0.07999999999999834
Stage2,Scenario36,bus_gen,0:1,0.07999999999999834
Stage2,Scenario36,bus_gen,0:113,0.0
Stage2,Scenario36,bus_gen,0:117,0.0
Stage2,Scenario36,bus_gen,0:118,0.0
Stage2,Scenario36,bus_gen,0:119,0.0
Stage2,Scenario36,bus_gen,0:2,0.56
Stage2,Scenario36,bus_gen,0:3,0.56
Stage2,Scenario36,bus_gen,1:112,0.0
Stage2,Scenario36,bus_gen,1:114,0.0
Stage2,Scenario36,bus_gen,1:4,0.0799999999999983
Stage2,Scenario36,bus_gen,1:5,0.0799999999999983
Stage2,Scenario36,bus_gen,1:6,0.56
Stage2,Scenario36,bus_gen,1:7,0.56
Stage2,Scenario36,bus_gen,12:10,0.55
Stage2,Scenario36,bus_gen,12:109,0.44999999999999973
Stage2,Scenario36,bus_gen,12:11,0.55
Stage2,Scenario36,bus_gen,12:12,0.55
Stage2,Scenario36,bus_gen,12:9,0.55
Stage2,Scenario36,bus_gen,13:72,0.0
Stage2,Scenario36,bus_gen,14:13,0.049999999999998934
Stage2,Scenario36,bus_gen,14:14,0.049999999999998934
Stage2,Scenario36,bus_gen,14:15,1.2499999999999991
Stage2,Scenario36,bus_gen,15:16,1.5500000000000007
Stage2,Scenario36,bus_gen,17:141,0.09300000000000001
Stage2,Scenario36,bus_gen,17:142,0.09699999999999999
Stage2,Scenario36,bus_gen,17:143,0.094
Stage2,Scenario36,bus_gen,17:144,0.09100000000000001
Stage2,Scenario36,bus_gen,17:145,0.09100000000000001
Stage2,Scenario36,bus_gen,17:146,0.09699999999999995
Stage2,Scenario36,bus_gen,17:148,0.11800000000000001
Stage2,Scenario36,bus_gen,17:149,0.11199999999999999
Stage2,Scenario36,bus_gen,17:150,0.10300000000000001
Stage2,Scenario36,bus_gen,17:151,0.045
Stage2,Scenario36,bus_gen,17:17,2.3890000000000002
Stage2,Scenario36,bus_gen,18:121,0.6660000000000001
Stage2,Scenario36,bus_gen,2:120,0.6150000000000007
Stage2,Scenario36,bus_gen,20:73,3.96
Stage2,Scenario36,bus_gen,21:156,0.0
Stage2,Scenario36,bus_gen,21:74,0.0
Stage2,Scenario36,bus_gen,21:75,0.0
Stage2,Scenario36,bus_gen,21:76,0.0
Stage2,Scenario36,bus_gen,21:77,0.0
Stage2,Scenario36,bus_gen,21:78,0.0
Stage2,Scenario36,bus_gen,21:79,0.0
Stage2,Scenario36,bus_gen,22:18,0.6199999999999984
Stage2,Scenario36,bus_gen,22:19,1.3999999999999988
Stage2,Scenario36,bus_gen,22:20,0.21999999999999886
Stage2,Scenario36,bus_gen,22:21,0.21999999999999886
Stage2,Scenario36,bus_gen,22:22,0.21999999999999886
Stage2,Scenario36,bus_gen,24:23,0.07999999999999843
Stage2,Scenario36,bus_gen,24:24,0.07999999999999843
Stage2,Scenario36,bus_gen,24:25,0.76
Stage2,Scenario36,bus_gen,24:80,0.16000000000000317
Stage2,Scenario36,bus_gen,25:26,0.20000000000000004
Stage2,Scenario36,bus_gen,25:27,0.20000000000000004
Stage2,Scenario36,bus_gen,25:28,0.76
Stage2,Scenario36,bus_gen,25:29,0.76
Stage2,Scenario36,bus_gen,3:115,0.268
Stage2,Scenario36,bus_gen,30:30,0.55
Stage2,Scenario36,bus_gen,30:31,0.55
Stage2,Scenario36,bus_gen,35:116,2.0
Stage2,Scenario36,bus_gen,36:152,0.0
Stage2,Scenario36,bus_gen,36:32,3.136
Stage2,Scenario36,bus_gen,36:33,0.21999999999999886
Stage2,Scenario36,bus_gen,36:34,0.21999999999999886
Stage2,Scenario36,bus_gen,37:81,0.0
Stage2,Scenario36,bus_gen,38:111,1.251
Stage2,Scenario36,bus_gen,38:35,0.21999999999999886
Stage2,Scenario36,bus_gen,38:36,0.21999999999999886
Stage2,Scenario36,bus_gen,38:82,0.5
Stage2,Scenario36,bus_gen,38:83,0.5
Stage2,Scenario36,bus_gen,38:84,0.4790000000000023
Stage2,Scenario36,bus_gen,39:37,1.2500000000000002
Stage2,Scenario36,bus_gen,41:38,3.33
Stage2,Scenario36,bus_gen,44:39,1.6999999999999984
Stage2,Scenario36,bus_gen,45:85,0.0
Stage2,Scenario36,bus_gen,45:86,0.0
Stage2,Scenario36,bus_gen,45:87,0.0
Stage2,Scenario36,bus_gen,45:88,0.0
Stage2,Scenario36,bus_gen,45:89,0.0
Stage2,Scenario36,bus_gen,45:90,0.0
Stage2,Scenario36,bus_gen,46:40,0.6199999999999984
Stage2,Scenario36,bus_gen,46:41,0.6199999999999984
Stage2,Scenario36,bus_gen,46:42,1.3999999999999988
Stage2,Scenario36,bus_gen,46:43,0.21999999999999886
Stage2,Scenario36,bus_gen,46:44,0.21999999999999886
Stage2,Scenario36,bus_gen,46:45,0.21999999999999886
Stage2,Scenario36,bus_gen,48:46,0.20000000000000004
Stage2,Scenario36,bus_gen,48:47,0.20000000000000004
Stage2,Scenario36,bus_gen,48:48,0.34
Stage2,Scenario36,bus_gen,48:49,0.34
Stage2,Scenario36,bus_gen,49:50,0.20000000000000004
Stage2,Scenario36,bus_gen,49:51,0.20000000000000004
Stage2,Scenario36,bus_gen,49:52,0.55
Stage2,Scenario36,bus_gen,49:53,0.55
Stage2,Scenario36,bus_gen,50:155,1.8
Stage2,Scenario36,bus_gen,54:54,0.55
Stage2,Scenario36,bus_gen,54:55,0.55
Stage2,Scenario36,bus_gen,55:122,1.0090000000000001
Stage2,Scenario36,bus_gen,56:153,1.483
Stage2,Scenario36,bus_gen,57:103,0.517
Stage2,Scenario36,bus_gen,57:106,0.5159999999999999
Stage2,Scenario36,bus_gen,59:105,0.0
Stage2,Scenario36,bus_gen,6:8,3.136
Stage2,Scenario36,bus_gen,60:102,0.0
Stage2,Scenario36,bus_gen,60:123,0.0
Stage2,Scenario36,bus_gen,60:124,0.0
Stage2,Scenario36,bus_gen,60:125,0.0
Stage2,Scenario36,bus_gen,60:126,0.0
Stage2,Scenario36,bus_gen,60:127,0.4710000000000014
Stage2,Scenario36,bus_gen,60:128,0.0
Stage2,Scenario36,bus_gen,60:129,0.0
Stage2,Scenario36,bus_gen,60:130,0.0
Stage2,Scenario36,bus_gen,60:131,0.0
Stage2,Scenario36,bus_gen,60:132,0.0
Stage2,Scenario36,bus_gen,60:133,0.0
Stage2,Scenario36,bus_gen,60:134,0.0
Stage2,Scenario36,bus_gen,60:138,0.272
Stage2,Scenario36,bus_gen,60:157,0.0
Stage2,Scenario36,bus_gen,60:56,1.9069999999999987
Stage2,Scenario36,bus_gen,60:99,0.0
Stage2,Scenario36,bus_gen,61:100,0.927
Stage2,Scenario36,bus_gen,61:101,0.0
Stage2,Scenario36,bus_gen,61:91,0.0
Stage2,Scenario36,bus_gen,61:97,0.4969999999999999
Stage2,Scenario36,bus_gen,61:98,0.516
Stage2,Scenario36,bus_gen,62:57,0.12
Stage2,Scenario36,bus_gen,62:58,0.12
Stage2,Scenario36,bus_gen,62:59,0.12
Stage2,Scenario36,bus_gen,62:60,0.12
Stage2,Scenario36,bus_gen,62:61,0.12
Stage2,Scenario36,bus_gen,62:62,0.21999999999999886
Stage2,Scenario36,bus_gen,62:63,0.21999999999999886
Stage2,Scenario36,bus_gen,62:64,0.21999999999999886
Stage2,Scenario36,bus_gen,63:65,1.2500000000000002
Stage2,Scenario36,bus_gen,64:154,0.1840000000000046
Stage2,Scenario36,bus_gen,65:66,2.9160000000000004
Stage2,Scenario36,bus_gen,66:110,1.5599999999999998
Stage2,Scenario36,bus_gen,67:135,0.0
Stage2,Scenario36,bus_gen,67:136,0.27
Stage2,Scenario36,bus_gen,67:137,0.28300000000000003
Stage2,Scenario36,bus_gen,67:139,0.0
Stage2,Scenario36,bus_gen,67:140,0.21099999999999997
Stage2,Scenario36,bus_gen,67:147,0.0
Stage2,Scenario36,bus_gen,67:96,0.516
Stage2,Scenario36,bus_gen,68:67,1.6999999999999984
Stage2,Scenario36,bus_gen,69:68,0.21999999999999886
Stage2,Scenario36,bus_gen,69:69,0.21999999999999886
Stage2,Scenario36,bus_gen,69:92,0.0
Stage2,Scenario36,bus_gen,69:93,0.0
Stage2,Scenario36,bus_gen,69:94,0.0
Stage2,Scenario36,bus_gen,69:95,0.0
Stage2,Scenario36,bus_gen,70:70,1.6999999999999984
Stage2,Scenario36,bus_gen,70:71,1.6999999999999984
Stage2,Scenario36,bus_gen,71:104,0.0
Stage2,Scenario36,bus_gen,71:107,0.0
Stage2,Scenario36,bus_gen,71:108,0.0
Stage2,Scenario36,cvar,None,27.4536842105263
Stage2,Scenario36,gen_curtailment,0:0,0.0
Stage2,Scenario36,gen_curtailment,0:1,0.0
Stage2,Scenario36,gen_curtailment,0:113,0.0
Stage2,Scenario36,gen_curtailment,0:117,0.0
Stage2,Scenario36,gen_curtailment,0:118,0.0
Stage2,Scenario36,gen_curtailment,0:119,0.0
Stage2,Scenario36,gen_curtailment,0:2,0.09999999999999835
Stage2,Scenario36,gen_curtailment,0:3,0.09999999999999835
Stage2,Scenario36,gen_curtailment,1:112,0.0
Stage2,Scenario36,gen_curtailment,1:114,0.0
Stage2,Scenario36,gen_curtailment,1:4,0.0799999999999983
Stage2,Scenario36,gen_curtailment,1:5,0.0799999999999983
Stage2,Scenario36,gen_curtailment,1:6,0.07500000000000007
Stage2,Scenario36,gen_curtailment,1:7,0.07500000000000007
Stage2,Scenario36,gen_curtailment,12:10,0.0
Stage2,Scenario36,gen_curtailment,12:109,0.0
Stage2,Scenario36,gen_curtailment,12:11,0.0
Stage2,Scenario36,gen_curtailment,12:12,0.0
Stage2,Scenario36,gen_curtailment,12:9,0.0
Stage2,Scenario36,gen_curtailment,13:72,0.0
Stage2,Scenario36,gen_curtailment,14:13,0.049999999999998934
Stage2,Scenario36,gen_curtailment,14:14,0.049999999999998934
Stage2,Scenario36,gen_curtailment,14:15,0.0
Stage2,Scenario36,gen_curtailment,15:16,0.0
Stage2,Scenario36,gen_curtailment,17:141,0.0
Stage2,Scenario36,gen_curtailment,17:142,0.0
Stage2,Scenario36,gen_curtailment,17:143,0.0
Stage2,Scenario36,gen_curtailment,17:144,0.0
Stage2,Scenario36,gen_curtailment,17:145,0.0
Stage2,Scenario36,gen_curtailment,17:146,0.0
Stage2,Scenario36,gen_curtailment,17:148,0.0
Stage2,Scenario36,gen_curtailment,17:149,0.0
Stage2,Scenario36,gen_curtailment,17:150,0.0
Stage2,Scenario36,gen_curtailment,17:151,0.0
Stage2,Scenario36,gen_curtailment,17:17,0.0
Stage2,Scenario36,gen_curtailment,18:121,0.0
Stage2,Scenario36,gen_curtailment,2:120,0.0
Stage2,Scenario36,gen_curtailment,20:73,2.039999999999999
Stage2,Scenario36,gen_curtailment,21:156,0.0
Stage2,Scenario36,gen_curtailment,21:74,0.0
Stage2,Scenario36,gen_curtailment,21:75,0.0
Stage2,Scenario36,gen_curtailment,21:76,0.0
Stage2,Scenario36,gen_curtailment,21:77,0.0
Stage2,Scenario36,gen_curtailment,21:78,0.0
Stage2,Scenario36,gen_curtailment,21:79,0.0
Stage2,Scenario36,gen_curtailment,22:18,0.0
Stage2,Scenario36,gen_curtailment,22:19,1.3999999999999932
Stage2,Scenario36,gen_curtailment,22:20,0.0
Stage2,Scenario36,gen_curtailment,22:21,0.0
Stage2,Scenario36,gen_curtailment,22:22,0.0
Stage2,Scenario36,gen_curtailment,24:23,0.0
Stage2,Scenario36,gen_curtailment,24:24,0.0
Stage2,Scenario36,gen_curtailment,24:25,0.0
Stage2,Scenario36,gen_curtailment,24:80,0.0
Stage2,Scenario36,gen_curtailment,25:26,0.0
Stage2,Scenario36,gen_curtailment,25:27,0.0
Stage2,Scenario36,gen_curtailment,25:28,0.0
Stage2,Scenario36,gen_curtailment,25:29,0.0
Stage2,Scenario36,gen_curtailment,3:115,0.0
Stage2,Scenario36,gen_curtailment,30:30,0.0
Stage2,Scenario36,gen_curtailment,30:31,0.0
Stage2,Scenario36,gen_curtailment,35:116,0.0
Stage2,Scenario36,gen_curtailment,36:152,0.0
Stage2,Scenario36,gen_curtailment,36:32,0.4860000000000002
Stage2,Scenario36,gen_curtailment,36:33,0.21999999999999886
Stage2,Scenario36,gen_curtailment,36:34,0.21999999999999886
Stage2,Scenario36,gen_curtailment,37:81,0.0
Stage2,Scenario36,gen_curtailment,38:111,0.0
Stage2,Scenario36,gen_curtailment,38:35,0.0
Stage2,Scenario36,gen_curtailment,38:36,0.0
Stage2,Scenario36,gen_curtailment,38:82,0.0
Stage2,Scenario36,gen_curtailment,38:83,0.0
Stage2,Scenario36,gen_curtailment,38:84,0.0
Stage2,Scenario36,gen_curtailment,39:37,0.24999999999999867
Stage2,Scenario36,gen_curtailment,41:38,0.0
Stage2,Scenario36,gen_curtailment,44:39,1.6999999999999984
Stage2,Scenario36,gen_curtailment,45:85,0.0
Stage2,Scenario36,gen_curtailment,45:86,0.0
Stage2,Scenario36,gen_curtailment,45:87,0.0
Stage2,Scenario36,gen_curtailment,45:88,0.0
Stage2,Scenario36,gen_curtailment,45:89,0.0
Stage2,Scenario36,gen_curtailment,45:90,0.0
Stage2,Scenario36,gen_curtailment,46:40,0.6199999999999982
Stage2,Scenario36,gen_curtailment,46:41,0.6199999999999982
Stage2,Scenario36,gen_curtailment,46:42,1.3999999999999988
Stage2,Scenario36,gen_curtailment,46:43,0.21999999999999886
Stage2,Scenario36,gen_curtailment,46:44,0.21999999999999886
Stage2,Scenario36,gen_curtailment,46:45,0.21999999999999886
Stage2,Scenario36,gen_curtailment,48:46,0.0
Stage2,Scenario36,gen_curtailment,48:47,0.0
Stage2,Scenario36,gen_curtailment,48:48,0.0
Stage2,Scenario36,gen_curtailment,48:49,0.0
Stage2,Scenario36,gen_curtailment,49:50,0.0
Stage2,Scenario36,gen_curtailment,49:51,0.0
Stage2,Scenario36,gen_curtailment,49:52,0.0
Stage2,Scenario36,gen_curtailment,49:53,0.0
Stage2,Scenario36,gen_curtailment,50:155,0.0
Stage2,Scenario36,gen_curtailment,54:54,0.0
Stage2,Scenario36,gen_curtailment,54:55,0.0
Stage2,Scenario36,gen_curtailment,55:122,0.0
Stage2,Scenario36,gen_curtailment,56:153,0.0
Stage2,Scenario36,gen_curtailment,57:103,0.0
Stage2,Scenario36,gen_curtailment,57:106,0.0
Stage2,Scenario36,gen_curtailment,59:105,0.0
Stage2,Scenario36,gen_curtailment,6:8,0.17599999999999572
Stage2,Scenario36,gen_curtailment,60:102,0.0
Stage2,Scenario36,gen_curtailment,60:123,0.0
Stage2,Scenario36,gen_curtailment,60:124,0.0
Stage2,Scenario36,gen_curtailment,60:125,0.0
Stage2,Scenario36,gen_curtailment,60:126,0.0
Stage2,Scenario36,gen_curtailment,60:127,0.0
Stage2,Scenario36,gen_curtailment,60:128,0.0
Stage2,Scenario36,gen_curtailment,60:129,0.0
Stage2,Scenario36,gen_curtailment,60:130,0.0
Stage2,Scenario36,gen_curtailment,60:131,0.0
Stage2,Scenario36,gen_curtailment,60:132,0.0
Stage2,Scenario36,gen_curtailment,60:133,0.0
Stage2,Scenario36,gen_curtailment,60:134,0.0
Stage2,Scenario36,gen_curtailment,60:138,0.0
Stage2,Scenario36,gen_curtailment,60:157,0.0
Stage2,Scenario36,gen_curtailment,60:56,0.0
Stage2,Scenario36,gen_curtailment,60:99,0.0
Stage2,Scenario36,gen_curtailment,61:100,0.0
Stage2,Scenario36,gen_curtailment,61:101,0.0
Stage2,Scenario36,gen_curtailment,61:91,0.0
Stage2,Scenario36,gen_curtailment,61:97,0.0
Stage2,Scenario36,gen_curtailment,61:98,0.0
Stage2,Scenario36,gen_curtailment,62:57,0.0
Stage2,Scenario36,gen_curtailment,62:58,0.0
Stage2,Scenario36,gen_curtailment,62:59,0.0
Stage2,Scenario36,gen_curtailment,62:60,0.0
Stage2,Scenario36,gen_curtailment,62:61,0.0
Stage2,Scenario36,gen_curtailment,62:62,0.0
Stage2,Scenario36,gen_curtailment,62:63,0.0
Stage2,Scenario36,gen_curtailment,62:64,0.0
Stage2,Scenario36,gen_curtailment,63:65,0.0
Stage2,Scenario36,gen_curtailment,64:154,0.0
Stage2,Scenario36,gen_curtailment,65:66,0.0
Stage2,Scenario36,gen_curtailment,66:110,0.0
Stage2,Scenario36,gen_curtailment,67:135,0.0
Stage2,Scenario36,gen_curtailment,67:136,0.0
Stage2,Scenario36,gen_curtailment,67:137,0.0
Stage2,Scenario36,gen_curtailment,67:139,0.0
Stage2,Scenario36,gen_curtailment,67:140,0.0
Stage2,Scenario36,gen_curtailment,67:147,0.0
Stage2,Scenario36,gen_curtailment,67:96,0.0
Stage2,Scenario36,gen_curtailment,68:67,0.0
Stage2,Scenario36,gen_curtailment,69:68,0.0
Stage2,Scenario36,gen_curtailment,69:69,0.0
Stage2,Scenario36,gen_curtailment,69:92,0.0
Stage2,Scenario36,gen_curtailment,69:93,0.0
Stage2,Scenario36,gen_curtailment,69:94,0.0
Stage2,Scenario36,gen_curtailment,69:95,0.0
Stage2,Scenario36,gen_curtailment,70:70,1.6999999999999984
Stage2,Scenario36,gen_curtailment,70:71,1.6999999999999984
Stage2,Scenario36,gen_curtailment,71:104,0.0
Stage2,Scenario36,gen_curtailment,71:107,0.0
Stage2,Scenario36,gen_curtailment,71:108,0.0
Stage2,Scenario36,load_shed,0,0.0
Stage2,Scenario36,load_shed,1,0.0
Stage2,Scenario36,load_shed,10,0.0
Stage2,Scenario36,load_shed,11,0.0
Stage2,Scenario36,load_shed,12,0.0
Stage2,Scenario36,load_shed,13,0.38999999999999907
Stage2,Scenario36,load_shed,14,0.0
Stage2,Scenario36,load_shed,15,1.0
Stage2,Scenario36,load_shed,16,0.0
Stage2,Scenario36,load_shed,17,0.0
Stage2,Scenario36,load_shed,18,1.144
Stage2,Scenario36,load_shed,19,0.0
Stage2,Scenario36,load_shed,2,1.1849999999999994
Stage2,Scenario36,load_shed,20,0.0
Stage2,Scenario36,load_shed,21,0.0
Stage2,Scenario36,load_shed,22,0.0
Stage2,Scenario36,load_shed,23,0.0
Stage2,Scenario36,load_shed,24,0.0
Stage2,Scenario36,load_shed,25,0.4100000000000011
Stage2,Scenario36,load_shed,26,1.8
Stage2,Scenario36,load_shed,27,0.0
Stage2,Scenario36,load_shed,28,0.71
Stage2,Scenario36,load_shed,29,0.0
Stage2,Scenario36,load_shed,3,0.472
Stage2,Scenario36,load_shed,30,0.1499999999999999
Stage2,Scenario36,load_shed,31,1.71
Stage2,Scenario36,load_shed,32,1.75
Stage2,Scenario36,load_shed,33,0.69
Stage2,Scenario36,load_shed,34,0.0
Stage2,Scenario36,load_shed,35,0.0
Stage2,Scenario36,load_shed,36,0.0
Stage2,Scenario36,load_shed,37,1.9400000000000002
Stage2,Scenario36,load_shed,38,0.0
Stage2,Scenario36,load_shed,39,0.0
Stage2,Scenario36,load_shed,4,0.71
Stage2,Scenario36,load_shed,40,0.0
Stage2,Scenario36,load_shed,41,0.0
Stage2,Scenario36,load_shed,42,1.8099999999999998
Stage2,Scenario36,load_shed,43,1.2799999999999998
Stage2,Scenario36,load_shed,44,0.0
Stage2,Scenario36,load_shed,45,0.0
Stage2,Scenario36,load_shed,46,0.0
Stage2,Scenario36,load_shed,47,0.0
Stage2,Scenario36,load_shed,48,0.0
Stage2,Scenario36,load_shed,49,0.0
Stage2,Scenario36,load_shed,5,1.36
Stage2,Scenario36,load_shed,50,0.0
Stage2,Scenario36,load_shed,51,0.0
Stage2,Scenario36,load_shed,52,0.71
Stage2,Scenario36,load_shed,53,1.36
Stage2,Scenario36,load_shed,54,0.1499999999999999
Stage2,Scenario36,load_shed,55,0.7009999999999998
Stage2,Scenario36,load_shed,56,0.4769999999999997
Stage2,Scenario36,load_shed,57,0.9169999999999998
Stage2,Scenario36,load_shed,58,0.0
Stage2,Scenario36,load_shed,59,0.0
Stage2,Scenario36,load_shed,6,0.0
Stage2,Scenario36,load_shed,60,0.0
Stage2,Scenario36,load_shed,61,0.0
Stage2,Scenario36,load_shed,62,0.0
Stage2,Scenario36,load_shed,63,0.0
Stage2,Scenario36,load_shed,64,0.0
Stage2,Scenario36,load_shed,65,0.0
Stage2,Scenario36,load_shed,66,0.0
Stage2,Scenario36,load_shed,67,0.0
Stage2,Scenario36,load_shed,68,0.0
Stage2,Scenario36,load_shed,69,0.0
Stage2,Scenario36,load_shed,7,0.0
Stage2,Scenario36,load_shed,70,0.0
Stage2,Scenario36,load_shed,71,0.0
Stage2,Scenario36,load_shed,72,0.0
Stage2,Scenario36,load_shed,8,1.75
Stage2,Scenario36,load_shed,9,1.95
Stage2,Scenario36,load_shed_value,None,26.525999999999996
Stage2,Scenario36,nu,None,0.0
Stage2,Scenario36,theta,0,-6.283185307179585
Stage2,Scenario36,theta,1,-6.283185307179586
Stage2,Scenario36,theta,10,-6.283185307179586
Stage2,Scenario36,theta,11,6.283185307179586
Stage2,Scenario36,theta,12,0.0
Stage2,Scenario36,theta,13,-6.283185307179586
Stage2,Scenario36,theta,14,-6.283185307179586
Stage2,Scenario36,theta,15,-6.191735307179586
Stage2,Scenario36,theta,16,-6.283185307179586
Stage2,Scenario36,theta,17,-6.283185307179586
Stage2,Scenario36,theta,18,-6.283185307179586
Stage2,Scenario36,theta,19,-6.283185307179586
Stage2,Scenario36,theta,2,6.283185307179586
Stage2,Scenario36,theta,20,-6.189105307179586
Stage2,Scenario36,theta,21,6.283185307179586
Stage2,Scenario36,theta,22,-6.269105307180166
Stage2,Scenario36,theta,23,6.283185307179586
Stage2,Scenario36,theta,24,-6.283185307179586
Stage2,Scenario36,theta,25,-6.022065307179586
Stage2,Scenario36,theta,26,6.283185307179586
Stage2,Scenario36,theta,27,-6.283185307179586
Stage2,Scenario36,theta,28,-6.283185307179586
Stage2,Scenario36,theta,29,-6.283185307179586
Stage2,Scenario36,theta,3,6.283185307179586
Stage2,Scenario36,theta,30,-6.283185307179586
Stage2,Scenario36,theta,31,-6.283185307179586
Stage2,Scenario36,theta,32,-6.2062253071795865
Stage2,Scenario36,theta,33,-6.249628107178262
Stage2,Scenario36,theta,34,6.283185307179586
Stage2,Scenario36,theta,35,-6.142200507179586
Stage2,Scenario36,theta,36,-6.283185307179586
Stage2,Scenario36,theta,37,-6.283185307179586
Stage2,Scenario36,theta,38,-6.283185307179586
Stage2,Scenario36,theta,39,-6.283185307179586
Stage2,Scenario36,theta,4,-6.283185307179586
Stage2,Scenario36,theta,40,-6.283185307179586
Stage2,Scenario36,theta,41,-6.283185307179586
Stage2,Scenario36,theta,42,-6.283185307179586
Stage2,Scenario36,theta,43,-6.283185307179586
Stage2,Scenario36,theta,44,6.283185307179586
Stage2,Scenario36,theta,45,6.283185307179586
Stage2,Scenario36,theta,46,-6.283185307179586
Stage2,Scenario36,theta,47,6.283185307179586
Stage2,Scenario36,theta,48,-6.283185307179586
Stage2,Scenario36,theta,49,-6.215875307179586
Stage2,Scenario36,theta,5,-6.283185307179586
Stage2,Scenario36,theta,50,-6.283185307179586
Stage2,Scenario36,theta,51,-6.283185307179586
Stage2,Scenario36,theta,52,-6.283185307179586
Stage2,Scenario36,theta,53,-6.283185307179586
Stage2,Scenario36,theta,54,-6.283185307179586
Stage2,Scenario36,theta,55,-6.283185307179586
Stage2,Scenario36,theta,56,-6.261345307179586
Stage2,Scenario36,theta,57,-6.283185307179586
Stage2,Scenario36,theta,58,-6.283185307179586
Stage2,Scenario36,theta,59,-6.283185307179586
Stage2,Scenario36,theta,6,-6.178875307178514
Stage2,Scenario36,theta,60,6.283185307179586
Stage2,Scenario36,theta,61,-6.283185307179586
Stage2,Scenario36,theta,62,-6.283185307179586
Stage2,Scenario36,theta,63,-6.277435307179586
Stage2,Scenario36,theta,64,-6.175399307179586
Stage2,Scenario36,theta,65,-6.184135307179586
Stage2,Scenario36,theta,66,-6.283185307179586
Stage2,Scenario36,theta,67,-6.063185307180742
Stage2,Scenario36,theta,68,-6.189595307179586
Stage2,Scenario36,theta,69,-6.1291993071795865
Stage2,Scenario36,theta,7,-6.283185307179586
Stage2,Scenario36,theta,70,-6.283185307179586
Stage2,Scenario36,theta,71,6.283185307179586
Stage2,Scenario36,theta,72,0.0
Stage2,Scenario36,theta,8,6.283185307179586
Stage2,Scenario36,theta,9,-6.283185307179586
Stage2,Scenario36,xij,0,0.0
Stage2,Scenario36,xij,1,0.0
Stage2,Scenario36,xij,10,1.0
Stage2,Scenario36,xij,100,0.0
Stage2,Scenario36,xij,101,0.0
Stage2,Scenario36,xij,102,0.0
Stage2,Scenario36,xij,103,0.0
Stage2,Scenario36,xij,104,1.0
Stage2,Scenario36,xij,105,0.0
Stage2,Scenario36,xij,106,0.0
Stage2,Scenario36,xij,107,1.0
Stage2,Scenario36,xij,108,1.0
Stage2,Scenario36,xij,109,1.0
Stage2,Scenario36,xij,11,0.0
Stage2,Scenario36,xij,110,0.0
Stage2,Scenario36,xij,111,1.0
Stage2,Scenario36,xij,112,0.0
Stage2,Scenario36,xij,113,0.0
Stage2,Scenario36,xij,114,0.0
Stage2,Scenario36,xij,115,0.0
Stage2,Scenario36,xij,116,0.0
Stage2,Scenario36,xij,117,0.0
Stage2,Scenario36,xij,118,0.0
Stage2,Scenario36,xij,119,0.0
Stage2,Scenario36,xij,12,0.0
Stage2,Scenario36,xij,13,0.0
Stage2,Scenario36,xij,14,0.0
Stage2,Scenario36,xij,15,0.0
Stage2,Scenario36,xij,16,1.0
Stage2,Scenario36,xij,17,0.0
Stage2,Scenario36,xij,18,0.0
Stage2,Scenario36,xij,19,0.0
Stage2,Scenario36,xij,2,0.0
Stage2,Scenario36,xij,20,0.0
Stage2,Scenario36,xij,21,0.0
Stage2,Scenario36,xij,22,0.0
Stage2,Scenario36,xij,23,0.0
Stage2,Scenario36,xij,24,1.0
Stage2,Scenario36,xij,25,0.0
Stage2,Scenario36,xij,26,1.0
Stage2,Scenario36,xij,27,0.0
Stage2,Scenario36,xij,28,0.0
Stage2,Scenario36,xij,29,0.0
Stage2,Scenario36,xij,3,0.0
Stage2,Scenario36,xij,30,0.0
Stage2,Scenario36,xij,31,0.0
Stage2,Scenario36,xij,32,0.0
Stage2,Scenario36,xij,33,0.0
Stage2,Scenario36,xij,34,0.0
Stage2,Scenario36,xij,35,0.0
Stage2,Scenario36,xij,36,0.0
Stage2,Scenario36,xij,37,1.0
Stage2,Scenario36,xij,38,1.0
Stage2,Scenario36,xij,39,0.0
Stage2,Scenario36,xij,4,0.0
Stage2,Scenario36,xij,40,0.0
Stage2,Scenario36,xij,41,0.0
Stage2,Scenario36,xij,42,0.0
Stage2,Scenario36,xij,43,0.0
Stage2,Scenario36,xij,44,0.0
Stage2,Scenario36,xij,45,1.0
Stage2,Scenario36,xij,46,0.0
Stage2,Scenario36,xij,47,0.0
Stage2,Scenario36,xij,48,1.0
Stage2,Scenario36,xij,49,0.0
Stage2,Scenario36,xij,5,0.0
Stage2,Scenario36,xij,50,0.0
Stage2,Scenario36,xij,51,0.0
Stage2,Scenario36,xij,52,0.0
Stage2,Scenario36,xij,53,0.0
Stage2,Scenario36,xij,54,0.0
Stage2,Scenario36,xij,55,1.0
Stage2,Scenario36,xij,56,0.0
Stage2,Scenario36,xij,57,1.0
Stage2,Scenario36,xij,58,0.0
Stage2,Scenario36,xij,59,0.0
Stage2,Scenario36,xij,6,0.0
Stage2,Scenario36,xij,60,0.0
Stage2,Scenario36,xij,61,0.0
Stage2,Scenario36,xij,62,0.0
Stage2,Scenario36,xij,63,0.0
Stage2,Scenario36,xij,64,0.0
Stage2,Scenario36,xij,65,0.0
Stage2,Scenario36,xij,66,0.0
Stage2,Scenario36,xij,67,0.0
Stage2,Scenario36,xij,68,0.0
Stage2,Scenario36,xij,69,0.0
Stage2,Scenario36,xij,7,0.0
Stage2,Scenario36,xij,70,0.0
Stage2,Scenario36,xij,71,0.0
Stage2,Scenario36,xij,72,0.0
Stage2,Scenario36,xij,73,0.0
Stage2,Scenario36,xij,74,0.0
Stage2,Scenario36,xij,75,0.0
Stage2,Scenario36,xij,76,0.0
Stage2,Scenario36,xij,77,0.0
Stage2,Scenario36,xij,78,0.0
Stage2,Scenario36,xij,79,0.0
Stage2,Scenario36,xij,8,0.0
Stage2,Scenario36,xij,80,0.0
Stage2,Scenario36,xij,81,0.0
Stage2,Scenario36,xij,82,1.0
Stage2,Scenario36,xij,83,0.0
Stage2,Scenario36,xij,84,0.0
Stage2,Scenario36,xij,85,0.0
Stage2,Scenario36,xij,86,1.0
Stage2,Scenario36,xij,87,0.0
Stage2,Scenario36,xij,88,0.0
Stage2,Scenario36,xij,89,0.0
Stage2,Scenario36,xij,9,0.0
Stage2,Scenario36,xij,90,0.0
Stage2,Scenario36,xij,91,0.0
Stage2,Scenario36,xij,92,0.0
Stage2,Scenario36,xij,93,0.0
Stage2,Scenario36,xij,94,0.0
Stage2,Scenario36,xij,95,0.0
Stage2,Scenario36,xij,96,0.0
Stage2,Scenario36,xij,97,1.0
Stage2,Scenario36,xij,98,0.0
Stage2,Scenario36,xij,99,0.0
Stage2,Scenario37,Pij,0,0.0
Stage2,Scenario37,Pij,1,0.0
Stage2,Scenario37,Pij,10,2.3
Stage2,Scenario37,Pij,100,0.0
Stage2,Scenario37,Pij,101,0.0
Stage2,Scenario37,Pij,102,0.0
Stage2,Scenario37,Pij,103,-2.1139999999999985
Stage2,Scenario37,Pij,104,0.0
Stage2,Scenario37,Pij,105,0.0
Stage2,Scenario37,Pij,106,0.0
Stage2,Scenario37,Pij,107,0.0
Stage2,Scenario37,Pij,108,0.0
Stage2,Scenario37,Pij,109,0.0
Stage2,Scenario37,Pij,11,0.0
Stage2,Scenario37,Pij,110,0.0
Stage2,Scenario37,Pij,111,0.0
Stage2,Scenario37,Pij,112,0.0
Stage2,Scenario37,Pij,113,0.0
Stage2,Scenario37,Pij,114,0.0
Stage2,Scenario37,Pij,115,0.0
Stage2,Scenario37,Pij,116,0.0
Stage2,Scenario37,Pij,117,0.0
Stage2,Scenario37,Pij,118,0.0
Stage2,Scenario37,Pij,119,0.0
Stage2,Scenario37,Pij,12,1.7499999999999998
Stage2,Scenario37,Pij,13,0.0
Stage2,Scenario37,Pij,14,0.0
Stage2,Scenario37,Pij,15,0.0
Stage2,Scenario37,Pij,16,0.0
Stage2,Scenario37,Pij,17,0.0
Stage2,Scenario37,Pij,18,0.0
Stage2,Scenario37,Pij,19,0.0
Stage2,Scenario37,Pij,2,0.0
Stage2,Scenario37,Pij,20,0.0
Stage2,Scenario37,Pij,21,0.0
Stage2,Scenario37,Pij,22,-2.389999999999997
Stage2,Scenario37,Pij,23,2.730000000000002
Stage2,Scenario37,Pij,24,0.0
Stage2,Scenario37,Pij,25,0.0
Stage2,Scenario37,Pij,26,0.0
Stage2,Scenario37,Pij,27,0.0
Stage2,Scenario37,Pij,28,0.0
Stage2,Scenario37,Pij,29,0.0
Stage2,Scenario37,Pij,3,0.0
Stage2,Scenario37,Pij,30,0.0
Stage2,Scenario37,Pij,31,0.0
Stage2,Scenario37,Pij,32,0.0
Stage2,Scenario37,Pij,33,0.0
Stage2,Scenario37,Pij,34,0.0
Stage2,Scenario37,Pij,35,0.0
Stage2,Scenario37,Pij,36,0.0
Stage2,Scenario37,Pij,37,0.0
Stage2,Scenario37,Pij,38,-1.28
Stage2,Scenario37,Pij,39,0.0
Stage2,Scenario37,Pij,4,0.0
Stage2,Scenario37,Pij,40,0.0
Stage2,Scenario37,Pij,41,0.0
Stage2,Scenario37,Pij,42,0.0
Stage2,Scenario37,Pij,43,0.0
Stage2,Scenario37,Pij,44,0.0
Stage2,Scenario37,Pij,45,0.0
Stage2,Scenario37,Pij,46,0.0
Stage2,Scenario37,Pij,47,0.0
Stage2,Scenario37,Pij,48,0.0
Stage2,Scenario37,Pij,49,0.0
Stage2,Scenario37,Pij,5,0.0
Stage2,Scenario37,Pij,50,0.0
Stage2,Scenario37,Pij,51,0.0
Stage2,Scenario37,Pij,52,0.0
Stage2,Scenario37,Pij,53,0.0
Stage2,Scenario37,Pij,54,0.0
Stage2,Scenario37,Pij,55,0.0
Stage2,Scenario37,Pij,56,0.0
Stage2,Scenario37,Pij,57,-1.95
Stage2,Scenario37,Pij,58,0.0
Stage2,Scenario37,Pij,59,0.0
Stage2,Scenario37,Pij,6,0.0
Stage2,Scenario37,Pij,60,0.0
Stage2,Scenario37,Pij,61,0.0
Stage2,Scenario37,Pij,62,0.0
Stage2,Scenario37,Pij,63,-1.5500000000000007
Stage2,Scenario37,Pij,64,0.0
Stage2,Scenario37,Pij,65,0.0
Stage2,Scenario37,Pij,66,0.0
Stage2,Scenario37,Pij,67,0.0
Stage2,Scenario37,Pij,68,0.0
Stage2,Scenario37,Pij,69,0.0
Stage2,Scenario37,Pij,7,0.0
Stage2,Scenario37,Pij,70,0.0
Stage2,Scenario37,Pij,71,0.0
Stage2,Scenario37,Pij,72,0.0
Stage2,Scenario37,Pij,73,0.0
Stage2,Scenario37,Pij,74,0.0
Stage2,Scenario37,Pij,75,0.0
Stage2,Scenario37,Pij,76,0.0
Stage2,Scenario37,Pij,77,0.0
Stage2,Scenario37,Pij,78,0.0
Stage2,Scenario37,Pij,79,0.0
Stage2,Scenario37,Pij,8,0.0
Stage2,Scenario37,Pij,80,0.0
Stage2,Scenario37,Pij,81,0.0
Stage2,Scenario37,Pij,82,0.0
Stage2,Scenario37,Pij,83,0.0
Stage2,Scenario37,Pij,84,0.0
Stage2,Scenario37,Pij,85,0.0
Stage2,Scenario37,Pij,86,0.0
Stage2,Scenario37,Pij,87,0.0
Stage2,Scenario37,Pij,88,0.0
Stage2,Scenario37,Pij,89,0.0
Stage2,Scenario37,Pij,9,0.0
Stage2,Scenario37,Pij,90,0.0
Stage2,Scenario37,Pij,91,0.0
Stage2,Scenario37,Pij,92,0.0
Stage2,Scenario37,Pij,93,0.0
Stage2,Scenario37,Pij,94,0.0
Stage2,Scenario37,Pij,95,0.0
Stage2,Scenario37,Pij,96,0.0
Stage2,Scenario37,Pij,97,0.0
Stage2,Scenario37,Pij,98,0.0
Stage2,Scenario37,Pij,99,0.0
Stage2,Scenario37,bus_gen,0:0,0.07999999999999834
Stage2,Scenario37,bus_gen,0:1,0.07999999999999834
Stage2,Scenario37,bus_gen,0:113,0.0
Stage2,Scenario37,bus_gen,0:117,0.0
Stage2,Scenario37,bus_gen,0:118,0.0
Stage2,Scenario37,bus_gen,0:119,0.0
Stage2,Scenario37,bus_gen,0:2,0.56
Stage2,Scenario37,bus_gen,0:3,0.56
Stage2,Scenario37,bus_gen,1:112,0.0
Stage2,Scenario37,bus_gen,1:114,0.0
Stage2,Scenario37,bus_gen,1:4,0.0799999999999983
Stage2,Scenario37,bus_gen,1:5,0.0799999999999983
Stage2,Scenario37,bus_gen,1:6,0.56
Stage2,Scenario37,bus_gen,1:7,0.56
Stage2,Scenario37,bus_gen,12:10,0.55
Stage2,Scenario37,bus_gen,12:109,0.7900000000000055
Stage2,Scenario37,bus_gen,12:11,0.55
Stage2,Scenario37,bus_gen,12:12,0.55
Stage2,Scenario37,bus_gen,12:9,0.55
Stage2,Scenario37,bus_gen,13:72,0.0
Stage2,Scenario37,bus_gen,14:13,0.1200000000000011
Stage2,Scenario37,bus_gen,14:14,0.1200000000000011
Stage2,Scenario37,bus_gen,14:15,1.55
Stage2,Scenario37,bus_gen,15:16,1.2500000000000002
Stage2,Scenario37,bus_gen,17:141,0.09300000000000001
Stage2,Scenario37,bus_gen,17:142,0.09699999999999999
Stage2,Scenario37,bus_gen,17:143,0.094
Stage2,Scenario37,bus_gen,17:144,0.091
Stage2,Scenario37,bus_gen,17:145,0.091
Stage2,Scenario37,bus_gen,17:146,0.09699999999999999
Stage2,Scenario37,bus_gen,17:148,0.11800000000000001
Stage2,Scenario37,bus_gen,17:149,0.11199999999999999
Stage2,Scenario37,bus_gen,17:150,0.10300000000000001
Stage2,Scenario37,bus_gen,17:151,0.045
Stage2,Scenario37,bus_gen,17:17,2.3890000000000002
Stage2,Scenario37,bus_gen,18:121,0.6659999999999999
Stage2,Scenario37,bus_gen,2:120,0.6150000000000007
Stage2,Scenario37,bus_gen,20:73,3.96
Stage2,Scenario37,bus_gen,21:156,0.0
Stage2,Scenario37,bus_gen,21:74,0.0
Stage2,Scenario37,bus_gen,21:75,0.0
Stage2,Scenario37,bus_gen,21:76,0.0
Stage2,Scenario37,bus_gen,21:77,0.0
Stage2,Scenario37,bus_gen,21:78,0.0
Stage2,Scenario37,bus_gen,21:79,0.0
Stage2,Scenario37,bus_gen,22:18,0.6199999999999983
Stage2,Scenario37,bus_gen,22:19,1.3999999999999986
Stage2,Scenario37,bus_gen,22:20,0.55
Stage2,Scenario37,bus_gen,22:21,0.55
Stage2,Scenario37,bus_gen,22:22,0.55
Stage2,Scenario37,bus_gen,24:23,0.20000000000000004
Stage2,Scenario37,bus_gen,24:24,0.20000000000000004
Stage2,Scenario37,bus_gen,24:25,0.56
Stage2,Scenario37,bus_gen,24:80,0.11999999999999998
Stage2,Scenario37,bus_gen,25:26,0.0799999999999983
Stage2,Scenario37,bus_gen,25:27,0.0799999999999983
Stage2,Scenario37,bus_gen,25:28,0.5600000000000003
Stage2,Scenario37,bus_gen,25:29,0.5600000000000003
Stage2,Scenario37,bus_gen,3:115,0.268
Stage2,Scenario37,bus_gen,30:30,0.55
Stage2,Scenario37,bus_gen,30:31,0.55
Stage2,Scenario37,bus_gen,35:116,1.95
Stage2,Scenario37,bus_gen,36:152,0.0
Stage2,Scenario37,bus_gen,36:32,3.136
Stage2,Scenario37,bus_gen,36:33,0.2199999999999989
Stage2,Scenario37,bus_gen,36:34,0.2199999999999989
Stage2,Scenario37,bus_gen,37:81,0.0
Stage2,Scenario37,bus_gen,38:111,0.0
Stage2,Scenario37,bus_gen,38:35,0.2199999999999989
Stage2,Scenario37,bus_gen,38:36,0.2199999999999989
Stage2,Scenario37,bus_gen,38:82,0.0
Stage2,Scenario37,bus_gen,38:83,0.0
Stage2,Scenario37,bus_gen,38:84,0.0
Stage2,Scenario37,bus_gen,39:37,1.5500000000000007
Stage2,Scenario37,bus_gen,41:38,3.33
Stage2,Scenario37,bus_gen,44:39,1.6999999999999984
Stage2,Scenario37,bus_gen,45:85,0.0
Stage2,Scenario37,bus_gen,45:86,0.0
Stage2,Scenario37,bus_gen,45:87,0.0
Stage2,Scenario37,bus_gen,45:88,0.0
Stage2,Scenario37,bus_gen,45:89,0.0
Stage2,Scenario37,bus_gen,45:90,0.0
Stage2,Scenario37,bus_gen,46:40,0.6199999999999983
Stage2,Scenario37,bus_gen,46:41,0.6199999999999983
Stage2,Scenario37,bus_gen,46:42,1.3999999999999986
Stage2,Scenario37,bus_gen,46:43,0.2199999999999989
Stage2,Scenario37,bus_gen,46:44,0.2199999999999989
Stage2,Scenario37,bus_gen,46:45,0.2199999999999989
Stage2,Scenario37,bus_gen,48:46,0.20000000000000004
Stage2,Scenario37,bus_gen,48:47,0.20000000000000004
Stage2,Scenario37,bus_gen,48:48,0.34
Stage2,Scenario37,bus_gen,48:49,0.34
Stage2,Scenario37,bus_gen,49:50,0.20000000000000004
Stage2,Scenario37,bus_gen,49:51,0.20000000000000004
Stage2,Scenario37,bus_gen,49:52,0.285
Stage2,Scenario37,bus_gen,49:53,0.285
Stage2,Scenario37,bus_gen,50:155,1.7999999999999998
Stage2,Scenario37,bus_gen,54:54,0.55
Stage2,Scenario37,bus_gen,54:55,0.55
Stage2,Scenario37,bus_gen,55:122,1.0090000000000001
Stage2,Scenario37,bus_gen,56:153,1.483
Stage2,Scenario37,bus_gen,57:103,0.517
Stage2,Scenario37,bus_gen,57:106,0.5159999999999999
Stage2,Scenario37,bus_gen,59:105,0.0
Stage2,Scenario37,bus_gen,6:8,3.5500000000000007
Stage2,Scenario37,bus_gen,60:102,0.0
Stage2,Scenario37,bus_gen,60:123,0.0
Stage2,Scenario37,bus_gen,60:124,0.0
Stage2,Scenario37,bus_gen,60:125,0.0
Stage2,Scenario37,bus_gen,60:126,0.0
Stage2,Scenario37,bus_gen,60:127,0.0
Stage2,Scenario37,bus_gen,60:128,0.0
Stage2,Scenario37,bus_gen,60:129,0.0
Stage2,Scenario37,bus_gen,60:130,0.0
Stage2,Scenario37,bus_gen,60:131,0.0
Stage2,Scenario37,bus_gen,60:132,0.0
Stage2,Scenario37,bus_gen,60:133,0.0
Stage2,Scenario37,bus_gen,60:134,0.24300000000000146
Stage2,Scenario37,bus_gen,60:138,0.0
Stage2,Scenario37,bus_gen,60:157,0.5
Stage2,Scenario37,bus_gen,60:56,1.9069999999999985
Stage2,Scenario37,bus_gen,60:99,0.0
Stage2,Scenario37,bus_gen,61:100,0.9270000000000002
Stage2,Scenario37,bus_gen,61:101,0.49699999999999983
Stage2,Scenario37,bus_gen,61:91,0.0
Stage2,Scenario37,bus_gen,61:97,0.516
Stage2,Scenario37,bus_gen,61:98,0.0
Stage2,Scenario37,bus_gen,62:57,0.07920000000000096
Stage2,Scenario37,bus_gen,62:58,0.07920000000000096
Stage2,Scenario37,bus_gen,62:59,0.07920000000000096
Stage2,Scenario37,bus_gen,62:60,0.07920000000000096
Stage2,Scenario37,bus_gen,62:61,0.07920000000000096
Stage2,Scenario37,bus_gen,62:62,0.2199999999999989
Stage2,Scenario37,bus_gen,62:63,0.2199999999999989
Stage2,Scenario37,bus_gen,62:64,0.2199999999999989
Stage2,Scenario37,bus_gen,63:65,1.2500000000000002
Stage2,Scenario37,bus_gen,64:154,0.0
Stage2,Scenario37,bus_gen,65:66,3.33
Stage2,Scenario37,bus_gen,66:110,1.81
Stage2,Scenario37,bus_gen,67:135,0.273
Stage2,Scenario37,bus_gen,67:136,0.27
Stage2,Scenario37,bus_gen,67:137,0.28300000000000003
Stage2,Scenario37,bus_gen,67:139,0.172
Stage2,Scenario37,bus_gen,67:140,0.282
Stage2,Scenario37,bus_gen,67:147,0.0
Stage2,Scenario37,bus_gen,67:96,0.0
Stage2,Scenario37,bus_gen,68:67,2.1139999999999985
Stage2,Scenario37,bus_gen,69:68,0.2199999999999989
Stage2,Scenario37,bus_gen,69:69,0.2199999999999989
Stage2,Scenario37,bus_gen,69:92,0.0
Stage2,Scenario37,bus_gen,69:93,0.0
Stage2,Scenario37,bus_gen,69:94,0.0
Stage2,Scenario37,bus_gen,69:95,0.0
Stage2,Scenario37,bus_gen,70:70,1.6999999999999984
Stage2,Scenario37,bus_gen,70:71,1.6999999999999984
Stage2,Scenario37,bus_gen,71:104,0.0
Stage2,Scenario37,bus_gen,71:107,0.0
Stage2,Scenario37,bus_gen,71:108,0.0
Stage2,Scenario37,cvar,None,55.30000000000016
Stage2,Scenario37,gen_curtailment,0:0,0.07999999999999834
Stage2,Scenario37,gen_curtailment,0:1,0.07999999999999834
Stage2,Scenario37,gen_curtailment,0:113,0.0
Stage2,Scenario37,gen_curtailment,0:117,0.0
Stage2,Scenario37,gen_curtailment,0:118,0.0
Stage2,Scenario37,gen_curtailment,0:119,0.0
Stage2,Scenario37,gen_curtailment,0:2,0.020000000000000018
Stage2,Scenario37,gen_curtailment,0:3,0.020000000000000018
Stage2,Scenario37,gen_curtailment,1:112,0.0
Stage2,Scenario37,gen_curtailment,1:114,0.0
Stage2,Scenario37,gen_curtailment,1:4,0.0
Stage2,Scenario37,gen_curtailment,1:5,0.0
Stage2,Scenario37,gen_curtailment,1:6,0.15499999999999836
Stage2,Scenario37,gen_curtailment,1:7,0.15499999999999836
Stage2,Scenario37,gen_curtailment,12:10,0.0
Stage2,Scenario37,gen_curtailment,12:109,0.0
Stage2,Scenario37,gen_curtailment,12:11,0.0
Stage2,Scenario37,gen_curtailment,12:12,0.0
Stage2,Scenario37,gen_curtailment,12:9,0.0
Stage2,Scenario37,gen_curtailment,13:72,0.0
Stage2,Scenario37,gen_curtailment,14:13,0.0
Stage2,Scenario37,gen_curtailment,14:14,0.0
Stage2,Scenario37,gen_curtailment,14:15,0.0
Stage2,Scenario37,gen_curtailment,15:16,0.2500000000000002
Stage2,Scenario37,gen_curtailment,17:141,0.0
Stage2,Scenario37,gen_curtailment,17:142,0.0
Stage2,Scenario37,gen_curtailment,17:143,0.0
Stage2,Scenario37,gen_curtailment,17:144,0.0
Stage2,Scenario37,gen_curtailment,17:145,0.0
Stage2,Scenario37,gen_curtailment,17:146,0.0
Stage2,Scenario37,gen_curtailment,17:148,0.0
Stage2,Scenario37,gen_curtailment,17:149,0.0
Stage2,Scenario37,gen_curtailment,17:150,0.0
Stage2,Scenario37,gen_curtailment,17:151,0.0
Stage2,Scenario37,gen_curtailment,17:17,0.0
Stage2,Scenario37,gen_curtailment,18:121,0.0
Stage2,Scenario37,gen_curtailment,2:120,0.0
Stage2,Scenario37,gen_curtailment,20:73,3.96
Stage2,Scenario37,gen_curtailment,21:156,0.0
Stage2,Scenario37,gen_curtailment,21:74,0.0
Stage2,Scenario37,gen_curtailment,21:75,0.0
Stage2,Scenario37,gen_curtailment,21:76,0.0
Stage2,Scenario37,gen_curtailment,21:77,0.0
Stage2,Scenario37,gen_curtailment,21:78,0.0
Stage2,Scenario37,gen_curtailment,21:79,0.0
Stage2,Scenario37,gen_curtailment,22:18,0.0
Stage2,Scenario37,gen_curtailment,22:19,0.0
Stage2,Scenario37,gen_curtailment,22:20,0.0
Stage2,Scenario37,gen_curtailment,22:21,0.0
Stage2,Scenario37,gen_curtailment,22:22,0.0
Stage2,Scenario37,gen_curtailment,24:23,0.0
Stage2,Scenario37,gen_curtailment,24:24,0.0
Stage2,Scenario37,gen_curtailment,24:25,0.0
Stage2,Scenario37,gen_curtailment,24:80,0.0
Stage2,Scenario37,gen_curtailment,25:26,0.0
Stage2,Scenario37,gen_curtailment,25:27,0.0
Stage2,Scenario37,gen_curtailment,25:28,0.15499999999999856
Stage2,Scenario37,gen_curtailment,25:29,0.15499999999999856
Stage2,Scenario37,gen_curtailment,3:115,0.0
Stage2,Scenario37,gen_curtailment,30:30,0.0
Stage2,Scenario37,gen_curtailment,30:31,0.0
Stage2,Scenario37,gen_curtailment,35:116,0.0
Stage2,Scenario37,gen_curtailment,36:152,0.0
Stage2,Scenario37,gen_curtailment,36:32,0.925999999999998
Stage2,Scenario37,gen_curtailment,36:33,0.0
Stage2,Scenario37,gen_curtailment,36:34,0.0
Stage2,Scenario37,gen_curtailment,37:81,0.0
Stage2,Scenario37,gen_curtailment,38:111,0.0
Stage2,Scenario37,gen_curtailment,38:35,0.0
Stage2,Scenario37,gen_curtailment,38:36,0.0
Stage2,Scenario37,gen_curtailment,38:82,0.0
Stage2,Scenario37,gen_curtailment,38:83,0.0
Stage2,Scenario37,gen_curtailment,38:84,0.0
Stage2,Scenario37,gen_curtailment,39:37,0.0
Stage2,Scenario37,gen_curtailment,41:38,0.0
Stage2,Scenario37,gen_curtailment,44:39,1.6999999999999984
Stage2,Scenario37,gen_curtailment,45:85,0.0
Stage2,Scenario37,gen_curtailment,45:86,0.0
Stage2,Scenario37,gen_curtailment,45:87,0.0
Stage2,Scenario37,gen_curtailment,45:88,0.0
Stage2,Scenario37,gen_curtailment,45:89,0.0
Stage2,Scenario37,gen_curtailment,45:90,0.0
Stage2,Scenario37,gen_curtailment,46:40,0.6199999999999981
Stage2,Scenario37,gen_curtailment,46:41,0.6199999999999981
Stage2,Scenario37,gen_curtailment,46:42,1.3999999999999986
Stage2,Scenario37,gen_curtailment,46:43,0.219999999999999
Stage2,Scenario37,gen_curtailment,46:44,0.219999999999999
Stage2,Scenario37,gen_curtailment,46:45,0.219999999999999
Stage2,Scenario37,gen_curtailment,48:46,0.0
Stage2,Scenario37,gen_curtailment,48:47,0.0
Stage2,Scenario37,gen_curtailment,48:48,0.0
Stage2,Scenario37,gen_curtailment,48:49,0.0
Stage2,Scenario37,gen_curtailment,49:50,0.0
Stage2,Scenario37,gen_curtailment,49:51,0.0
Stage2,Scenario37,gen_curtailment,49:52,0.0
Stage2,Scenario37,gen_curtailment,49:53,0.0
Stage2,Scenario37,gen_curtailment,50:155,0.0
Stage2,Scenario37,gen_curtailment,54:54,0.0
Stage2,Scenario37,gen_curtailment,54:55,0.0
Stage2,Scenario37,gen_curtailment,55:122,0.0
Stage2,Scenario37,gen_curtailment,56:153,0.0
Stage2,Scenario37,gen_curtailment,57:103,0.0
Stage2,Scenario37,gen_curtailment,57:106,0.0
Stage2,Scenario37,gen_curtailment,59:105,0.0
Stage2,Scenario37,gen_curtailment,6:8,8.881784197001252e-16
Stage2,Scenario37,gen_curtailment,60:102,0.0
Stage2,Scenario37,gen_curtailment,60:123,0.0
Stage2,Scenario37,gen_curtailment,60:124,0.0
Stage2,Scenario37,gen_curtailment,60:125,0.0
Stage2,Scenario37,gen_curtailment,60:126,0.0
Stage2,Scenario37,gen_curtailment,60:127,0.0
Stage2,Scenario37,gen_curtailment,60:128,0.0
Stage2,Scenario37,gen_curtailment,60:129,0.0
Stage2,Scenario37,gen_curtailment,60:130,0.0
Stage2,Scenario37,gen_curtailment,60:131,0.0
Stage2,Scenario37,gen_curtailment,60:132,0.0
Stage2,Scenario37,gen_curtailment,60:133,0.0
Stage2,Scenario37,gen_curtailment,60:134,0.0
Stage2,Scenario37,gen_curtailment,60:138,0.0
Stage2,Scenario37,gen_curtailment,60:157,0.0
Stage2,Scenario37,gen_curtailment,60:56,0.0
Stage2,Scenario37,gen_curtailment,60:99,0.0
Stage2,Scenario37,gen_curtailment,61:100,0.0
Stage2,Scenario37,gen_curtailment,61:101,0.0
Stage2,Scenario37,gen_curtailment,61:91,0.0
Stage2,Scenario37,gen_curtailment,61:97,0.0
Stage2,Scenario37,gen_curtailment,61:98,0.0
Stage2,Scenario37,gen_curtailment,62:57,0.0
Stage2,Scenario37,gen_curtailment,62:58,0.0
Stage2,Scenario37,gen_curtailment,62:59,0.0
Stage2,Scenario37,gen_curtailment,62:60,0.0
Stage2,Scenario37,gen_curtailment,62:61,0.0
Stage2,Scenario37,gen_curtailment,62:62,0.0
Stage2,Scenario37,gen_curtailment,62:63,0.0
Stage2,Scenario37,gen_curtailment,62:64,0.0
Stage2,Scenario37,gen_curtailment,63:65,0.2500000000000002
Stage2,Scenario37,gen_curtailment,64:154,0.0
Stage2,Scenario37,gen_curtailment,65:66,0.0
Stage2,Scenario37,gen_curtailment,66:110,0.0
Stage2,Scenario37,gen_curtailment,67:135,0.0
Stage2,Scenario37,gen_curtailment,67:136,0.0
Stage2,Scenario37,gen_curtailment,67:137,0.0
Stage2,Scenario37,gen_curtailment,67:139,0.0
Stage2,Scenario37,gen_curtailment,67:140,0.0
Stage2,Scenario37,gen_curtailment,67:147,0.0
Stage2,Scenario37,gen_curtailment,67:96,0.0
Stage2,Scenario37,gen_curtailment,68:67,0.0
Stage2,Scenario37,gen_curtailment,69:68,0.2199999999999989
Stage2,Scenario37,gen_curtailment,69:69,0.2199999999999989
Stage2,Scenario37,gen_curtailment,69:92,0.0
Stage2,Scenario37,gen_curtailment,69:93,0.0
Stage2,Scenario37,gen_curtailment,69:94,0.0
Stage2,Scenario37,gen_curtailment,69:95,0.0
Stage2,Scenario37,gen_curtailment,70:70,1.6999999999999984
Stage2,Scenario37,gen_curtailment,70:71,1.6999999999999984
Stage2,Scenario37,gen_curtailment,71:104,0.0
Stage2,Scenario37,gen_curtailment,71:107,0.0
Stage2,Scenario37,gen_curtailment,71:108,0.0
Stage2,Scenario37,load_shed,0,0.0
Stage2,Scenario37,load_shed,1,0.0
Stage2,Scenario37,load_shed,10,0.0
Stage2,Scenario37,load_shed,11,0.0
Stage2,Scenario37,load_shed,12,0.0
Stage2,Scenario37,load_shed,13,1.9400000000000002
Stage2,Scenario37,load_shed,14,1.3799999999999977
Stage2,Scenario37,load_shed,15,0.0
Stage2,Scenario37,load_shed,16,0.0
Stage2,Scenario37,load_shed,17,0.0
Stage2,Scenario37,load_shed,18,1.1440000000000001
Stage2,Scenario37,load_shed,19,0.0
Stage2,Scenario37,load_shed,2,1.1849999999999994
Stage2,Scenario37,load_shed,20,0.0
Stage2,Scenario37,load_shed,21,0.0
Stage2,Scenario37,load_shed,22,0.0
Stage2,Scenario37,load_shed,23,0.0
Stage2,Scenario37,load_shed,24,0.0
Stage2,Scenario37,load_shed,25,0.0
Stage2,Scenario37,load_shed,26,1.7999999999999998
Stage2,Scenario37,load_shed,27,0.74
Stage2,Scenario37,load_shed,28,0.7100000000000001
Stage2,Scenario37,load_shed,29,1.36
Stage2,Scenario37,load_shed,3,0.472
Stage2,Scenario37,load_shed,30,0.1499999999999999
Stage2,Scenario37,load_shed,31,1.71
Stage2,Scenario37,load_shed,32,1.7499999999999998
Stage2,Scenario37,load_shed,33,0.0
Stage2,Scenario37,load_shed,34,0.0
Stage2,Scenario37,load_shed,35,0.0
Stage2,Scenario37,load_shed,36,0.0
Stage2,Scenario37,load_shed,37,0.3899999999999992
Stage2,Scenario37,load_shed,38,0.0
Stage2,Scenario37,load_shed,39,1.0
Stage2,Scenario37,load_shed,4,0.71
Stage2,Scenario37,load_shed,40,0.0
Stage2,Scenario37,load_shed,41,0.0
Stage2,Scenario37,load_shed,42,1.8099999999999998
Stage2,Scenario37,load_shed,43,1.2800000000000002
Stage2,Scenario37,load_shed,44,0.0
Stage2,Scenario37,load_shed,45,0.0
Stage2,Scenario37,load_shed,46,0.0
Stage2,Scenario37,load_shed,47,0.0
Stage2,Scenario37,load_shed,48,0.0
Stage2,Scenario37,load_shed,49,0.0
Stage2,Scenario37,load_shed,5,1.36
Stage2,Scenario37,load_shed,50,0.0
Stage2,Scenario37,load_shed,51,0.74
Stage2,Scenario37,load_shed,52,0.7100000000000001
Stage2,Scenario37,load_shed,53,1.36
Stage2,Scenario37,load_shed,54,0.1499999999999999
Stage2,Scenario37,load_shed,55,0.7009999999999998
Stage2,Scenario37,load_shed,56,0.2669999999999999
Stage2,Scenario37,load_shed,57,0.9169999999999999
Stage2,Scenario37,load_shed,58,0.0
Stage2,Scenario37,load_shed,59,0.0
Stage2,Scenario37,load_shed,6,0.0
Stage2,Scenario37,load_shed,60,0.0
Stage2,Scenario37,load_shed,61,0.0
Stage2,Scenario37,load_shed,62,0.0
Stage2,Scenario37,load_shed,63,0.0
Stage2,Scenario37,load_shed,64,0.0
Stage2,Scenario37,load_shed,65,0.0
Stage2,Scenario37,load_shed,66,0.0
Stage2,Scenario37,load_shed,67,0.0
Stage2,Scenario37,load_shed,68,0.0
Stage2,Scenario37,load_shed,69,0.0
Stage2,Scenario37,load_shed,7,1.1600000000000001
Stage2,Scenario37,load_shed,70,0.0
Stage2,Scenario37,load_shed,71,0.0
Stage2,Scenario37,load_shed,72,0.0
Stage2,Scenario37,load_shed,8,0.0
Stage2,Scenario37,load_shed,9,1.95
Stage2,Scenario37,load_shed_value,None,28.845999999999997
Stage2,Scenario37,nu,None,1.392315789473694
Stage2,Scenario37,theta,0,-6.283185307179586
Stage2,Scenario37,theta,1,-6.283185307179586
Stage2,Scenario37,theta,10,6.283185307179586
Stage2,Scenario37,theta,11,0.0
Stage2,Scenario37,theta,12,0.0
Stage2,Scenario37,theta,13,-6.283185307179586
Stage2,Scenario37,theta,14,-6.283185307179586
Stage2,Scenario37,theta,15,-6.283185307179586
Stage2,Scenario37,theta,16,-6.283185307179586
Stage2,Scenario37,theta,17,-6.283185307179586
Stage2,Scenario37,theta,18,-6.283185307179586
Stage2,Scenario37,theta,19,0.17976999999883977
Stage2,Scenario37,theta,2,-6.283185307179586
Stage2,Scenario37,theta,20,6.283185307179586
Stage2,Scenario37,theta,21,6.283185307179586
Stage2,Scenario37,theta,22,0.20792999999999973
Stage2,Scenario37,theta,23,-6.283185307179586
Stage2,Scenario37,theta,24,6.283185307179586
Stage2,Scenario37,theta,25,-6.283185307179586
Stage2,Scenario37,theta,26,6.283185307179586
Stage2,Scenario37,theta,27,-6.283185307179586
Stage2,Scenario37,theta,28,-6.283185307179586
Stage2,Scenario37,theta,29,-6.283185307179586
Stage2,Scenario37,theta,3,6.283185307179586
Stage2,Scenario37,theta,30,-6.283185307179586
Stage2,Scenario37,theta,31,-6.283185307179586
Stage2,Scenario37,theta,32,-6.283185307179586
Stage2,Scenario37,theta,33,-6.283185307179586
Stage2,Scenario37,theta,34,6.283185307179586
Stage2,Scenario37,theta,35,-6.116928307179586
Stage2,Scenario37,theta,36,-6.283185307179586
Stage2,Scenario37,theta,37,-6.283185307179586
Stage2,Scenario37,theta,38,-0.20475000000000013
Stage2,Scenario37,theta,39,-6.191735307179586
Stage2,Scenario37,theta,4,-6.283185307179586
Stage2,Scenario37,theta,40,-6.283185307179586
Stage2,Scenario37,theta,41,-6.283185307179586
Stage2,Scenario37,theta,42,-6.283185307179586
Stage2,Scenario37,theta,43,-6.283185307179586
Stage2,Scenario37,theta,44,6.283185307179586
Stage2,Scenario37,theta,45,-6.283185307179586
Stage2,Scenario37,theta,46,-6.283185307179586
Stage2,Scenario37,theta,47,6.283185307179586
Stage2,Scenario37,theta,48,-6.283185307179586
Stage2,Scenario37,theta,49,-6.283185307179586
Stage2,Scenario37,theta,5,-6.283185307179586
Stage2,Scenario37,theta,50,-6.283185307179586
Stage2,Scenario37,theta,51,-6.283185307179586
Stage2,Scenario37,theta,52,-6.283185307179586
Stage2,Scenario37,theta,53,-6.283185307179586
Stage2,Scenario37,theta,54,-6.283185307179586
Stage2,Scenario37,theta,55,-6.283185307179586
Stage2,Scenario37,theta,56,-6.283185307179586
Stage2,Scenario37,theta,57,-6.283185307179586
Stage2,Scenario37,theta,58,6.283185307179586
Stage2,Scenario37,theta,59,-6.283185307179586
Stage2,Scenario37,theta,6,-5.854135307178513
Stage2,Scenario37,theta,60,6.283185307179586
Stage2,Scenario37,theta,61,6.283185307179586
Stage2,Scenario37,theta,62,-6.283185307179586
Stage2,Scenario37,theta,63,-6.283185307179586
Stage2,Scenario37,theta,64,-6.283185307179586
Stage2,Scenario37,theta,65,-6.283185307179586
Stage2,Scenario37,theta,66,6.283185307179586
Stage2,Scenario37,theta,67,-6.063185307180742
Stage2,Scenario37,theta,68,-6.179599307179586
Stage2,Scenario37,theta,69,6.283185307179586
Stage2,Scenario37,theta,7,-5.994435307179586
Stage2,Scenario37,theta,70,-6.283185307179586
Stage2,Scenario37,theta,71,6.283185307179586
Stage2,Scenario37,theta,72,0.0
Stage2,Scenario37,theta,8,-6.283185307179586
Stage2,Scenario37,theta,9,-6.283185307179586
Stage2,Scenario37,xij,0,0.0
Stage2,Scenario37,xij,1,0.0
Stage2,Scenario37,xij,10,1.0
Stage2,Scenario37,xij,100,0.0
Stage2,Scenario37,xij,101,0.0
Stage2,Scenario37,xij,102,0.0
Stage2,Scenario37,xij,103,1.0
Stage2,Scenario37,xij,104,0.0
Stage2,Scenario37,xij,105,0.0
Stage2,Scenario37,xij,106,0.0
Stage2,Scenario37,xij,107,0.0
Stage2,Scenario37,xij,108,0.0
Stage2,Scenario37,xij,109,0.0
Stage2,Scenario37,xij,11,0.0
Stage2,Scenario37,xij,110,0.0
Stage2,Scenario37,xij,111,0.0
Stage2,Scenario37,xij,112,0.0
Stage2,Scenario37,xij,113,0.0
Stage2,Scenario37,xij,114,0.0
Stage2,Scenario37,xij,115,0.0
Stage2,Scenario37,xij,116,0.0
Stage2,Scenario37,xij,117,0.0
Stage2,Scenario37,xij,118,0.0
Stage2,Scenario37,xij,119,0.0
Stage2,Scenario37,xij,12,1.0
Stage2,Scenario37,xij,13,0.0
Stage2,Scenario37,xij,14,0.0
Stage2,Scenario37,xij,15,0.0
Stage2,Scenario37,xij,16,0.0
Stage2,Scenario37,xij,17,0.0
Stage2,Scenario37,xij,18,0.0
Stage2,Scenario37,xij,19,0.0
Stage2,Scenario37,xij,2,0.0
Stage2,Scenario37,xij,20,1.0
Stage2,Scenario37,xij,21,0.0
Stage2,Scenario37,xij,22,1.0
Stage2,Scenario37,xij,23,1.0
Stage2,Scenario37,xij,24,0.0
Stage2,Scenario37,xij,25,0.0
Stage2,Scenario37,xij,26,0.0
Stage2,Scenario37,xij,27,0.0
Stage2,Scenario37,xij,28,0.0
Stage2,Scenario37,xij,29,0.0
Stage2,Scenario37,xij,3,0.0
Stage2,Scenario37,xij,30,0.0
Stage2,Scenario37,xij,31,0.0
Stage2,Scenario37,xij,32,0.0
Stage2,Scenario37,xij,33,0.0
Stage2,Scenario37,xij,34,0.0
Stage2,Scenario37,xij,35,0.0
Stage2,Scenario37,xij,36,0.0
Stage2,Scenario37,xij,37,0.0
Stage2,Scenario37,xij,38,1.0
Stage2,Scenario37,xij,39,0.0
Stage2,Scenario37,xij,4,0.0
Stage2,Scenario37,xij,40,0.0
Stage2,Scenario37,xij,41,0.0
Stage2,Scenario37,xij,42,0.0
Stage2,Scenario37,xij,43,0.0
Stage2,Scenario37,xij,44,0.0
Stage2,Scenario37,xij,45,0.0
Stage2,Scenario37,xij,46,0.0
Stage2,Scenario37,xij,47,0.0
Stage2,Scenario37,xij,48,0.0
Stage2,Scenario37,xij,49,0.0
Stage2,Scenario37,xij,5,0.0
Stage2,Scenario37,xij,50,0.0
Stage2,Scenario37,xij,51,0.0
Stage2,Scenario37,xij,52,0.0
Stage2,Scenario37,xij,53,0.0
Stage2,Scenario37,xij,54,0.0
Stage2,Scenario37,xij,55,0.0
Stage2,Scenario37,xij,56,0.0
Stage2,Scenario37,xij,57,1.0
Stage2,Scenario37,xij,58,0.0
Stage2,Scenario37,xij,59,0.0
Stage2,Scenario37,xij,6,1.0
Stage2,Scenario37,xij,60,0.0
Stage2,Scenario37,xij,61,0.0
Stage2,Scenario37,xij,62,0.0
Stage2,Scenario37,xij,63,1.0
Stage2,Scenario37,xij,64,0.0
Stage2,Scenario37,xij,65,0.0
Stage2,Scenario37,xij,66,0.0
Stage2,Scenario37,xij,67,0.0
Stage2,Scenario37,xij,68,0.0
Stage2,Scenario37,xij,69,0.0
Stage2,Scenario37,xij,7,0.0
Stage2,Scenario37,xij,70,0.0
Stage2,Scenario37,xij,71,1.0
Stage2,Scenario37,xij,72,0.0
Stage2,Scenario37,xij,73,0.0
Stage2,Scenario37,xij,74,0.0
Stage2,Scenario37,xij,75,0.0
Stage2,Scenario37,xij,76,0.0
Stage2,Scenario37,xij,77,0.0
Stage2,Scenario37,xij,78,0.0
Stage2,Scenario37,xij,79,0.0
Stage2,Scenario37,xij,8,0.0
Stage2,Scenario37,xij,80,0.0
Stage2,Scenario37,xij,81,0.0
Stage2,Scenario37,xij,82,0.0
Stage2,Scenario37,xij,83,0.0
Stage2,Scenario37,xij,84,0.0
Stage2,Scenario37,xij,85,0.0
Stage2,Scenario37,xij,86,0.0
Stage2,Scenario37,xij,87,0.0
Stage2,Scenario37,xij,88,0.0
Stage2,Scenario37,xij,89,0.0
Stage2,Scenario37,xij,9,0.0
Stage2,Scenario37,xij,90,0.0
Stage2,Scenario37,xij,91,0.0
Stage2,Scenario37,xij,92,0.0
Stage2,Scenario37,xij,93,0.0
Stage2,Scenario37,xij,94,0.0
Stage2,Scenario37,xij,95,0.0
Stage2,Scenario37,xij,96,0.0
Stage2,Scenario37,xij,97,0.0
Stage2,Scenario37,xij,98,0.0
Stage2,Scenario37,xij,99,0.0
Stage2,Scenario38,Pij,0,0.0
Stage2,Scenario38,Pij,1,0.0
Stage2,Scenario38,Pij,10,1.7100000000000106
Stage2,Scenario38,Pij,100,0.0
Stage2,Scenario38,Pij,101,0.0
Stage2,Scenario38,Pij,102,0.0
Stage2,Scenario38,Pij,103,0.0
Stage2,Scenario38,Pij,104,0.0
Stage2,Scenario38,Pij,105,0.0
Stage2,Scenario38,Pij,106,0.0
Stage2,Scenario38,Pij,107,0.0
Stage2,Scenario38,Pij,108,0.0
Stage2,Scenario38,Pij,109,0.0
Stage2,Scenario38,Pij,11,0.0
Stage2,Scenario38,Pij,110,0.0
Stage2,Scenario38,Pij,111,0.0
Stage2,Scenario38,Pij,112,0.0
Stage2,Scenario38,Pij,113,0.0
Stage2,Scenario38,Pij,114,0.0
Stage2,Scenario38,Pij,115,0.0
Stage2,Scenario38,Pij,116,0.0
Stage2,Scenario38,Pij,117,0.0
Stage2,Scenario38,Pij,118,0.0
Stage2,Scenario38,Pij,119,0.0
Stage2,Scenario38,Pij,12,0.0
Stage2,Scenario38,Pij,13,0.0
Stage2,Scenario38,Pij,14,0.0
Stage2,Scenario38,Pij,15,0.0
Stage2,Scenario38,Pij,16,0.0
Stage2,Scenario38,Pij,17,0.0
Stage2,Scenario38,Pij,18,0.0
Stage2,Scenario38,Pij,19,0.0
Stage2,Scenario38,Pij,2,0.0
Stage2,Scenario38,Pij,20,0.0
Stage2,Scenario38,Pij,21,0.0
Stage2,Scenario38,Pij,22,0.0
Stage2,Scenario38,Pij,23,0.0
Stage2,Scenario38,Pij,24,0.0
Stage2,Scenario38,Pij,25,0.0
Stage2,Scenario38,Pij,26,0.0
Stage2,Scenario38,Pij,27,0.0
Stage2,Scenario38,Pij,28,0.0
Stage2,Scenario38,Pij,29,0.0
Stage2,Scenario38,Pij,3,1.75
Stage2,Scenario38,Pij,30,0.0
Stage2,Scenario38,Pij,31,0.0
Stage2,Scenario38,Pij,32,0.0
Stage2,Scenario38,Pij,33,0.0
Stage2,Scenario38,Pij,34,0.0
Stage2,Scenario38,Pij,35,0.0
Stage2,Scenario38,Pij,36,0.0
Stage2,Scenario38,Pij,37,0.0
Stage2,Scenario38,Pij,38,-1.2800000000000007
Stage2,Scenario38,Pij,39,0.0
Stage2,Scenario38,Pij,4,0.0
Stage2,Scenario38,Pij,40,0.0
Stage2,Scenario38,Pij,41,0.0
Stage2,Scenario38,Pij,42,0.0
Stage2,Scenario38,Pij,43,0.0
Stage2,Scenario38,Pij,44,0.0
Stage2,Scenario38,Pij,45,0.0
Stage2,Scenario38,Pij,46,0.0
Stage2,Scenario38,Pij,47,0.0
Stage2,Scenario38,Pij,48,0.0
Stage2,Scenario38,Pij,49,0.0
Stage2,Scenario38,Pij,5,0.0
Stage2,Scenario38,Pij,50,-0.050000000000000044
Stage2,Scenario38,Pij,51,0.0
Stage2,Scenario38,Pij,52,0.0
Stage2,Scenario38,Pij,53,0.0
Stage2,Scenario38,Pij,54,0.0
Stage2,Scenario38,Pij,55,0.0
Stage2,Scenario38,Pij,56,0.0
Stage2,Scenario38,Pij,57,-2.0
Stage2,Scenario38,Pij,58,0.0
Stage2,Scenario38,Pij,59,0.0
Stage2,Scenario38,Pij,6,0.0
Stage2,Scenario38,Pij,60,0.0
Stage2,Scenario38,Pij,61,0.0
Stage2,Scenario38,Pij,62,0.0
Stage2,Scenario38,Pij,63,0.0
Stage2,Scenario38,Pij,64,1.5599999999999998
Stage2,Scenario38,Pij,65,-2.1139999999999985
Stage2,Scenario38,Pij,66,0.0
Stage2,Scenario38,Pij,67,0.0
Stage2,Scenario38,Pij,68,0.0
Stage2,Scenario38,Pij,69,1.81
Stage2,Scenario38,Pij,7,1.2779999999999987
Stage2,Scenario38,Pij,70,0.0
Stage2,Scenario38,Pij,71,0.0
Stage2,Scenario38,Pij,72,0.0
Stage2,Scenario38,Pij,73,0.0
Stage2,Scenario38,Pij,74,0.0
Stage2,Scenario38,Pij,75,0.0
Stage2,Scenario38,Pij,76,0.0
Stage2,Scenario38,Pij,77,0.0
Stage2,Scenario38,Pij,78,0.0
Stage2,Scenario38,Pij,79,0.0
Stage2,Scenario38,Pij,8,0.0
Stage2,Scenario38,Pij,80,-0.48000000000000576
Stage2,Scenario38,Pij,81,0.0
Stage2,Scenario38,Pij,82,0.0
Stage2,Scenario38,Pij,83,0.0
Stage2,Scenario38,Pij,84,0.0
Stage2,Scenario38,Pij,85,0.0
Stage2,Scenario38,Pij,86,0.0
Stage2,Scenario38,Pij,87,-0.71
Stage2,Scenario38,Pij,88,0.0
Stage2,Scenario38,Pij,89,0.0
Stage2,Scenario38,Pij,9,0.0
Stage2,Scenario38,Pij,90,0.0
Stage2,Scenario38,Pij,91,0.0
Stage2,Scenario38,Pij,92,0.0
Stage2,Scenario38,Pij,93,0.0
Stage2,Scenario38,Pij,94,0.0
Stage2,Scenario38,Pij,95,0.0
Stage2,Scenario38,Pij,96,0.0
Stage2,Scenario38,Pij,97,0.0
Stage2,Scenario38,Pij,98,0.0
Stage2,Scenario38,Pij,99,0.0
Stage2,Scenario38,bus_gen,0:0,0.0799999999999983
Stage2,Scenario38,bus_gen,0:1,0.0799999999999983
Stage2,Scenario38,bus_gen,0:113,0.0
Stage2,Scenario38,bus_gen,0:117,0.0
Stage2,Scenario38,bus_gen,0:118,0.0
Stage2,Scenario38,bus_gen,0:119,0.0
Stage2,Scenario38,bus_gen,0:2,0.56
Stage2,Scenario38,bus_gen,0:3,0.56
Stage2,Scenario38,bus_gen,1:112,0.256
Stage2,Scenario38,bus_gen,1:114,0.253
Stage2,Scenario38,bus_gen,1:4,0.2
Stage2,Scenario38,bus_gen,1:5,0.2
Stage2,Scenario38,bus_gen,1:6,0.76
Stage2,Scenario38,bus_gen,1:7,0.76
Stage2,Scenario38,bus_gen,12:10,0.4285
Stage2,Scenario38,bus_gen,12:109,0.9359999999999999
Stage2,Scenario38,bus_gen,12:11,0.4285
Stage2,Scenario38,bus_gen,12:12,0.4285
Stage2,Scenario38,bus_gen,12:9,0.4285
Stage2,Scenario38,bus_gen,13:72,0.0
Stage2,Scenario38,bus_gen,14:13,0.12000000000000001
Stage2,Scenario38,bus_gen,14:14,0.12000000000000001
Stage2,Scenario38,bus_gen,14:15,1.55
Stage2,Scenario38,bus_gen,15:16,1.25
Stage2,Scenario38,bus_gen,17:141,0.09300000000000001
Stage2,Scenario38,bus_gen,17:142,0.09699999999999999
Stage2,Scenario38,bus_gen,17:143,0.094
Stage2,Scenario38,bus_gen,17:144,0.091
Stage2,Scenario38,bus_gen,17:145,0.091
Stage2,Scenario38,bus_gen,17:146,0.09699999999999999
Stage2,Scenario38,bus_gen,17:148,0.11800000000000001
Stage2,Scenario38,bus_gen,17:149,0.11199999999999999
Stage2,Scenario38,bus_gen,17:150,0.10300000000000001
Stage2,Scenario38,bus_gen,17:151,0.04500000000000001
Stage2,Scenario38,bus_gen,17:17,2.3890000000000002
Stage2,Scenario38,bus_gen,18:121,0.6659999999999999
Stage2,Scenario38,bus_gen,2:120,0.6150000000000007
Stage2,Scenario38,bus_gen,20:73,3.96
Stage2,Scenario38,bus_gen,21:156,0.0
Stage2,Scenario38,bus_gen,21:74,0.0
Stage2,Scenario38,bus_gen,21:75,0.0
Stage2,Scenario38,bus_gen,21:76,0.0
Stage2,Scenario38,bus_gen,21:77,0.0
Stage2,Scenario38,bus_gen,21:78,0.0
Stage2,Scenario38,bus_gen,21:79,0.0
Stage2,Scenario38,bus_gen,22:18,0.6199999999999983
Stage2,Scenario38,bus_gen,22:19,1.3999999999999986
Stage2,Scenario38,bus_gen,22:20,0.2199999999999989
Stage2,Scenario38,bus_gen,22:21,0.2199999999999989
Stage2,Scenario38,bus_gen,22:22,0.2199999999999989
Stage2,Scenario38,bus_gen,24:23,0.0799999999999983
Stage2,Scenario38,bus_gen,24:24,0.0799999999999983
Stage2,Scenario38,bus_gen,24:25,0.76
Stage2,Scenario38,bus_gen,24:80,0.16000000000000347
Stage2,Scenario38,bus_gen,25:26,0.0799999999999983
Stage2,Scenario38,bus_gen,25:27,0.0799999999999983
Stage2,Scenario38,bus_gen,25:28,0.56
Stage2,Scenario38,bus_gen,25:29,0.56
Stage2,Scenario38,bus_gen,3:115,0.268
Stage2,Scenario38,bus_gen,30:30,0.55
Stage2,Scenario38,bus_gen,30:31,0.55
Stage2,Scenario38,bus_gen,35:116,2.0
Stage2,Scenario38,bus_gen,36:152,0.0
Stage2,Scenario38,bus_gen,36:32,3.136
Stage2,Scenario38,bus_gen,36:33,0.21999999999999886
Stage2,Scenario38,bus_gen,36:34,0.21999999999999886
Stage2,Scenario38,bus_gen,37:81,0.0
Stage2,Scenario38,bus_gen,38:111,1.1760000000000037
Stage2,Scenario38,bus_gen,38:35,0.21999999999999886
Stage2,Scenario38,bus_gen,38:36,0.21999999999999886
Stage2,Scenario38,bus_gen,38:82,0.0
Stage2,Scenario38,bus_gen,38:83,0.5
Stage2,Scenario38,bus_gen,38:84,0.5
Stage2,Scenario38,bus_gen,39:37,1.2500000000000002
Stage2,Scenario38,bus_gen,41:38,3.33
Stage2,Scenario38,bus_gen,44:39,2.1139999999999985
Stage2,Scenario38,bus_gen,45:85,0.0
Stage2,Scenario38,bus_gen,45:86,0.0
Stage2,Scenario38,bus_gen,45:87,0.0
Stage2,Scenario38,bus_gen,45:88,0.0
Stage2,Scenario38,bus_gen,45:89,0.0
Stage2,Scenario38,bus_gen,45:90,0.0
Stage2,Scenario38,bus_gen,46:40,0.6199999999999983
Stage2,Scenario38,bus_gen,46:41,0.6199999999999983
Stage2,Scenario38,bus_gen,46:42,1.3999999999999986
Stage2,Scenario38,bus_gen,46:43,0.21999999999999886
Stage2,Scenario38,bus_gen,46:44,0.21999999999999886
Stage2,Scenario38,bus_gen,46:45,0.21999999999999886
Stage2,Scenario38,bus_gen,48:46,0.0799999999999983
Stage2,Scenario38,bus_gen,48:47,0.0799999999999983
Stage2,Scenario38,bus_gen,48:48,0.21999999999999886
Stage2,Scenario38,bus_gen,48:49,0.21999999999999886
Stage2,Scenario38,bus_gen,49:50,0.2
Stage2,Scenario38,bus_gen,49:51,0.2
Stage2,Scenario38,bus_gen,49:52,0.285
Stage2,Scenario38,bus_gen,49:53,0.285
Stage2,Scenario38,bus_gen,50:155,2.2800000000000056
Stage2,Scenario38,bus_gen,54:54,0.55
Stage2,Scenario38,bus_gen,54:55,0.55
Stage2,Scenario38,bus_gen,55:122,1.0090000000000001
Stage2,Scenario38,bus_gen,56:153,1.483
Stage2,Scenario38,bus_gen,57:103,0.517
Stage2,Scenario38,bus_gen,57:106,0.5159999999999999
Stage2,Scenario38,bus_gen,59:105,0.0
Stage2,Scenario38,bus_gen,6:8,3.136
Stage2,Scenario38,bus_gen,60:102,0.0
Stage2,Scenario38,bus_gen,60:123,0.0
Stage2,Scenario38,bus_gen,60:124,0.0
Stage2,Scenario38,bus_gen,60:125,0.0
Stage2,Scenario38,bus_gen,60:126,0.0
Stage2,Scenario38,bus_gen,60:127,0.0
Stage2,Scenario38,bus_gen,60:128,0.0
Stage2,Scenario38,bus_gen,60:129,0.07700000000000151
Stage2,Scenario38,bus_gen,60:130,0.6659999999999999
Stage2,Scenario38,bus_gen,60:131,0.0
Stage2,Scenario38,bus_gen,60:132,0.0
Stage2,Scenario38,bus_gen,60:133,0.0
Stage2,Scenario38,bus_gen,60:134,0.0
Stage2,Scenario38,bus_gen,60:138,0.0
Stage2,Scenario38,bus_gen,60:157,0.0
Stage2,Scenario38,bus_gen,60:56,1.9069999999999985
Stage2,Scenario38,bus_gen,60:99,0.0
Stage2,Scenario38,bus_gen,61:100,0.927
Stage2,Scenario38,bus_gen,61:101,0.0
Stage2,Scenario38,bus_gen,61:91,0.0
Stage2,Scenario38,bus_gen,61:97,0.4969999999999999
Stage2,Scenario38,bus_gen,61:98,0.516
Stage2,Scenario38,bus_gen,62:57,0.12000000000000001
Stage2,Scenario38,bus_gen,62:58,0.12000000000000001
Stage2,Scenario38,bus_gen,62:59,0.12000000000000001
Stage2,Scenario38,bus_gen,62:60,0.12000000000000001
Stage2,Scenario38,bus_gen,62:61,0.12000000000000001
Stage2,Scenario38,bus_gen,62:62,0.5499999999999999
Stage2,Scenario38,bus_gen,62:63,0.5499999999999999
Stage2,Scenario38,bus_gen,62:64,0.5499999999999999
Stage2,Scenario38,bus_gen,63:65,1.2500000000000002
Stage2,Scenario38,bus_gen,64:154,0.0
Stage2,Scenario38,bus_gen,65:66,3.33
Stage2,Scenario38,bus_gen,66:110,1.81
Stage2,Scenario38,bus_gen,67:135,0.0
Stage2,Scenario38,bus_gen,67:136,0.27
Stage2,Scenario38,bus_gen,67:137,0.0
Stage2,Scenario38,bus_gen,67:139,0.21200000000000002
Stage2,Scenario38,bus_gen,67:140,0.282
Stage2,Scenario38,bus_gen,67:147,0.0
Stage2,Scenario38,bus_gen,67:96,0.516
Stage2,Scenario38,bus_gen,68:67,1.6999999999999984
Stage2,Scenario38,bus_gen,69:68,0.21999999999999886
Stage2,Scenario38,bus_gen,69:69,0.21999999999999886
Stage2,Scenario38,bus_gen,69:92,0.0
Stage2,Scenario38,bus_gen,69:93,0.0
Stage2,Scenario38,bus_gen,69:94,0.0
Stage2,Scenario38,bus_gen,69:95,0.0
Stage2,Scenario38,bus_gen,70:70,1.6999999999999984
Stage2,Scenario38,bus_gen,70:71,1.6999999999999984
Stage2,Scenario38,bus_gen,71:104,0.0
Stage2,Scenario38,bus_gen,71:107,0.0
Stage2,Scenario38,bus_gen,71:108,0.0
Stage2,Scenario38,cvar,None,30.119999999999873
Stage2,Scenario38,gen_curtailment,0:0,0.0799999999999983
Stage2,Scenario38,gen_curtailment,0:1,0.0799999999999983
Stage2,Scenario38,gen_curtailment,0:113,0.0
Stage2,Scenario38,gen_curtailment,0:117,0.0
Stage2,Scenario38,gen_curtailment,0:118,0.0
Stage2,Scenario38,gen_curtailment,0:119,0.0
Stage2,Scenario38,gen_curtailment,0:2,0.019999999999999962
Stage2,Scenario38,gen_curtailment,0:3,0.019999999999999962
Stage2,Scenario38,gen_curtailment,1:112,0.0
Stage2,Scenario38,gen_curtailment,1:114,0.0
Stage2,Scenario38,gen_curtailment,1:4,0.0
Stage2,Scenario38,gen_curtailment,1:5,0.0
Stage2,Scenario38,gen_curtailment,1:6,0.0
Stage2,Scenario38,gen_curtailment,1:7,0.0
Stage2,Scenario38,gen_curtailment,12:10,0.0
Stage2,Scenario38,gen_curtailment,12:109,0.0
Stage2,Scenario38,gen_curtailment,12:11,0.0
Stage2,Scenario38,gen_curtailment,12:12,0.0
Stage2,Scenario38,gen_curtailment,12:9,0.0
Stage2,Scenario38,gen_curtailment,13:72,0.0
Stage2,Scenario38,gen_curtailment,14:13,0.0
Stage2,Scenario38,gen_curtailment,14:14,0.0
Stage2,Scenario38,gen_curtailment,14:15,0.0
Stage2,Scenario38,gen_curtailment,15:16,0.24999999999999994
Stage2,Scenario38,gen_curtailment,17:141,0.0
Stage2,Scenario38,gen_curtailment,17:142,0.0
Stage2,Scenario38,gen_curtailment,17:143,0.0
Stage2,Scenario38,gen_curtailment,17:144,0.0
Stage2,Scenario38,gen_curtailment,17:145,0.0
Stage2,Scenario38,gen_curtailment,17:146,0.0
Stage2,Scenario38,gen_curtailment,17:148,0.0
Stage2,Scenario38,gen_curtailment,17:149,0.0
Stage2,Scenario38,gen_curtailment,17:150,0.0
Stage2,Scenario38,gen_curtailment,17:151,0.0
Stage2,Scenario38,gen_curtailment,17:17,0.0
Stage2,Scenario38,gen_curtailment,18:121,0.0
Stage2,Scenario38,gen_curtailment,2:120,0.0
Stage2,Scenario38,gen_curtailment,20:73,3.96
Stage2,Scenario38,gen_curtailment,21:156,0.0
Stage2,Scenario38,gen_curtailment,21:74,0.0
Stage2,Scenario38,gen_curtailment,21:75,0.0
Stage2,Scenario38,gen_curtailment,21:76,0.0
Stage2,Scenario38,gen_curtailment,21:77,0.0
Stage2,Scenario38,gen_curtailment,21:78,0.0
Stage2,Scenario38,gen_curtailment,21:79,0.0
Stage2,Scenario38,gen_curtailment,22:18,0.0
Stage2,Scenario38,gen_curtailment,22:19,1.399999999999993
Stage2,Scenario38,gen_curtailment,22:20,0.0
Stage2,Scenario38,gen_curtailment,22:21,0.0
Stage2,Scenario38,gen_curtailment,22:22,0.0
Stage2,Scenario38,gen_curtailment,24:23,0.0
Stage2,Scenario38,gen_curtailment,24:24,0.0
Stage2,Scenario38,gen_curtailment,24:25,0.0
Stage2,Scenario38,gen_curtailment,24:80,0.0
Stage2,Scenario38,gen_curtailment,25:26,0.0799999999999983
Stage2,Scenario38,gen_curtailment,25:27,0.0799999999999983
Stage2,Scenario38,gen_curtailment,25:28,0.07499999999999982
Stage2,Scenario38,gen_curtailment,25:29,0.07499999999999982
Stage2,Scenario38,gen_curtailment,3:115,0.0
Stage2,Scenario38,gen_curtailment,30:30,0.0
Stage2,Scenario38,gen_curtailment,30:31,0.0
Stage2,Scenario38,gen_curtailment,35:116,0.0
Stage2,Scenario38,gen_curtailment,36:152,0.0
Stage2,Scenario38,gen_curtailment,36:32,0.4860000000000002
Stage2,Scenario38,gen_curtailment,36:33,0.21999999999999886
Stage2,Scenario38,gen_curtailment,36:34,0.21999999999999886
Stage2,Scenario38,gen_curtailment,37:81,0.0
Stage2,Scenario38,gen_curtailment,38:111,0.0
Stage2,Scenario38,gen_curtailment,38:35,0.0
Stage2,Scenario38,gen_curtailment,38:36,0.0
Stage2,Scenario38,gen_curtailment,38:82,0.0
Stage2,Scenario38,gen_curtailment,38:83,0.0
Stage2,Scenario38,gen_curtailment,38:84,0.0
Stage2,Scenario38,gen_curtailment,39:37,0.0
Stage2,Scenario38,gen_curtailment,41:38,0.0
Stage2,Scenario38,gen_curtailment,44:39,0.0
Stage2,Scenario38,gen_curtailment,45:85,0.0
Stage2,Scenario38,gen_curtailment,45:86,0.0
Stage2,Scenario38,gen_curtailment,45:87,0.0
Stage2,Scenario38,gen_curtailment,45:88,0.0
Stage2,Scenario38,gen_curtailment,45:89,0.0
Stage2,Scenario38,gen_curtailment,45:90,0.0
Stage2,Scenario38,gen_curtailment,46:40,0.6199999999999983
Stage2,Scenario38,gen_curtailment,46:41,0.6199999999999983
Stage2,Scenario38,gen_curtailment,46:42,1.3999999999999986
Stage2,Scenario38,gen_curtailment,46:43,0.21999999999999886
Stage2,Scenario38,gen_curtailment,46:44,0.21999999999999886
Stage2,Scenario38,gen_curtailment,46:45,0.21999999999999886
Stage2,Scenario38,gen_curtailment,48:46,0.0
Stage2,Scenario38,gen_curtailment,48:47,0.0
Stage2,Scenario38,gen_curtailment,48:48,0.0
Stage2,Scenario38,gen_curtailment,48:49,0.0
Stage2,Scenario38,gen_curtailment,49:50,0.0
Stage2,Scenario38,gen_curtailment,49:51,0.0
Stage2,Scenario38,gen_curtailment,49:52,0.0
Stage2,Scenario38,gen_curtailment,49:53,0.0
Stage2,Scenario38,gen_curtailment,50:155,0.0
Stage2,Scenario38,gen_curtailment,54:54,0.0
Stage2,Scenario38,gen_curtailment,54:55,0.0
Stage2,Scenario38,gen_curtailment,55:122,0.0
Stage2,Scenario38,gen_curtailment,56:153,0.0
Stage2,Scenario38,gen_curtailment,57:103,0.0
Stage2,Scenario38,gen_curtailment,57:106,0.0
Stage2,Scenario38,gen_curtailment,59:105,0.0
Stage2,Scenario38,gen_curtailment,6:8,0.1759999999999895
Stage2,Scenario38,gen_curtailment,60:102,0.0
Stage2,Scenario38,gen_curtailment,60:123,0.0
Stage2,Scenario38,gen_curtailment,60:124,0.0
Stage2,Scenario38,gen_curtailment,60:125,0.0
Stage2,Scenario38,gen_curtailment,60:126,0.0
Stage2,Scenario38,gen_curtailment,60:127,0.0
Stage2,Scenario38,gen_curtailment,60:128,0.0
Stage2,Scenario38,gen_curtailment,60:129,0.0
Stage2,Scenario38,gen_curtailment,60:130,0.0
Stage2,Scenario38,gen_curtailment,60:131,0.0
Stage2,Scenario38,gen_curtailment,60:132,0.0
Stage2,Scenario38,gen_curtailment,60:133,0.0
Stage2,Scenario38,gen_curtailment,60:134,0.0
Stage2,Scenario38,gen_curtailment,60:138,0.0
Stage2,Scenario38,gen_curtailment,60:157,0.0
Stage2,Scenario38,gen_curtailment,60:56,0.0
Stage2,Scenario38,gen_curtailment,60:99,0.0
Stage2,Scenario38,gen_curtailment,61:100,0.0
Stage2,Scenario38,gen_curtailment,61:101,0.0
Stage2,Scenario38,gen_curtailment,61:91,0.0
Stage2,Scenario38,gen_curtailment,61:97,0.0
Stage2,Scenario38,gen_curtailment,61:98,0.0
Stage2,Scenario38,gen_curtailment,62:57,0.0
Stage2,Scenario38,gen_curtailment,62:58,0.0
Stage2,Scenario38,gen_curtailment,62:59,0.0
Stage2,Scenario38,gen_curtailment,62:60,0.0
Stage2,Scenario38,gen_curtailment,62:61,0.0
Stage2,Scenario38,gen_curtailment,62:62,0.0
Stage2,Scenario38,gen_curtailment,62:63,0.0
Stage2,Scenario38,gen_curtailment,62:64,0.0
Stage2,Scenario38,gen_curtailment,63:65,0.24999999999999994
Stage2,Scenario38,gen_curtailment,64:154,0.0
Stage2,Scenario38,gen_curtailment,65:66,0.0
Stage2,Scenario38,gen_curtailment,66:110,0.0
Stage2,Scenario38,gen_curtailment,67:135,0.0
Stage2,Scenario38,gen_curtailment,67:136,0.0
Stage2,Scenario38,gen_curtailment,67:137,0.0
Stage2,Scenario38,gen_curtailment,67:139,0.0
Stage2,Scenario38,gen_curtailment,67:140,0.0
Stage2,Scenario38,gen_curtailment,67:147,0.0
Stage2,Scenario38,gen_curtailment,67:96,0.0
Stage2,Scenario38,gen_curtailment,68:67,1.6999999999999984
Stage2,Scenario38,gen_curtailment,69:68,0.21999999999999886
Stage2,Scenario38,gen_curtailment,69:69,0.21999999999999886
Stage2,Scenario38,gen_curtailment,69:92,0.0
Stage2,Scenario38,gen_curtailment,69:93,0.0
Stage2,Scenario38,gen_curtailment,69:94,0.0
Stage2,Scenario38,gen_curtailment,69:95,0.0
Stage2,Scenario38,gen_curtailment,70:70,1.6999999999999984
Stage2,Scenario38,gen_curtailment,70:71,1.6999999999999984
Stage2,Scenario38,gen_curtailment,71:104,0.0
Stage2,Scenario38,gen_curtailment,71:107,0.0
Stage2,Scenario38,gen_curtailment,71:108,0.0
Stage2,Scenario38,load_shed,0,0.0
Stage2,Scenario38,load_shed,1,0.2909999999999968
Stage2,Scenario38,load_shed,10,0.0
Stage2,Scenario38,load_shed,11,0.0
Stage2,Scenario38,load_shed,12,0.0
Stage2,Scenario38,load_shed,13,1.9400000000000002
Stage2,Scenario38,load_shed,14,1.3799999999999977
Stage2,Scenario38,load_shed,15,0.0
Stage2,Scenario38,load_shed,16,0.0
Stage2,Scenario38,load_shed,17,0.0
Stage2,Scenario38,load_shed,18,1.1440000000000001
Stage2,Scenario38,load_shed,19,0.0
Stage2,Scenario38,load_shed,2,1.1849999999999994
Stage2,Scenario38,load_shed,20,0.0
Stage2,Scenario38,load_shed,21,0.0
Stage2,Scenario38,load_shed,22,0.0
Stage2,Scenario38,load_shed,23,0.0
Stage2,Scenario38,load_shed,24,0.0
Stage2,Scenario38,load_shed,25,0.0
Stage2,Scenario38,load_shed,26,1.8
Stage2,Scenario38,load_shed,27,0.74
Stage2,Scenario38,load_shed,28,0.71
Stage2,Scenario38,load_shed,29,1.31
Stage2,Scenario38,load_shed,3,0.0
Stage2,Scenario38,load_shed,30,0.1499999999999999
Stage2,Scenario38,load_shed,31,1.7099999999999937
Stage2,Scenario38,load_shed,32,1.75
Stage2,Scenario38,load_shed,33,0.0
Stage2,Scenario38,load_shed,34,0.0
Stage2,Scenario38,load_shed,35,0.0
Stage2,Scenario38,load_shed,36,0.0
Stage2,Scenario38,load_shed,37,1.9400000000000002
Stage2,Scenario38,load_shed,38,0.0
Stage2,Scenario38,load_shed,39,0.0
Stage2,Scenario38,load_shed,4,0.71
Stage2,Scenario38,load_shed,40,0.0
Stage2,Scenario38,load_shed,41,0.0
Stage2,Scenario38,load_shed,42,0.0
Stage2,Scenario38,load_shed,43,1.28
Stage2,Scenario38,load_shed,44,0.0
Stage2,Scenario38,load_shed,45,0.0
Stage2,Scenario38,load_shed,46,0.0
Stage2,Scenario38,load_shed,47,0.0
Stage2,Scenario38,load_shed,48,0.0
Stage2,Scenario38,load_shed,49,0.0
Stage2,Scenario38,load_shed,5,1.36
Stage2,Scenario38,load_shed,50,0.0
Stage2,Scenario38,load_shed,51,0.74
Stage2,Scenario38,load_shed,52,0.0
Stage2,Scenario38,load_shed,53,1.36
Stage2,Scenario38,load_shed,54,0.1499999999999999
Stage2,Scenario38,load_shed,55,0.7009999999999998
Stage2,Scenario38,load_shed,56,0.26699999999999996
Stage2,Scenario38,load_shed,57,1.6269999999999998
Stage2,Scenario38,load_shed,58,0.0
Stage2,Scenario38,load_shed,59,0.0
Stage2,Scenario38,load_shed,6,0.0
Stage2,Scenario38,load_shed,60,0.0
Stage2,Scenario38,load_shed,61,0.0
Stage2,Scenario38,load_shed,62,0.9199999999999999
Stage2,Scenario38,load_shed,63,0.0
Stage2,Scenario38,load_shed,64,0.0
Stage2,Scenario38,load_shed,65,0.0
Stage2,Scenario38,load_shed,66,0.0
Stage2,Scenario38,load_shed,67,0.0
Stage2,Scenario38,load_shed,68,0.0
Stage2,Scenario38,load_shed,69,0.0
Stage2,Scenario38,load_shed,7,0.0
Stage2,Scenario38,load_shed,70,0.0
Stage2,Scenario38,load_shed,71,0.0
Stage2,Scenario38,load_shed,72,0.0
Stage2,Scenario38,load_shed,8,0.4720000000000013
Stage2,Scenario38,load_shed,9,1.95
Stage2,Scenario38,load_shed_value,None,27.58699999999998
Stage2,Scenario38,nu,None,0.13331578947367873
Stage2,Scenario38,theta,0,-6.283185307179586
Stage2,Scenario38,theta,1,6.283185307179586
Stage2,Scenario38,theta,10,6.283185307179586
Stage2,Scenario38,theta,11,5.928023307179585
Stage2,Scenario38,theta,12,0.0
Stage2,Scenario38,theta,13,-6.283185307179586
Stage2,Scenario38,theta,14,-6.283185307179586
Stage2,Scenario38,theta,15,-6.283185307179586
Stage2,Scenario38,theta,16,-6.283185307179586
Stage2,Scenario38,theta,17,-6.283185307179586
Stage2,Scenario38,theta,18,-6.283185307179586
Stage2,Scenario38,theta,19,-6.283185307179586
Stage2,Scenario38,theta,2,6.283185307179586
Stage2,Scenario38,theta,20,6.283185307179586
Stage2,Scenario38,theta,21,6.283185307179586
Stage2,Scenario38,theta,22,-6.2550253071795865
Stage2,Scenario38,theta,23,6.283185307179586
Stage2,Scenario38,theta,24,-6.283185307179586
Stage2,Scenario38,theta,25,-6.283185307179586
Stage2,Scenario38,theta,26,6.283185307179586
Stage2,Scenario38,theta,27,-6.283185307179586
Stage2,Scenario38,theta,28,-6.283185307179586
Stage2,Scenario38,theta,29,-6.283185307179586
Stage2,Scenario38,theta,3,6.0609353071795855
Stage2,Scenario38,theta,30,6.283185307179586
Stage2,Scenario38,theta,31,6.283185307179586
Stage2,Scenario38,theta,32,-6.283185307179586
Stage2,Scenario38,theta,33,-6.280135307179586
Stage2,Scenario38,theta,34,-6.280135307179586
Stage2,Scenario38,theta,35,-6.109615307178261
Stage2,Scenario38,theta,36,-6.283185307179586
Stage2,Scenario38,theta,37,-6.283185307179586
Stage2,Scenario38,theta,38,-6.215035307179587
Stage2,Scenario38,theta,39,-6.241555307179587
Stage2,Scenario38,theta,4,-6.283185307179586
Stage2,Scenario38,theta,40,-6.283185307179586
Stage2,Scenario38,theta,41,-6.283185307179586
Stage2,Scenario38,theta,42,-6.283185307179586
Stage2,Scenario38,theta,43,-6.283185307179586
Stage2,Scenario38,theta,44,-6.111449307179587
Stage2,Scenario38,theta,45,6.283185307179586
Stage2,Scenario38,theta,46,-6.283185307179586
Stage2,Scenario38,theta,47,6.283185307179586
Stage2,Scenario38,theta,48,-6.283185307179586
Stage2,Scenario38,theta,49,-6.283185307179586
Stage2,Scenario38,theta,5,-6.283185307179586
Stage2,Scenario38,theta,50,-6.181905307179585
Stage2,Scenario38,theta,51,-6.283185307179586
Stage2,Scenario38,theta,52,-6.283185307179586
Stage2,Scenario38,theta,53,-6.283185307179586
Stage2,Scenario38,theta,54,-6.283185307179586
Stage2,Scenario38,theta,55,-6.283185307179586
Stage2,Scenario38,theta,56,-6.283185307179586
Stage2,Scenario38,theta,57,-6.220705307179586
Stage2,Scenario38,theta,58,-6.220705307179586
Stage2,Scenario38,theta,59,-6.283185307179586
Stage2,Scenario38,theta,6,-6.1788753071785125
Stage2,Scenario38,theta,60,6.283185307179586
Stage2,Scenario38,theta,61,6.283185307179586
Stage2,Scenario38,theta,62,-6.283185307179586
Stage2,Scenario38,theta,63,-6.283185307179586
Stage2,Scenario38,theta,64,-6.283185307179586
Stage2,Scenario38,theta,65,-6.283185307179586
Stage2,Scenario38,theta,66,6.283185307179586
Stage2,Scenario38,theta,67,-6.063185307180742
Stage2,Scenario38,theta,68,-6.283185307179586
Stage2,Scenario38,theta,69,-6.283185307179586
Stage2,Scenario38,theta,7,-6.283185307179586
Stage2,Scenario38,theta,70,-6.283185307179586
Stage2,Scenario38,theta,71,6.283185307179586
Stage2,Scenario38,theta,72,0.0
Stage2,Scenario38,theta,8,5.928023307179585
Stage2,Scenario38,theta,9,-6.283185307179586
Stage2,Scenario38,xij,0,0.0
Stage2,Scenario38,xij,1,0.0
Stage2,Scenario38,xij,10,1.0
Stage2,Scenario38,xij,100,0.0
Stage2,Scenario38,xij,101,0.0
Stage2,Scenario38,xij,102,0.0
Stage2,Scenario38,xij,103,0.0
Stage2,Scenario38,xij,104,0.0
Stage2,Scenario38,xij,105,0.0
Stage2,Scenario38,xij,106,1.0
Stage2,Scenario38,xij,107,0.0
Stage2,Scenario38,xij,108,0.0
Stage2,Scenario38,xij,109,0.0
Stage2,Scenario38,xij,11,0.0
Stage2,Scenario38,xij,110,0.0
Stage2,Scenario38,xij,111,0.0
Stage2,Scenario38,xij,112,0.0
Stage2,Scenario38,xij,113,0.0
Stage2,Scenario38,xij,114,0.0
Stage2,Scenario38,xij,115,0.0
Stage2,Scenario38,xij,116,1.0
Stage2,Scenario38,xij,117,0.0
Stage2,Scenario38,xij,118,0.0
Stage2,Scenario38,xij,119,0.0
Stage2,Scenario38,xij,12,0.0
Stage2,Scenario38,xij,13,0.0
Stage2,Scenario38,xij,14,0.0
Stage2,Scenario38,xij,15,1.0
Stage2,Scenario38,xij,16,0.0
Stage2,Scenario38,xij,17,0.0
Stage2,Scenario38,xij,18,0.0
Stage2,Scenario38,xij,19,0.0
Stage2,Scenario38,xij,2,0.0
Stage2,Scenario38,xij,20,0.0
Stage2,Scenario38,xij,21,0.0
Stage2,Scenario38,xij,22,0.0
Stage2,Scenario38,xij,23,0.0
Stage2,Scenario38,xij,24,0.0
Stage2,Scenario38,xij,25,0.0
Stage2,Scenario38,xij,26,0.0
Stage2,Scenario38,xij,27,0.0
Stage2,Scenario38,xij,28,0.0
Stage2,Scenario38,xij,29,0.0
Stage2,Scenario38,xij,3,1.0
Stage2,Scenario38,xij,30,0.0
Stage2,Scenario38,xij,31,0.0
Stage2,Scenario38,xij,32,0.0
Stage2,Scenario38,xij,33,0.0
Stage2,Scenario38,xij,34,0.0
Stage2,Scenario38,xij,35,0.0
Stage2,Scenario38,xij,36,0.0
Stage2,Scenario38,xij,37,0.0
Stage2,Scenario38,xij,38,1.0
Stage2,Scenario38,xij,39,0.0
Stage2,Scenario38,xij,4,0.0
Stage2,Scenario38,xij,40,0.0
Stage2,Scenario38,xij,41,0.0
Stage2,Scenario38,xij,42,0.0
Stage2,Scenario38,xij,43,0.0
Stage2,Scenario38,xij,44,0.0
Stage2,Scenario38,xij,45,0.0
Stage2,Scenario38,xij,46,0.0
Stage2,Scenario38,xij,47,0.0
Stage2,Scenario38,xij,48,0.0
Stage2,Scenario38,xij,49,0.0
Stage2,Scenario38,xij,5,0.0
Stage2,Scenario38,xij,50,1.0
Stage2,Scenario38,xij,51,1.0
Stage2,Scenario38,xij,52,0.0
Stage2,Scenario38,xij,53,0.0
Stage2,Scenario38,xij,54,0.0
Stage2,Scenario38,xij,55,0.0
Stage2,Scenario38,xij,56,1.0
Stage2,Scenario38,xij,57,1.0
Stage2,Scenario38,xij,58,0.0
Stage2,Scenario38,xij,59,0.0
Stage2,Scenario38,xij,6,0.0
Stage2,Scenario38,xij,60,0.0
Stage2,Scenario38,xij,61,0.0
Stage2,Scenario38,xij,62,0.0
Stage2,Scenario38,xij,63,0.0
Stage2,Scenario38,xij,64,1.0
Stage2,Scenario38,xij,65,1.0
Stage2,Scenario38,xij,66,0.0
Stage2,Scenario38,xij,67,0.0
Stage2,Scenario38,xij,68,0.0
Stage2,Scenario38,xij,69,1.0
Stage2,Scenario38,xij,7,1.0
Stage2,Scenario38,xij,70,0.0
Stage2,Scenario38,xij,71,0.0
Stage2,Scenario38,xij,72,0.0
Stage2,Scenario38,xij,73,0.0
Stage2,Scenario38,xij,74,0.0
Stage2,Scenario38,xij,75,0.0
Stage2,Scenario38,xij,76,0.0
Stage2,Scenario38,xij,77,0.0
Stage2,Scenario38,xij,78,0.0
Stage2,Scenario38,xij,79,0.0
Stage2,Scenario38,xij,8,0.0
Stage2,Scenario38,xij,80,1.0
Stage2,Scenario38,xij,81,0.0
Stage2,Scenario38,xij,82,0.0
Stage2,Scenario38,xij,83,0.0
Stage2,Scenario38,xij,84,0.0
Stage2,Scenario38,xij,85,0.0
Stage2,Scenario38,xij,86,0.0
Stage2,Scenario38,xij,87,1.0
Stage2,Scenario38,xij,88,0.0
Stage2,Scenario38,xij,89,0.0
Stage2,Scenario38,xij,9,0.0
Stage2,Scenario38,xij,90,0.0
Stage2,Scenario38,xij,91,0.0
Stage2,Scenario38,xij,92,0.0
Stage2,Scenario38,xij,93,0.0
Stage2,Scenario38,xij,94,1.0
Stage2,Scenario38,xij,95,0.0
Stage2,Scenario38,xij,96,0.0
Stage2,Scenario38,xij,97,0.0
Stage2,Scenario38,xij,98,0.0
Stage2,Scenario38,xij,99,0.0
Stage2,Scenario39,Pij,0,0.0
Stage2,Scenario39,Pij,1,0.0
Stage2,Scenario39,Pij,10,2.3
Stage2,Scenario39,Pij,100,0.0
Stage2,Scenario39,Pij,101,0.0
Stage2,Scenario39,Pij,102,0.0
Stage2,Scenario39,Pij,103,0.0
Stage2,Scenario39,Pij,104,0.0
Stage2,Scenario39,Pij,105,-1.5230000000000068
Stage2,Scenario39,Pij,106,0.0
Stage2,Scenario39,Pij,107,0.0
Stage2,Scenario39,Pij,108,0.0
Stage2,Scenario39,Pij,109,0.0
Stage2,Scenario39,Pij,11,0.0
Stage2,Scenario39,Pij,110,0.0
Stage2,Scenario39,Pij,111,0.0
Stage2,Scenario39,Pij,112,0.0
Stage2,Scenario39,Pij,113,0.0
Stage2,Scenario39,Pij,114,0.0
Stage2,Scenario39,Pij,115,0.0
Stage2,Scenario39,Pij,116,0.0
Stage2,Scenario39,Pij,117,0.0
Stage2,Scenario39,Pij,118,0.0
Stage2,Scenario39,Pij,119,0.0
Stage2,Scenario39,Pij,12,0.0
Stage2,Scenario39,Pij,13,1.75
Stage2,Scenario39,Pij,14,0.0
Stage2,Scenario39,Pij,15,0.0
Stage2,Scenario39,Pij,16,0.0
Stage2,Scenario39,Pij,17,0.0
Stage2,Scenario39,Pij,18,0.0
Stage2,Scenario39,Pij,19,0.0
Stage2,Scenario39,Pij,2,0.0
Stage2,Scenario39,Pij,20,0.0
Stage2,Scenario39,Pij,21,0.0
Stage2,Scenario39,Pij,22,0.0
Stage2,Scenario39,Pij,23,0.0
Stage2,Scenario39,Pij,24,0.0
Stage2,Scenario39,Pij,25,0.0
Stage2,Scenario39,Pij,26,0.0
Stage2,Scenario39,Pij,27,0.0
Stage2,Scenario39,Pij,28,0.0
Stage2,Scenario39,Pij,29,0.0
Stage2,Scenario39,Pij,3,0.0
Stage2,Scenario39,Pij,30,1.144
Stage2,Scenario39,Pij,31,0.0
Stage2,Scenario39,Pij,32,0.0
Stage2,Scenario39,Pij,33,-1.3549999999999998
Stage2,Scenario39,Pij,34,0.0
Stage2,Scenario39,Pij,35,0.0
Stage2,Scenario39,Pij,36,0.0
Stage2,Scenario39,Pij,37,0.0
Stage2,Scenario39,Pij,38,-1.28
Stage2,Scenario39,Pij,39,0.0
Stage2,Scenario39,Pij,4,0.0
Stage2,Scenario39,Pij,40,0.0
Stage2,Scenario39,Pij,41,0.0
Stage2,Scenario39,Pij,42,0.0
Stage2,Scenario39,Pij,43,0.0
Stage2,Scenario39,Pij,44,0.0
Stage2,Scenario39,Pij,45,0.0
Stage2,Scenario39,Pij,46,0.0
Stage2,Scenario39,Pij,47,0.0
Stage2,Scenario39,Pij,48,0.0
Stage2,Scenario39,Pij,49,0.0
Stage2,Scenario39,Pij,5,0.0
Stage2,Scenario39,Pij,50,0.0
Stage2,Scenario39,Pij,51,0.0
Stage2,Scenario39,Pij,52,2.220446049250313e-16
Stage2,Scenario39,Pij,53,0.0
Stage2,Scenario39,Pij,54,0.0
Stage2,Scenario39,Pij,55,0.0
Stage2,Scenario39,Pij,56,0.0
Stage2,Scenario39,Pij,57,-1.9499999999999997
Stage2,Scenario39,Pij,58,0.0
Stage2,Scenario39,Pij,59,0.0
Stage2,Scenario39,Pij,6,0.0
Stage2,Scenario39,Pij,60,0.0
Stage2,Scenario39,Pij,61,0.0
Stage2,Scenario39,Pij,62,0.0
Stage2,Scenario39,Pij,63,0.0
Stage2,Scenario39,Pij,64,0.0
Stage2,Scenario39,Pij,65,0.0
Stage2,Scenario39,Pij,66,-2.113999999999999
Stage2,Scenario39,Pij,67,0.0
Stage2,Scenario39,Pij,68,0.0
Stage2,Scenario39,Pij,69,1.5500000000000007
Stage2,Scenario39,Pij,7,0.0
Stage2,Scenario39,Pij,70,0.0
Stage2,Scenario39,Pij,71,0.0
Stage2,Scenario39,Pij,72,0.0
Stage2,Scenario39,Pij,73,0.0
Stage2,Scenario39,Pij,74,0.0
Stage2,Scenario39,Pij,75,0.0
Stage2,Scenario39,Pij,76,0.0
Stage2,Scenario39,Pij,77,-1.28
Stage2,Scenario39,Pij,78,0.0
Stage2,Scenario39,Pij,79,0.0
Stage2,Scenario39,Pij,8,0.0
Stage2,Scenario39,Pij,80,0.0
Stage2,Scenario39,Pij,81,0.0
Stage2,Scenario39,Pij,82,0.74
Stage2,Scenario39,Pij,83,0.0
Stage2,Scenario39,Pij,84,0.0
Stage2,Scenario39,Pij,85,0.0
Stage2,Scenario39,Pij,86,0.0
Stage2,Scenario39,Pij,87,0.0
Stage2,Scenario39,Pij,88,0.0
Stage2,Scenario39,Pij,89,0.0
Stage2,Scenario39,Pij,9,0.0
Stage2,Scenario39,Pij,90,0.0
Stage2,Scenario39,Pij,91,0.0
Stage2,Scenario39,Pij,92,0.0
Stage2,Scenario39,Pij,93,0.0
Stage2,Scenario39,Pij,94,0.0
Stage2,Scenario39,Pij,95,0.0
Stage2,Scenario39,Pij,96,0.0
Stage2,Scenario39,Pij,97,0.0
Stage2,Scenario39,Pij,98,0.0
Stage2,Scenario39,Pij,99,0.0
Stage2,Scenario39,bus_gen,0:0,0.07999999999999831
Stage2,Scenario39,bus_gen,0:1,0.07999999999999831
Stage2,Scenario39,bus_gen,0:113,0.0
Stage2,Scenario39,bus_gen,0:117,0.0
Stage2,Scenario39,bus_gen,0:118,0.0
Stage2,Scenario39,bus_gen,0:119,0.0
Stage2,Scenario39,bus_gen,0:2,0.56
Stage2,Scenario39,bus_gen,0:3,0.56
Stage2,Scenario39,bus_gen,1:112,0.0
Stage2,Scenario39,bus_gen,1:114,0.0
Stage2,Scenario39,bus_gen,1:4,0.07999999999999831
Stage2,Scenario39,bus_gen,1:5,0.07999999999999831
Stage2,Scenario39,bus_gen,1:6,0.56
Stage2,Scenario39,bus_gen,1:7,0.56
Stage2,Scenario39,bus_gen,12:10,0.4285
Stage2,Scenario39,bus_gen,12:109,0.9359999999999999
Stage2,Scenario39,bus_gen,12:11,0.4285
Stage2,Scenario39,bus_gen,12:12,0.4285
Stage2,Scenario39,bus_gen,12:9,0.4285
Stage2,Scenario39,bus_gen,13:72,0.0
Stage2,Scenario39,bus_gen,14:13,0.12
Stage2,Scenario39,bus_gen,14:14,0.12
Stage2,Scenario39,bus_gen,14:15,1.55
Stage2,Scenario39,bus_gen,15:16,1.55
Stage2,Scenario39,bus_gen,17:141,0.0
Stage2,Scenario39,bus_gen,17:142,0.0
Stage2,Scenario39,bus_gen,17:143,0.0
Stage2,Scenario39,bus_gen,17:144,0.0
Stage2,Scenario39,bus_gen,17:145,0.0
Stage2,Scenario39,bus_gen,17:146,0.0
Stage2,Scenario39,bus_gen,17:148,0.0
Stage2,Scenario39,bus_gen,17:149,0.0
Stage2,Scenario39,bus_gen,17:150,0.0
Stage2,Scenario39,bus_gen,17:151,0.0
Stage2,Scenario39,bus_gen,17:17,1.9750000000000005
Stage2,Scenario39,bus_gen,18:121,0.6659999999999999
Stage2,Scenario39,bus_gen,2:120,0.6150000000000053
Stage2,Scenario39,bus_gen,20:73,3.96
Stage2,Scenario39,bus_gen,21:156,0.0
Stage2,Scenario39,bus_gen,21:74,0.0
Stage2,Scenario39,bus_gen,21:75,0.0
Stage2,Scenario39,bus_gen,21:76,0.0
Stage2,Scenario39,bus_gen,21:77,0.0
Stage2,Scenario39,bus_gen,21:78,0.0
Stage2,Scenario39,bus_gen,21:79,0.0
Stage2,Scenario39,bus_gen,22:18,0.6199999999999983
Stage2,Scenario39,bus_gen,22:19,1.3999999999999986
Stage2,Scenario39,bus_gen,22:20,0.21999999999999886
Stage2,Scenario39,bus_gen,22:21,0.21999999999999886
Stage2,Scenario39,bus_gen,22:22,0.21999999999999886
Stage2,Scenario39,bus_gen,24:23,0.07999999999999831
Stage2,Scenario39,bus_gen,24:24,0.07999999999999831
Stage2,Scenario39,bus_gen,24:25,0.7599999999999999
Stage2,Scenario39,bus_gen,24:80,0.16000000000000347
Stage2,Scenario39,bus_gen,25:26,0.07999999999999836
Stage2,Scenario39,bus_gen,25:27,0.07999999999999836
Stage2,Scenario39,bus_gen,25:28,0.56
Stage2,Scenario39,bus_gen,25:29,0.56
Stage2,Scenario39,bus_gen,3:115,0.268
Stage2,Scenario39,bus_gen,30:30,0.55
Stage2,Scenario39,bus_gen,30:31,0.55
Stage2,Scenario39,bus_gen,35:116,1.9499999999999997
Stage2,Scenario39,bus_gen,36:152,0.0
Stage2,Scenario39,bus_gen,36:32,3.136
Stage2,Scenario39,bus_gen,36:33,0.21999999999999886
Stage2,Scenario39,bus_gen,36:34,0.21999999999999886
Stage2,Scenario39,bus_gen,37:81,0.0
Stage2,Scenario39,bus_gen,38:111,0.0
Stage2,Scenario39,bus_gen,38:35,0.21999999999999886
Stage2,Scenario39,bus_gen,38:36,0.21999999999999886
Stage2,Scenario39,bus_gen,38:82,0.11600000000000343
Stage2,Scenario39,bus_gen,38:83,0.5
Stage2,Scenario39,bus_gen,38:84,0.0
Stage2,Scenario39,bus_gen,39:37,1.5500000000000007
Stage2,Scenario39,bus_gen,41:38,3.33
Stage2,Scenario39,bus_gen,44:39,2.113999999999999
Stage2,Scenario39,bus_gen,45:85,0.0
Stage2,Scenario39,bus_gen,45:86,0.0
Stage2,Scenario39,bus_gen,45:87,0.0
Stage2,Scenario39,bus_gen,45:88,0.0
Stage2,Scenario39,bus_gen,45:89,0.0
Stage2,Scenario39,bus_gen,45:90,0.0
Stage2,Scenario39,bus_gen,46:40,0.6199999999999983
Stage2,Scenario39,bus_gen,46:41,0.6199999999999983
Stage2,Scenario39,bus_gen,46:42,1.3999999999999986
Stage2,Scenario39,bus_gen,46:43,0.21999999999999886
Stage2,Scenario39,bus_gen,46:44,0.21999999999999886
Stage2,Scenario39,bus_gen,46:45,0.21999999999999886
Stage2,Scenario39,bus_gen,48:46,0.07999999999999831
Stage2,Scenario39,bus_gen,48:47,0.07999999999999831
Stage2,Scenario39,bus_gen,48:48,0.46000000000000174
Stage2,Scenario39,bus_gen,48:49,0.46000000000000174
Stage2,Scenario39,bus_gen,49:50,0.2
Stage2,Scenario39,bus_gen,49:51,0.2
Stage2,Scenario39,bus_gen,49:52,0.55
Stage2,Scenario39,bus_gen,49:53,0.55
Stage2,Scenario39,bus_gen,50:155,1.8
Stage2,Scenario39,bus_gen,54:54,0.55
Stage2,Scenario39,bus_gen,54:55,0.55
Stage2,Scenario39,bus_gen,55:122,1.0090000000000001
Stage2,Scenario39,bus_gen,56:153,1.483
Stage2,Scenario39,bus_gen,57:103,0.517
Stage2,Scenario39,bus_gen,57:106,0.5159999999999999
Stage2,Scenario39,bus_gen,59:105,0.0
Stage2,Scenario39,bus_gen,6:8,3.5499999999999994
Stage2,Scenario39,bus_gen,60:102,0.0
Stage2,Scenario39,bus_gen,60:123,0.0
Stage2,Scenario39,bus_gen,60:124,0.0
Stage2,Scenario39,bus_gen,60:125,0.0
Stage2,Scenario39,bus_gen,60:126,0.0
Stage2,Scenario39,bus_gen,60:127,0.0
Stage2,Scenario39,bus_gen,60:128,0.0
Stage2,Scenario39,bus_gen,60:129,0.0
Stage2,Scenario39,bus_gen,60:130,0.0
Stage2,Scenario39,bus_gen,60:131,0.0
Stage2,Scenario39,bus_gen,60:132,0.0
Stage2,Scenario39,bus_gen,60:133,0.0
Stage2,Scenario39,bus_gen,60:134,0.0
Stage2,Scenario39,bus_gen,60:138,0.0
Stage2,Scenario39,bus_gen,60:157,0.0
Stage2,Scenario39,bus_gen,60:56,1.6999999999999984
Stage2,Scenario39,bus_gen,60:99,0.9499999999999886
Stage2,Scenario39,bus_gen,61:100,0.9079999999999999
Stage2,Scenario39,bus_gen,61:101,0.0
Stage2,Scenario39,bus_gen,61:91,0.0
Stage2,Scenario39,bus_gen,61:97,0.516
Stage2,Scenario39,bus_gen,61:98,0.516
Stage2,Scenario39,bus_gen,62:57,0.049999999999998934
Stage2,Scenario39,bus_gen,62:58,0.049999999999998934
Stage2,Scenario39,bus_gen,62:59,0.049999999999998934
Stage2,Scenario39,bus_gen,62:60,0.049999999999998934
Stage2,Scenario39,bus_gen,62:61,0.049999999999998934
Stage2,Scenario39,bus_gen,62:62,0.4656666666666662
Stage2,Scenario39,bus_gen,62:63,0.4656666666666662
Stage2,Scenario39,bus_gen,62:64,0.4656666666666662
Stage2,Scenario39,bus_gen,63:65,1.2500000000000002
Stage2,Scenario39,bus_gen,64:154,0.0
Stage2,Scenario39,bus_gen,65:66,3.33
Stage2,Scenario39,bus_gen,66:110,1.81
Stage2,Scenario39,bus_gen,67:135,0.273
Stage2,Scenario39,bus_gen,67:136,0.27
Stage2,Scenario39,bus_gen,67:137,0.28300000000000003
Stage2,Scenario39,bus_gen,67:139,0.1720000000000001
Stage2,Scenario39,bus_gen,67:140,0.282
Stage2,Scenario39,bus_gen,67:147,0.0
Stage2,Scenario39,bus_gen,67:96,0.0
Stage2,Scenario39,bus_gen,68:67,1.6999999999999984
Stage2,Scenario39,bus_gen,69:68,0.21999999999999886
Stage2,Scenario39,bus_gen,69:69,0.21999999999999886
Stage2,Scenario39,bus_gen,69:92,0.0
Stage2,Scenario39,bus_gen,69:93,0.0
Stage2,Scenario39,bus_gen,69:94,0.0
Stage2,Scenario39,bus_gen,69:95,0.0
Stage2,Scenario39,bus_gen,70:70,1.6999999999999984
Stage2,Scenario39,bus_gen,70:71,1.6999999999999984
Stage2,Scenario39,bus_gen,71:104,0.4970000000000001
Stage2,Scenario39,bus_gen,71:107,0.516
Stage2,Scenario39,bus_gen,71:108,0.5100000000000067
Stage2,Scenario39,cvar,None,27.4536842105263
Stage2,Scenario39,gen_curtailment,0:0,0.0
Stage2,Scenario39,gen_curtailment,0:1,0.0
Stage2,Scenario39,gen_curtailment,0:113,0.0
Stage2,Scenario39,gen_curtailment,0:117,0.0
Stage2,Scenario39,gen_curtailment,0:118,0.0
Stage2,Scenario39,gen_curtailment,0:119,0.0
Stage2,Scenario39,gen_curtailment,0:2,0.09999999999999834
Stage2,Scenario39,gen_curtailment,0:3,0.09999999999999834
Stage2,Scenario39,gen_curtailment,1:112,0.0
Stage2,Scenario39,gen_curtailment,1:114,0.0
Stage2,Scenario39,gen_curtailment,1:4,0.07999999999999831
Stage2,Scenario39,gen_curtailment,1:5,0.07999999999999831
Stage2,Scenario39,gen_curtailment,1:6,0.07500000000000007
Stage2,Scenario39,gen_curtailment,1:7,0.07500000000000007
Stage2,Scenario39,gen_curtailment,12:10,0.0
Stage2,Scenario39,gen_curtailment,12:109,0.0
Stage2,Scenario39,gen_curtailment,12:11,0.0
Stage2,Scenario39,gen_curtailment,12:12,0.0
Stage2,Scenario39,gen_curtailment,12:9,0.0
Stage2,Scenario39,gen_curtailment,13:72,0.0
Stage2,Scenario39,gen_curtailment,14:13,0.0
Stage2,Scenario39,gen_curtailment,14:14,0.0
Stage2,Scenario39,gen_curtailment,14:15,0.0
Stage2,Scenario39,gen_curtailment,15:16,0.0
Stage2,Scenario39,gen_curtailment,17:141,0.0
Stage2,Scenario39,gen_curtailment,17:142,0.0
Stage2,Scenario39,gen_curtailment,17:143,0.0
Stage2,Scenario39,gen_curtailment,17:144,0.0
Stage2,Scenario39,gen_curtailment,17:145,0.0
Stage2,Scenario39,gen_curtailment,17:146,0.0
Stage2,Scenario39,gen_curtailment,17:148,0.0
Stage2,Scenario39,gen_curtailment,17:149,0.0
Stage2,Scenario39,gen_curtailment,17:150,0.0
Stage2,Scenario39,gen_curtailment,17:151,0.0
Stage2,Scenario39,gen_curtailment,17:17,0.0
Stage2,Scenario39,gen_curtailment,18:121,0.0
Stage2,Scenario39,gen_curtailment,2:120,0.0
Stage2,Scenario39,gen_curtailment,20:73,2.6050000000000004
Stage2,Scenario39,gen_curtailment,21:156,0.0
Stage2,Scenario39,gen_curtailment,21:74,0.0
Stage2,Scenario39,gen_curtailment,21:75,0.0
Stage2,Scenario39,gen_curtailment,21:76,0.0
Stage2,Scenario39,gen_curtailment,21:77,0.0
Stage2,Scenario39,gen_curtailment,21:78,0.0
Stage2,Scenario39,gen_curtailment,21:79,0.0
Stage2,Scenario39,gen_curtailment,22:18,0.6199999999999983
Stage2,Scenario39,gen_curtailment,22:19,0.11999999999999855
Stage2,Scenario39,gen_curtailment,22:20,0.21999999999999886
Stage2,Scenario39,gen_curtailment,22:21,0.21999999999999886
Stage2,Scenario39,gen_curtailment,22:22,0.21999999999999886
Stage2,Scenario39,gen_curtailment,24:23,0.0
Stage2,Scenario39,gen_curtailment,24:24,0.0
Stage2,Scenario39,gen_curtailment,24:25,0.0
Stage2,Scenario39,gen_curtailment,24:80,0.0
Stage2,Scenario39,gen_curtailment,25:26,0.07999999999999845
Stage2,Scenario39,gen_curtailment,25:27,0.07999999999999845
Stage2,Scenario39,gen_curtailment,25:28,0.07499999999999998
Stage2,Scenario39,gen_curtailment,25:29,0.07499999999999998
Stage2,Scenario39,gen_curtailment,3:115,0.0
Stage2,Scenario39,gen_curtailment,30:30,0.0
Stage2,Scenario39,gen_curtailment,30:31,0.0
Stage2,Scenario39,gen_curtailment,35:116,0.0
Stage2,Scenario39,gen_curtailment,36:152,0.0
Stage2,Scenario39,gen_curtailment,36:32,0.9259999999999979
Stage2,Scenario39,gen_curtailment,36:33,0.0
Stage2,Scenario39,gen_curtailment,36:34,0.0
Stage2,Scenario39,gen_curtailment,37:81,0.0
Stage2,Scenario39,gen_curtailment,38:111,0.0
Stage2,Scenario39,gen_curtailment,38:35,0.0
Stage2,Scenario39,gen_curtailment,38:36,0.0
Stage2,Scenario39,gen_curtailment,38:82,0.0
Stage2,Scenario39,gen_curtailment,38:83,0.0
Stage2,Scenario39,gen_curtailment,38:84,0.0
Stage2,Scenario39,gen_curtailment,39:37,0.0
Stage2,Scenario39,gen_curtailment,41:38,0.0
Stage2,Scenario39,gen_curtailment,44:39,0.0
Stage2,Scenario39,gen_curtailment,45:85,0.0
Stage2,Scenario39,gen_curtailment,45:86,0.0
Stage2,Scenario39,gen_curtailment,45:87,0.0
Stage2,Scenario39,gen_curtailment,45:88,0.0
Stage2,Scenario39,gen_curtailment,45:89,0.0
Stage2,Scenario39,gen_curtailment,45:90,0.0
Stage2,Scenario39,gen_curtailment,46:40,0.6199999999999983
Stage2,Scenario39,gen_curtailment,46:41,0.6199999999999983
Stage2,Scenario39,gen_curtailment,46:42,0.11999999999999855
Stage2,Scenario39,gen_curtailment,46:43,0.21999999999999886
Stage2,Scenario39,gen_curtailment,46:44,0.21999999999999886
Stage2,Scenario39,gen_curtailment,46:45,0.21999999999999886
Stage2,Scenario39,gen_curtailment,48:46,0.0
Stage2,Scenario39,gen_curtailment,48:47,0.0
Stage2,Scenario39,gen_curtailment,48:48,0.0
Stage2,Scenario39,gen_curtailment,48:49,0.0
Stage2,Scenario39,gen_curtailment,49:50,0.0
Stage2,Scenario39,gen_curtailment,49:51,0.0
Stage2,Scenario39,gen_curtailment,49:52,0.0
Stage2,Scenario39,gen_curtailment,49:53,0.0
Stage2,Scenario39,gen_curtailment,50:155,0.0
Stage2,Scenario39,gen_curtailment,54:54,0.0
Stage2,Scenario39,gen_curtailment,54:55,0.0
Stage2,Scenario39,gen_curtailment,55:122,0.0
Stage2,Scenario39,gen_curtailment,56:153,0.0
Stage2,Scenario39,gen_curtailment,57:103,0.0
Stage2,Scenario39,gen_curtailment,57:106,0.0
Stage2,Scenario39,gen_curtailment,59:105,0.0
Stage2,Scenario39,gen_curtailment,6:8,0.0
Stage2,Scenario39,gen_curtailment,60:102,0.0
Stage2,Scenario39,gen_curtailment,60:123,0.0
Stage2,Scenario39,gen_curtailment,60:124,0.0
Stage2,Scenario39,gen_curtailment,60:125,0.0
Stage2,Scenario39,gen_curtailment,60:126,0.0
Stage2,Scenario39,gen_curtailment,60:127,0.0
Stage2,Scenario39,gen_curtailment,60:128,0.0
Stage2,Scenario39,gen_curtailment,60:129,0.0
Stage2,Scenario39,gen_curtailment,60:130,0.0
Stage2,Scenario39,gen_curtailment,60:131,0.0
Stage2,Scenario39,gen_curtailment,60:132,0.0
Stage2,Scenario39,gen_curtailment,60:133,0.0
Stage2,Scenario39,gen_curtailment,60:134,0.0
Stage2,Scenario39,gen_curtailment,60:138,0.0
Stage2,Scenario39,gen_curtailment,60:157,0.0
Stage2,Scenario39,gen_curtailment,60:56,0.0
Stage2,Scenario39,gen_curtailment,60:99,0.0
Stage2,Scenario39,gen_curtailment,61:100,0.0
Stage2,Scenario39,gen_curtailment,61:101,0.0
Stage2,Scenario39,gen_curtailment,61:91,0.0
Stage2,Scenario39,gen_curtailment,61:97,0.0
Stage2,Scenario39,gen_curtailment,61:98,0.0
Stage2,Scenario39,gen_curtailment,62:57,0.0
Stage2,Scenario39,gen_curtailment,62:58,0.0
Stage2,Scenario39,gen_curtailment,62:59,0.0
Stage2,Scenario39,gen_curtailment,62:60,0.0
Stage2,Scenario39,gen_curtailment,62:61,0.0
Stage2,Scenario39,gen_curtailment,62:62,0.0
Stage2,Scenario39,gen_curtailment,62:63,0.0
Stage2,Scenario39,gen_curtailment,62:64,0.0
Stage2,Scenario39,gen_curtailment,63:65,0.2500000000000002
Stage2,Scenario39,gen_curtailment,64:154,0.0
Stage2,Scenario39,gen_curtailment,65:66,0.0
Stage2,Scenario39,gen_curtailment,66:110,0.0
Stage2,Scenario39,gen_curtailment,67:135,0.0
Stage2,Scenario39,gen_curtailment,67:136,0.0
Stage2,Scenario39,gen_curtailment,67:137,0.0
Stage2,Scenario39,gen_curtailment,67:139,0.0
Stage2,Scenario39,gen_curtailment,67:140,0.0
Stage2,Scenario39,gen_curtailment,67:147,0.0
Stage2,Scenario39,gen_curtailment,67:96,0.0
Stage2,Scenario39,gen_curtailment,68:67,1.6999999999999984
Stage2,Scenario39,gen_curtailment,69:68,0.21999999999999886
Stage2,Scenario39,gen_curtailment,69:69,0.21999999999999886
Stage2,Scenario39,gen_curtailment,69:92,0.0
Stage2,Scenario39,gen_curtailment,69:93,0.0
Stage2,Scenario39,gen_curtailment,69:94,0.0
Stage2,Scenario39,gen_curtailment,69:95,0.0
Stage2,Scenario39,gen_curtailment,70:70,1.6999999999999984
Stage2,Scenario39,gen_curtailment,70:71,1.6999999999999984
Stage2,Scenario39,gen_curtailment,71:104,0.0
Stage2,Scenario39,gen_curtailment,71:107,0.0
Stage2,Scenario39,gen_curtailment,71:108,0.0
Stage2,Scenario39,load_shed,0,0.0
Stage2,Scenario39,load_shed,1,0.0
Stage2,Scenario39,load_shed,10,0.0
Stage2,Scenario39,load_shed,11,0.0
Stage2,Scenario39,load_shed,12,0.0
Stage2,Scenario39,load_shed,13,1.94
Stage2,Scenario39,load_shed,14,1.3799999999999997
Stage2,Scenario39,load_shed,15,0.5940000000000001
Stage2,Scenario39,load_shed,16,0.0
Stage2,Scenario39,load_shed,17,0.0
Stage2,Scenario39,load_shed,18,0.0
Stage2,Scenario39,load_shed,19,0.0
Stage2,Scenario39,load_shed,2,1.1849999999999945
Stage2,Scenario39,load_shed,20,0.0
Stage2,Scenario39,load_shed,21,0.0
Stage2,Scenario39,load_shed,22,0.0
Stage2,Scenario39,load_shed,23,0.0
Stage2,Scenario39,load_shed,24,0.0
Stage2,Scenario39,load_shed,25,0.0
Stage2,Scenario39,load_shed,26,1.8
Stage2,Scenario39,load_shed,27,0.74
Stage2,Scenario39,load_shed,28,0.71
Stage2,Scenario39,load_shed,29,1.36
Stage2,Scenario39,load_shed,3,0.472
Stage2,Scenario39,load_shed,30,0.1499999999999999
Stage2,Scenario39,load_shed,31,1.7100000000000002
Stage2,Scenario39,load_shed,32,1.7499999999999998
Stage2,Scenario39,load_shed,33,0.0
Stage2,Scenario39,load_shed,34,0.0
Stage2,Scenario39,load_shed,35,0.0
Stage2,Scenario39,load_shed,36,0.0
Stage2,Scenario39,load_shed,37,1.94
Stage2,Scenario39,load_shed,38,0.0
Stage2,Scenario39,load_shed,39,1.0
Stage2,Scenario39,load_shed,4,0.71
Stage2,Scenario39,load_shed,40,0.0
Stage2,Scenario39,load_shed,41,0.0
Stage2,Scenario39,load_shed,42,0.25999999999999934
Stage2,Scenario39,load_shed,43,0.0
Stage2,Scenario39,load_shed,44,0.0
Stage2,Scenario39,load_shed,45,0.0
Stage2,Scenario39,load_shed,46,0.0
Stage2,Scenario39,load_shed,47,0.0
Stage2,Scenario39,load_shed,48,0.0
Stage2,Scenario39,load_shed,49,0.20999999999999985
Stage2,Scenario39,load_shed,5,1.36
Stage2,Scenario39,load_shed,50,0.0
Stage2,Scenario39,load_shed,51,0.0
Stage2,Scenario39,load_shed,52,0.71
Stage2,Scenario39,load_shed,53,1.36
Stage2,Scenario39,load_shed,54,0.1499999999999999
Stage2,Scenario39,load_shed,55,0.7009999999999997
Stage2,Scenario39,load_shed,56,0.26699999999999996
Stage2,Scenario39,load_shed,57,0.9169999999999999
Stage2,Scenario39,load_shed,58,0.0
Stage2,Scenario39,load_shed,59,0.0
Stage2,Scenario39,load_shed,6,0.0
Stage2,Scenario39,load_shed,60,0.0
Stage2,Scenario39,load_shed,61,0.0
Stage2,Scenario39,load_shed,62,0.0
Stage2,Scenario39,load_shed,63,0.0
Stage2,Scenario39,load_shed,64,0.0
Stage2,Scenario39,load_shed,65,0.0
Stage2,Scenario39,load_shed,66,0.0
Stage2,Scenario39,load_shed,67,0.0
Stage2,Scenario39,load_shed,68,0.0
Stage2,Scenario39,load_shed,69,0.0
Stage2,Scenario39,load_shed,7,1.1600000000000001
Stage2,Scenario39,load_shed,70,0.0
Stage2,Scenario39,load_shed,71,0.0
Stage2,Scenario39,load_shed,72,0.0
Stage2,Scenario39,load_shed,8,1.75
Stage2,Scenario39,load_shed,9,0.19999999999999996
Stage2,Scenario39,load_shed_value,None,26.485999999999994
Stage2,Scenario39,nu,None,0.0
Stage2,Scenario39,theta,0,-6.283185307179586
Stage2,Scenario39,theta,1,-6.283185307179586
Stage2,Scenario39,theta,10,6.283185307179586
Stage2,Scenario39,theta,11,6.283185307179586
Stage2,Scenario39,theta,12,0.0
Stage2,Scenario39,theta,13,-6.283185307179586
Stage2,Scenario39,theta,14,-6.283185307179586
Stage2,Scenario39,theta,15,-6.2568733071795855
Stage2,Scenario39,theta,16,-6.283185307179586
Stage2,Scenario39,theta,17,-6.283185307179586
Stage2,Scenario39,theta,18,-6.283185307179585
Stage2,Scenario39,theta,19,-6.283185307179586
Stage2,Scenario39,theta,2,6.283185307179586
Stage2,Scenario39,theta,20,-6.247955307179585
Stage2,Scenario39,theta,21,6.283185307179586
Stage2,Scenario39,theta,22,-6.2550253071795865
Stage2,Scenario39,theta,23,-6.283185307179586
Stage2,Scenario39,theta,24,-6.283185307179586
Stage2,Scenario39,theta,25,-6.283185307179586
Stage2,Scenario39,theta,26,6.283185307179586
Stage2,Scenario39,theta,27,-6.283185307179586
Stage2,Scenario39,theta,28,-6.283185307179586
Stage2,Scenario39,theta,29,-6.283185307179586
Stage2,Scenario39,theta,3,6.283185307179586
Stage2,Scenario39,theta,30,-6.283185307179586
Stage2,Scenario39,theta,31,-6.283185307179586
Stage2,Scenario39,theta,32,-6.283185307179586
Stage2,Scenario39,theta,33,-6.283185307178259
Stage2,Scenario39,theta,34,6.283185307179586
Stage2,Scenario39,theta,35,-6.116928307179585
Stage2,Scenario39,theta,36,-6.283185307179586
Stage2,Scenario39,theta,37,-6.283185307179586
Stage2,Scenario39,theta,38,-6.283185307179586
Stage2,Scenario39,theta,39,-6.247535307179586
Stage2,Scenario39,theta,4,-6.283185307179586
Stage2,Scenario39,theta,40,-6.283185307179586
Stage2,Scenario39,theta,41,-6.283185307179586
Stage2,Scenario39,theta,42,-6.283185307179586
Stage2,Scenario39,theta,43,-6.283185307179586
Stage2,Scenario39,theta,44,-6.179599307179586
Stage2,Scenario39,theta,45,6.283185307179586
Stage2,Scenario39,theta,46,-6.255025307179587
Stage2,Scenario39,theta,47,6.283185307179586
Stage2,Scenario39,theta,48,-6.283185307179586
Stage2,Scenario39,theta,49,-6.189205307179586
Stage2,Scenario39,theta,5,-6.283185307179586
Stage2,Scenario39,theta,50,-6.283185307179586
Stage2,Scenario39,theta,51,-6.283185307179586
Stage2,Scenario39,theta,52,-6.283185307179586
Stage2,Scenario39,theta,53,-6.283185307179586
Stage2,Scenario39,theta,54,-6.283185307179586
Stage2,Scenario39,theta,55,-6.283185307179586
Stage2,Scenario39,theta,56,-6.283185307179586
Stage2,Scenario39,theta,57,-6.283185307179586
Stage2,Scenario39,theta,58,-6.283185307179586
Stage2,Scenario39,theta,59,-6.283185307179586
Stage2,Scenario39,theta,6,-5.854135307178513
Stage2,Scenario39,theta,60,-6.283185307179586
Stage2,Scenario39,theta,61,6.283185307179586
Stage2,Scenario39,theta,62,-6.283185307179586
Stage2,Scenario39,theta,63,-6.283185307179586
Stage2,Scenario39,theta,64,-6.283185307179586
Stage2,Scenario39,theta,65,-6.283185307179586
Stage2,Scenario39,theta,66,6.283185307179586
Stage2,Scenario39,theta,67,-6.063185307180743
Stage2,Scenario39,theta,68,-6.283185307179586
Stage2,Scenario39,theta,69,-6.283185307179586
Stage2,Scenario39,theta,7,-5.994435307179586
Stage2,Scenario39,theta,70,-6.283185307179586
Stage2,Scenario39,theta,71,-6.203989307179586
Stage2,Scenario39,theta,72,-6.247955307179585
Stage2,Scenario39,theta,8,6.283185307179586
Stage2,Scenario39,theta,9,-6.283185307179586
Stage2,Scenario39,xij,0,0.0
Stage2,Scenario39,xij,1,0.0
Stage2,Scenario39,xij,10,1.0
Stage2,Scenario39,xij,100,0.0
Stage2,Scenario39,xij,101,0.0
Stage2,Scenario39,xij,102,0.0
Stage2,Scenario39,xij,103,0.0
Stage2,Scenario39,xij,104,0.0
Stage2,Scenario39,xij,105,1.0
Stage2,Scenario39,xij,106,0.0
Stage2,Scenario39,xij,107,0.0
Stage2,Scenario39,xij,108,0.0
Stage2,Scenario39,xij,109,0.0
Stage2,Scenario39,xij,11,0.0
Stage2,Scenario39,xij,110,0.0
Stage2,Scenario39,xij,111,0.0
Stage2,Scenario39,xij,112,0.0
Stage2,Scenario39,xij,113,0.0
Stage2,Scenario39,xij,114,0.0
Stage2,Scenario39,xij,115,0.0
Stage2,Scenario39,xij,116,1.0
Stage2,Scenario39,xij,117,1.0
Stage2,Scenario39,xij,118,0.0
Stage2,Scenario39,xij,119,0.0
Stage2,Scenario39,xij,12,0.0
Stage2,Scenario39,xij,13,1.0
Stage2,Scenario39,xij,14,0.0
Stage2,Scenario39,xij,15,0.0
Stage2,Scenario39,xij,16,0.0
Stage2,Scenario39,xij,17,0.0
Stage2,Scenario39,xij,18,0.0
Stage2,Scenario39,xij,19,0.0
Stage2,Scenario39,xij,2,0.0
Stage2,Scenario39,xij,20,0.0
Stage2,Scenario39,xij,21,0.0
Stage2,Scenario39,xij,22,0.0
Stage2,Scenario39,xij,23,0.0
Stage2,Scenario39,xij,24,0.0
Stage2,Scenario39,xij,25,0.0
Stage2,Scenario39,xij,26,0.0
Stage2,Scenario39,xij,27,0.0
Stage2,Scenario39,xij,28,1.0
Stage2,Scenario39,xij,29,0.0
Stage2,Scenario39,xij,3,0.0
Stage2,Scenario39,xij,30,1.0
Stage2,Scenario39,xij,31,0.0
Stage2,Scenario39,xij,32,0.0
Stage2,Scenario39,xij,33,1.0
Stage2,Scenario39,xij,34,0.0
Stage2,Scenario39,xij,35,0.0
Stage2,Scenario39,xij,36,0.0
Stage2,Scenario39,xij,37,0.0
Stage2,Scenario39,xij,38,1.0
Stage2,Scenario39,xij,39,0.0
Stage2,Scenario39,xij,4,0.0
Stage2,Scenario39,xij,40,0.0
Stage2,Scenario39,xij,41,0.0
Stage2,Scenario39,xij,42,0.0
Stage2,Scenario39,xij,43,0.0
Stage2,Scenario39,xij,44,0.0
Stage2,Scenario39,xij,45,0.0
Stage2,Scenario39,xij,46,0.0
Stage2,Scenario39,xij,47,0.0
Stage2,Scenario39,xij,48,0.0
Stage2,Scenario39,xij,49,0.0
Stage2,Scenario39,xij,5,0.0
Stage2,Scenario39,xij,50,0.0
Stage2,Scenario39,xij,51,0.0
Stage2,Scenario39,xij,52,1.0
Stage2,Scenario39,xij,53,0.0
Stage2,Scenario39,xij,54,0.0
Stage2,Scenario39,xij,55,0.0
Stage2,Scenario39,xij,56,0.0
Stage2,Scenario39,xij,57,1.0
Stage2,Scenario39,xij,58,0.0
Stage2,Scenario39,xij,59,0.0
Stage2,Scenario39,xij,6,0.0
Stage2,Scenario39,xij,60,0.0
Stage2,Scenario39,xij,61,0.0
Stage2,Scenario39,xij,62,0.0
Stage2,Scenario39,xij,63,0.0
Stage2,Scenario39,xij,64,0.0
Stage2,Scenario39,xij,65,0.0
Stage2,Scenario39,xij,66,1.0
Stage2,Scenario39,xij,67,0.0
Stage2,Scenario39,xij,68,0.0
Stage2,Scenario39,xij,69,1.0
Stage2,Scenario39,xij,7,0.0
Stage2,Scenario39,xij,70,0.0
Stage2,Scenario39,xij,71,0.0
Stage2,Scenario39,xij,72,0.0
Stage2,Scenario39,xij,73,0.0
Stage2,Scenario39,xij,74,0.0
Stage2,Scenario39,xij,75,0.0
Stage2,Scenario39,xij,76,0.0
Stage2,Scenario39,xij,77,1.0
Stage2,Scenario39,xij,78,0.0
Stage2,Scenario39,xij,79,0.0
Stage2,Scenario39,xij,8,0.0
Stage2,Scenario39,xij,80,0.0
Stage2,Scenario39,xij,81,0.0
Stage2,Scenario39,xij,82,1.0
Stage2,Scenario39,xij,83,0.0
Stage2,Scenario39,xij,84,0.0
Stage2,Scenario39,xij,85,0.0
Stage2,Scenario39,xij,86,0.0
Stage2,Scenario39,xij,87,0.0
Stage2,Scenario39,xij,88,0.0
Stage2,Scenario39,xij,89,0.0
Stage2,Scenario39,xij,9,0.0
Stage2,Scenario39,xij,90,0.0
Stage2,Scenario39,xij,91,0.0
Stage2,Scenario39,xij,92,0.0
Stage2,Scenario39,xij,93,0.0
Stage2,Scenario39,xij,94,0.0
Stage2,Scenario39,xij,95,0.0
Stage2,Scenario39,xij,96,1.0
Stage2,Scenario39,xij,97,0.0
Stage2,Scenario39,xij,98,0.0
Stage2,Scenario39,xij,99,0.0
Stage2,Scenario4,Pij,0,-0.2762152516767267
Stage2,Scenario4,Pij,1,0.1202462014447358
Stage2,Scenario4,Pij,10,1.7310554582024118
Stage2,Scenario4,Pij,100,1.2589788069975378
Stage2,Scenario4,Pij,101,1.1325382529960188
Stage2,Scenario4,Pij,102,-2.331465409889104
Stage2,Scenario4,Pij,103,-0.8946761422206827
Stage2,Scenario4,Pij,104,0.0
Stage2,Scenario4,Pij,105,0.9661415521097803
Stage2,Scenario4,Pij,106,0.3816761422206702
Stage2,Scenario4,Pij,107,-1.3306032991137564
Stage2,Scenario4,Pij,108,1.4224148630208775
Stage2,Scenario4,Pij,109,-1.0407387208002075
Stage2,Scenario4,Pij,11,0.15494454179758838
Stage2,Scenario4,Pij,110,-1.3092925684895536
Stage2,Scenario4,Pij,111,-1.3092925684895536
Stage2,Scenario4,Pij,112,-3.1406032991137565
Stage2,Scenario4,Pij,113,0.0
Stage2,Scenario4,Pij,114,-2.2103016495568784
Stage2,Scenario4,Pij,115,-2.2103016495568784
Stage2,Scenario4,Pij,116,-1.3992612791997903
Stage2,Scenario4,Pij,117,0.0
Stage2,Scenario4,Pij,118,4.040999999999984
Stage2,Scenario4,Pij,119,0.0
Stage2,Scenario4,Pij,12,0.021055458202411784
Stage2,Scenario4,Pij,13,0.0
Stage2,Scenario4,Pij,14,-0.8745606277748966
Stage2,Scenario4,Pij,15,-1.2109746712930103
Stage2,Scenario4,Pij,16,-1.4613226350693962
Stage2,Scenario4,Pij,17,-1.8027083146986147
Stage2,Scenario4,Pij,18,-2.0777080770793557
Stage2,Scenario4,Pij,19,-0.2581751857649377
Stage2,Scenario4,Pij,2,0.7559690502319875
Stage2,Scenario4,Pij,20,-1.4713217636379559
Stage2,Scenario4,Pij,21,-1.5423612223536691
Stage2,Scenario4,Pij,22,-0.9078803898124606
Stage2,Scenario4,Pij,23,-2.155149450904851
Stage2,Scenario4,Pij,24,-2.1981751857649376
Stage2,Scenario4,Pij,25,0.08535882640820418
Stage2,Scenario4,Pij,26,-1.7673685596849404
Stage2,Scenario4,Pij,27,-1.7673685596849404
Stage2,Scenario4,Pij,28,1.6293782929616745
Stage2,Scenario4,Pij,29,-2.0732628806301694
Stage2,Scenario4,Pij,3,0.43378474832326996
Stage2,Scenario4,Pij,30,0.21044652127343633
Stage2,Scenario4,Pij,31,-1.0653823917450793
Stage2,Scenario4,Pij,32,-1.00788048888509
Stage2,Scenario4,Pij,33,-0.7396911958725396
Stage2,Scenario4,Pij,34,-0.7396911958725396
Stage2,Scenario4,Pij,35,-0.4667767393632819
Stage2,Scenario4,Pij,36,-0.4667767393632819
Stage2,Scenario4,Pij,37,-1.106776739363282
Stage2,Scenario4,Pij,38,-1.106776739363282
Stage2,Scenario4,Pij,39,-1.0541195111149602
Stage2,Scenario4,Pij,4,0.0
Stage2,Scenario4,Pij,40,-1.5837950908927005
Stage2,Scenario4,Pij,41,-0.3464133289732812
Stage2,Scenario4,Pij,42,-0.24590417207651366
Stage2,Scenario4,Pij,43,0.23231750104979143
Stage2,Scenario4,Pij,44,0.10461151574118221
Stage2,Scenario4,Pij,45,0.25897515528553305
Stage2,Scenario4,Pij,46,-0.04839282488461001
Stage2,Scenario4,Pij,47,-1.8425668053943147
Stage2,Scenario4,Pij,48,-0.6353884842588178
Stage2,Scenario4,Pij,49,-0.4776824989502085
Stage2,Scenario4,Pij,5,-0.05037550559358972
Stage2,Scenario4,Pij,50,-1.101024844714467
Stage2,Scenario4,Pij,51,-0.15000000000000002
Stage2,Scenario4,Pij,52,-1.0371377398515964
Stage2,Scenario4,Pij,53,-0.8228622601484036
Stage2,Scenario4,Pij,54,-1.227605343140569
Stage2,Scenario4,Pij,55,-2.2433137058544563
Stage2,Scenario4,Pij,56,-1.660425386342351
Stage2,Scenario4,Pij,57,-2.6911442174707303
Stage2,Scenario4,Pij,58,-2.512342763894159
Stage2,Scenario4,Pij,59,-0.3756879655887597
Stage2,Scenario4,Pij,6,-1.6293782929616745
Stage2,Scenario4,Pij,60,-0.6815284401023756
Stage2,Scenario4,Pij,61,-2.252929483222811
Stage2,Scenario4,Pij,62,-2.1358712039965364
Stage2,Scenario4,Pij,63,-2.3156879655887597
Stage2,Scenario4,Pij,64,-0.6744073685783403
Stage2,Scenario4,Pij,65,-1.3211544438604128
Stage2,Scenario4,Pij,66,-1.3211544438604128
Stage2,Scenario4,Pij,67,1.8425668053943147
Stage2,Scenario4,Pij,68,-0.8878960213864731
Stage2,Scenario4,Pij,69,-1.5521993127806266
Stage2,Scenario4,Pij,7,-0.3062152516767301
Stage2,Scenario4,Pij,70,-1.1180128121214845
Stage2,Scenario4,Pij,71,-1.3536783001576889
Stage2,Scenario4,Pij,72,-0.5590064060607423
Stage2,Scenario4,Pij,73,-0.5590064060607423
Stage2,Scenario4,Pij,74,-1.6810996563903131
Stage2,Scenario4,Pij,75,-1.6810996563903131
Stage2,Scenario4,Pij,76,-2.3210996563903135
Stage2,Scenario4,Pij,77,-2.3210996563903135
Stage2,Scenario4,Pij,78,-1.6463216998423111
Stage2,Scenario4,Pij,79,-0.06557483663448255
Stage2,Scenario4,Pij,8,0.04596905023198748
Stage2,Scenario4,Pij,80,-0.1938049067534498
Stage2,Scenario4,Pij,81,-0.2206202566120734
Stage2,Scenario4,Pij,82,-0.36929318967399016
Stage2,Scenario4,Pij,83,-0.06628164696049832
Stage2,Scenario4,Pij,84,-1.0276633546436695
Stage2,Scenario4,Pij,85,-0.9661415521097803
Stage2,Scenario4,Pij,86,-1.1092931896739902
Stage2,Scenario4,Pij,87,-0.9306202566120735
Stage2,Scenario4,Pij,88,-1.4262816469604984
Stage2,Scenario4,Pij,89,-0.8100000000000023
Stage2,Scenario4,Pij,9,-1.36
Stage2,Scenario4,Pij,90,-1.449507485253594
Stage2,Scenario4,Pij,91,-1.0704925147464082
Stage2,Scenario4,Pij,92,-1.6397587350983078
Stage2,Scenario4,Pij,93,-2.213705294472944
Stage2,Scenario4,Pij,94,-2.397482945043295
Stage2,Scenario4,Pij,95,-2.9799114732756844
Stage2,Scenario4,Pij,96,-4.6347799331376205
Stage2,Scenario4,Pij,97,0.5975382529960187
Stage2,Scenario4,Pij,98,-3.60024125986484
Stage2,Scenario4,Pij,99,-0.6523755078837782
Stage2,Scenario4,bus_gen,0:0,0.0799999999999983
Stage2,Scenario4,bus_gen,0:1,0.0799999999999983
Stage2,Scenario4,bus_gen,0:113,0.0
Stage2,Scenario4,bus_gen,0:117,0.0
Stage2,Scenario4,bus_gen,0:118,0.0
Stage2,Scenario4,bus_gen,0:119,0.0
Stage2,Scenario4,bus_gen,0:2,0.76
Stage2,Scenario4,bus_gen,0:3,0.76
Stage2,Scenario4,bus_gen,1:112,0.0
Stage2,Scenario4,bus_gen,1:114,0.0
Stage2,Scenario4,bus_gen,1:4,0.0799999999999983
Stage2,Scenario4,bus_gen,1:5,0.0799999999999983
Stage2,Scenario4,bus_gen,1:6,0.76
Stage2,Scenario4,bus_gen,1:7,0.76
Stage2,Scenario4,bus_gen,12:10,0.55
Stage2,Scenario4,bus_gen,12:109,0.9359999999999999
Stage2,Scenario4,bus_gen,12:11,0.55
Stage2,Scenario4,bus_gen,12:12,0.55
Stage2,Scenario4,bus_gen,12:9,0.55
Stage2,Scenario4,bus_gen,13:72,0.0
Stage2,Scenario4,bus_gen,14:13,0.049999999999998934
Stage2,Scenario4,bus_gen,14:14,0.049999999999998934
Stage2,Scenario4,bus_gen,14:15,1.2500000000000002
Stage2,Scenario4,bus_gen,15:16,1.2500000000000002
Stage2,Scenario4,bus_gen,17:141,0.09300000000000001
Stage2,Scenario4,bus_gen,17:142,0.09699999999999999
Stage2,Scenario4,bus_gen,17:143,0.094
Stage2,Scenario4,bus_gen,17:144,0.091
Stage2,Scenario4,bus_gen,17:145,0.091
Stage2,Scenario4,bus_gen,17:146,0.09699999999999999
Stage2,Scenario4,bus_gen,17:148,0.11800000000000004
Stage2,Scenario4,bus_gen,17:149,0.11199999999999999
Stage2,Scenario4,bus_gen,17:150,0.10300000000000001
Stage2,Scenario4,bus_gen,17:151,0.045
Stage2,Scenario4,bus_gen,17:17,1.9750000000000003
Stage2,Scenario4,bus_gen,18:121,0.6659999999999999
Stage2,Scenario4,bus_gen,2:120,0.0
Stage2,Scenario4,bus_gen,20:73,3.96
Stage2,Scenario4,bus_gen,21:156,0.0
Stage2,Scenario4,bus_gen,21:74,0.0
Stage2,Scenario4,bus_gen,21:75,0.5
Stage2,Scenario4,bus_gen,21:76,0.062000000000050015
Stage2,Scenario4,bus_gen,21:77,0.5
Stage2,Scenario4,bus_gen,21:78,0.5
Stage2,Scenario4,bus_gen,21:79,0.5
Stage2,Scenario4,bus_gen,22:18,0.6199999999999983
Stage2,Scenario4,bus_gen,22:19,1.7999999999999985
Stage2,Scenario4,bus_gen,22:20,0.21999999999999886
Stage2,Scenario4,bus_gen,22:21,0.21999999999999886
Stage2,Scenario4,bus_gen,22:22,0.21999999999999886
Stage2,Scenario4,bus_gen,24:23,0.0799999999999983
Stage2,Scenario4,bus_gen,24:24,0.0799999999999983
Stage2,Scenario4,bus_gen,24:25,0.56
Stage2,Scenario4,bus_gen,24:80,0.0
Stage2,Scenario4,bus_gen,25:26,0.0799999999999983
Stage2,Scenario4,bus_gen,25:27,0.0799999999999983
Stage2,Scenario4,bus_gen,25:28,0.7599999999999999
Stage2,Scenario4,bus_gen,25:29,0.7599999999999999
Stage2,Scenario4,bus_gen,3:115,0.0
Stage2,Scenario4,bus_gen,30:30,0.55
Stage2,Scenario4,bus_gen,30:31,0.55
Stage2,Scenario4,bus_gen,35:116,2.0
Stage2,Scenario4,bus_gen,36:152,0.132
Stage2,Scenario4,bus_gen,36:32,3.136
Stage2,Scenario4,bus_gen,36:33,0.21999999999999886
Stage2,Scenario4,bus_gen,36:34,0.21999999999999886
Stage2,Scenario4,bus_gen,37:81,0.0
Stage2,Scenario4,bus_gen,38:111,1.251
Stage2,Scenario4,bus_gen,38:35,0.55
Stage2,Scenario4,bus_gen,38:36,0.55
Stage2,Scenario4,bus_gen,38:82,0.5
Stage2,Scenario4,bus_gen,38:83,0.5
Stage2,Scenario4,bus_gen,38:84,0.5
Stage2,Scenario4,bus_gen,39:37,1.55
Stage2,Scenario4,bus_gen,41:38,3.33
Stage2,Scenario4,bus_gen,44:39,2.1139999999999985
Stage2,Scenario4,bus_gen,45:85,0.5
Stage2,Scenario4,bus_gen,45:86,0.5
Stage2,Scenario4,bus_gen,45:87,0.5
Stage2,Scenario4,bus_gen,45:88,0.5
Stage2,Scenario4,bus_gen,45:89,0.5
Stage2,Scenario4,bus_gen,45:90,0.5
Stage2,Scenario4,bus_gen,46:40,0.7699999999999984
Stage2,Scenario4,bus_gen,46:41,0.7699999999999984
Stage2,Scenario4,bus_gen,46:42,1.7999999999999985
Stage2,Scenario4,bus_gen,46:43,0.55
Stage2,Scenario4,bus_gen,46:44,0.55
Stage2,Scenario4,bus_gen,46:45,0.55
Stage2,Scenario4,bus_gen,48:46,0.0799999999999983
Stage2,Scenario4,bus_gen,48:47,0.0799999999999983
Stage2,Scenario4,bus_gen,48:48,0.21999999999999886
Stage2,Scenario4,bus_gen,48:49,0.21999999999999886
Stage2,Scenario4,bus_gen,49:50,0.0799999999999983
Stage2,Scenario4,bus_gen,49:51,0.0799999999999983
Stage2,Scenario4,bus_gen,49:52,0.21999999999999886
Stage2,Scenario4,bus_gen,49:53,0.21999999999999886
Stage2,Scenario4,bus_gen,50:155,0.0
Stage2,Scenario4,bus_gen,54:54,0.21999999999999886
Stage2,Scenario4,bus_gen,54:55,0.21999999999999886
Stage2,Scenario4,bus_gen,55:122,0.0
Stage2,Scenario4,bus_gen,56:153,1.483
Stage2,Scenario4,bus_gen,57:103,0.0
Stage2,Scenario4,bus_gen,57:106,0.0
Stage2,Scenario4,bus_gen,59:105,0.941
Stage2,Scenario4,bus_gen,6:8,3.136
Stage2,Scenario4,bus_gen,60:102,0.9330000000000003
Stage2,Scenario4,bus_gen,60:123,1.0170000000000001
Stage2,Scenario4,bus_gen,60:124,0.631
Stage2,Scenario4,bus_gen,60:125,0.6540000000000001
Stage2,Scenario4,bus_gen,60:126,0.67
Stage2,Scenario4,bus_gen,60:127,0.648
Stage2,Scenario4,bus_gen,60:128,0.638
Stage2,Scenario4,bus_gen,60:129,0.6409999999999999
Stage2,Scenario4,bus_gen,60:130,0.6659999999999999
Stage2,Scenario4,bus_gen,60:131,0.624
Stage2,Scenario4,bus_gen,60:132,0.669
Stage2,Scenario4,bus_gen,60:133,0.652
Stage2,Scenario4,bus_gen,60:134,0.278
Stage2,Scenario4,bus_gen,60:138,0.272
Stage2,Scenario4,bus_gen,60:157,0.5
Stage2,Scenario4,bus_gen,60:56,1.6999999999999986
Stage2,Scenario4,bus_gen,60:99,0.9509999999999998
Stage2,Scenario4,bus_gen,61:100,0.927
Stage2,Scenario4,bus_gen,61:101,0.516
Stage2,Scenario4,bus_gen,61:91,0.0
Stage2,Scenario4,bus_gen,61:97,0.516
Stage2,Scenario4,bus_gen,61:98,0.516
Stage2,Scenario4,bus_gen,62:57,0.049999999999998934
Stage2,Scenario4,bus_gen,62:58,0.049999999999998934
Stage2,Scenario4,bus_gen,62:59,0.049999999999998934
Stage2,Scenario4,bus_gen,62:60,0.049999999999998934
Stage2,Scenario4,bus_gen,62:61,0.049999999999998934
Stage2,Scenario4,bus_gen,62:62,0.21999999999999886
Stage2,Scenario4,bus_gen,62:63,0.21999999999999886
Stage2,Scenario4,bus_gen,62:64,0.21999999999999886
Stage2,Scenario4,bus_gen,63:65,1.2500000000000002
Stage2,Scenario4,bus_gen,64:154,0.0
Stage2,Scenario4,bus_gen,65:66,3.33
Stage2,Scenario4,bus_gen,66:110,0.0
Stage2,Scenario4,bus_gen,67:135,0.0
Stage2,Scenario4,bus_gen,67:136,0.0
Stage2,Scenario4,bus_gen,67:137,0.0
Stage2,Scenario4,bus_gen,67:139,0.0
Stage2,Scenario4,bus_gen,67:140,0.0
Stage2,Scenario4,bus_gen,67:147,0.0
Stage2,Scenario4,bus_gen,67:96,0.0
Stage2,Scenario4,bus_gen,68:67,2.1139999999999985
Stage2,Scenario4,bus_gen,69:68,0.21999999999999886
Stage2,Scenario4,bus_gen,69:69,0.21999999999999886
Stage2,Scenario4,bus_gen,69:92,0.5
Stage2,Scenario4,bus_gen,69:93,0.5
Stage2,Scenario4,bus_gen,69:94,0.5
Stage2,Scenario4,bus_gen,69:95,0.5
Stage2,Scenario4,bus_gen,70:70,1.9069999999999985
Stage2,Scenario4,bus_gen,70:71,1.9069999999999985
Stage2,Scenario4,bus_gen,71:104,0.0
Stage2,Scenario4,bus_gen,71:107,0.0
Stage2,Scenario4,bus_gen,71:108,0.0
Stage2,Scenario4,cvar,None,27.453684210526298
Stage2,Scenario4,gen_curtailment,0:0,0.0
Stage2,Scenario4,gen_curtailment,0:1,0.0
Stage2,Scenario4,gen_curtailment,0:113,0.0
Stage2,Scenario4,gen_curtailment,0:117,0.0
Stage2,Scenario4,gen_curtailment,0:118,0.0
Stage2,Scenario4,gen_curtailment,0:119,0.0
Stage2,Scenario4,gen_curtailment,0:2,0.0
Stage2,Scenario4,gen_curtailment,0:3,0.0
Stage2,Scenario4,gen_curtailment,1:112,0.0
Stage2,Scenario4,gen_curtailment,1:114,0.0
Stage2,Scenario4,gen_curtailment,1:4,0.0
Stage2,Scenario4,gen_curtailment,1:5,0.0
Stage2,Scenario4,gen_curtailment,1:6,0.0
Stage2,Scenario4,gen_curtailment,1:7,0.0
Stage2,Scenario4,gen_curtailment,12:10,0.0
Stage2,Scenario4,gen_curtailment,12:109,0.0
Stage2,Scenario4,gen_curtailment,12:11,0.0
Stage2,Scenario4,gen_curtailment,12:12,0.0
Stage2,Scenario4,gen_curtailment,12:9,0.0
Stage2,Scenario4,gen_curtailment,13:72,0.0
Stage2,Scenario4,gen_curtailment,14:13,0.0
Stage2,Scenario4,gen_curtailment,14:14,0.0
Stage2,Scenario4,gen_curtailment,14:15,0.0
Stage2,Scenario4,gen_curtailment,15:16,0.0
Stage2,Scenario4,gen_curtailment,17:141,0.0
Stage2,Scenario4,gen_curtailment,17:142,0.0
Stage2,Scenario4,gen_curtailment,17:143,0.0
Stage2,Scenario4,gen_curtailment,17:144,0.0
Stage2,Scenario4,gen_curtailment,17:145,0.0
Stage2,Scenario4,gen_curtailment,17:146,0.0
Stage2,Scenario4,gen_curtailment,17:148,0.0
Stage2,Scenario4,gen_curtailment,17:149,0.0
Stage2,Scenario4,gen_curtailment,17:150,0.0
Stage2,Scenario4,gen_curtailment,17:151,0.0
Stage2,Scenario4,gen_curtailment,17:17,0.0
Stage2,Scenario4,gen_curtailment,18:121,0.0
Stage2,Scenario4,gen_curtailment,2:120,0.0
Stage2,Scenario4,gen_curtailment,20:73,0.0
Stage2,Scenario4,gen_curtailment,21:156,0.0
Stage2,Scenario4,gen_curtailment,21:74,0.0
Stage2,Scenario4,gen_curtailment,21:75,0.0
Stage2,Scenario4,gen_curtailment,21:76,0.0
Stage2,Scenario4,gen_curtailment,21:77,0.0
Stage2,Scenario4,gen_curtailment,21:78,0.0
Stage2,Scenario4,gen_curtailment,21:79,0.0
Stage2,Scenario4,gen_curtailment,22:18,0.0
Stage2,Scenario4,gen_curtailment,22:19,0.0
Stage2,Scenario4,gen_curtailment,22:20,0.0
Stage2,Scenario4,gen_curtailment,22:21,0.0
Stage2,Scenario4,gen_curtailment,22:22,0.0
Stage2,Scenario4,gen_curtailment,24:23,0.0
Stage2,Scenario4,gen_curtailment,24:24,0.0
Stage2,Scenario4,gen_curtailment,24:25,0.0
Stage2,Scenario4,gen_curtailment,24:80,0.0
Stage2,Scenario4,gen_curtailment,25:26,0.0
Stage2,Scenario4,gen_curtailment,25:27,0.0
Stage2,Scenario4,gen_curtailment,25:28,0.0
Stage2,Scenario4,gen_curtailment,25:29,0.0
Stage2,Scenario4,gen_curtailment,3:115,0.0
Stage2,Scenario4,gen_curtailment,30:30,0.0
Stage2,Scenario4,gen_curtailment,30:31,0.0
Stage2,Scenario4,gen_curtailment,35:116,0.0
Stage2,Scenario4,gen_curtailment,36:152,0.0
Stage2,Scenario4,gen_curtailment,36:32,0.0
Stage2,Scenario4,gen_curtailment,36:33,0.0
Stage2,Scenario4,gen_curtailment,36:34,0.0
Stage2,Scenario4,gen_curtailment,37:81,0.0
Stage2,Scenario4,gen_curtailment,38:111,0.0
Stage2,Scenario4,gen_curtailment,38:35,0.0
Stage2,Scenario4,gen_curtailment,38:36,0.0
Stage2,Scenario4,gen_curtailment,38:82,0.0
Stage2,Scenario4,gen_curtailment,38:83,0.0
Stage2,Scenario4,gen_curtailment,38:84,0.0
Stage2,Scenario4,gen_curtailment,39:37,0.0
Stage2,Scenario4,gen_curtailment,41:38,0.0
Stage2,Scenario4,gen_curtailment,44:39,0.0
Stage2,Scenario4,gen_curtailment,45:85,0.0
Stage2,Scenario4,gen_curtailment,45:86,0.0
Stage2,Scenario4,gen_curtailment,45:87,0.0
Stage2,Scenario4,gen_curtailment,45:88,0.0
Stage2,Scenario4,gen_curtailment,45:89,0.0
Stage2,Scenario4,gen_curtailment,45:90,0.0
Stage2,Scenario4,gen_curtailment,46:40,0.0
Stage2,Scenario4,gen_curtailment,46:41,0.0
Stage2,Scenario4,gen_curtailment,46:42,0.0
Stage2,Scenario4,gen_curtailment,46:43,0.0
Stage2,Scenario4,gen_curtailment,46:44,0.0
Stage2,Scenario4,gen_curtailment,46:45,0.0
Stage2,Scenario4,gen_curtailment,48:46,0.0
Stage2,Scenario4,gen_curtailment,48:47,0.0
Stage2,Scenario4,gen_curtailment,48:48,0.0
Stage2,Scenario4,gen_curtailment,48:49,0.0
Stage2,Scenario4,gen_curtailment,49:50,0.0
Stage2,Scenario4,gen_curtailment,49:51,0.0
Stage2,Scenario4,gen_curtailment,49:52,0.0
Stage2,Scenario4,gen_curtailment,49:53,0.0
Stage2,Scenario4,gen_curtailment,50:155,0.0
Stage2,Scenario4,gen_curtailment,54:54,0.0
Stage2,Scenario4,gen_curtailment,54:55,0.0
Stage2,Scenario4,gen_curtailment,55:122,0.0
Stage2,Scenario4,gen_curtailment,56:153,0.0
Stage2,Scenario4,gen_curtailment,57:103,0.0
Stage2,Scenario4,gen_curtailment,57:106,0.0
Stage2,Scenario4,gen_curtailment,59:105,0.0
Stage2,Scenario4,gen_curtailment,6:8,0.0
Stage2,Scenario4,gen_curtailment,60:102,0.0
Stage2,Scenario4,gen_curtailment,60:123,0.0
Stage2,Scenario4,gen_curtailment,60:124,0.0
Stage2,Scenario4,gen_curtailment,60:125,0.0
Stage2,Scenario4,gen_curtailment,60:126,0.0
Stage2,Scenario4,gen_curtailment,60:127,0.0
Stage2,Scenario4,gen_curtailment,60:128,0.0
Stage2,Scenario4,gen_curtailment,60:129,0.0
Stage2,Scenario4,gen_curtailment,60:130,0.0
Stage2,Scenario4,gen_curtailment,60:131,0.0
Stage2,Scenario4,gen_curtailment,60:132,0.0
Stage2,Scenario4,gen_curtailment,60:133,0.0
Stage2,Scenario4,gen_curtailment,60:134,0.0
Stage2,Scenario4,gen_curtailment,60:138,0.0
Stage2,Scenario4,gen_curtailment,60:157,0.0
Stage2,Scenario4,gen_curtailment,60:56,0.0
Stage2,Scenario4,gen_curtailment,60:99,0.0
Stage2,Scenario4,gen_curtailment,61:100,0.0
Stage2,Scenario4,gen_curtailment,61:101,0.0
Stage2,Scenario4,gen_curtailment,61:91,0.0
Stage2,Scenario4,gen_curtailment,61:97,0.0
Stage2,Scenario4,gen_curtailment,61:98,0.0
Stage2,Scenario4,gen_curtailment,62:57,0.0
Stage2,Scenario4,gen_curtailment,62:58,0.0
Stage2,Scenario4,gen_curtailment,62:59,0.0
Stage2,Scenario4,gen_curtailment,62:60,0.0
Stage2,Scenario4,gen_curtailment,62:61,0.0
Stage2,Scenario4,gen_curtailment,62:62,0.0
Stage2,Scenario4,gen_curtailment,62:63,0.0
Stage2,Scenario4,gen_curtailment,62:64,0.0
Stage2,Scenario4,gen_curtailment,63:65,0.0
Stage2,Scenario4,gen_curtailment,64:154,0.0
Stage2,Scenario4,gen_curtailment,65:66,0.0
Stage2,Scenario4,gen_curtailment,66:110,0.0
Stage2,Scenario4,gen_curtailment,67:135,0.0
Stage2,Scenario4,gen_curtailment,67:136,0.0
Stage2,Scenario4,gen_curtailment,67:137,0.0
Stage2,Scenario4,gen_curtailment,67:139,0.0
Stage2,Scenario4,gen_curtailment,67:140,0.0
Stage2,Scenario4,gen_curtailment,67:147,0.0
Stage2,Scenario4,gen_curtailment,67:96,0.0
Stage2,Scenario4,gen_curtailment,68:67,0.0
Stage2,Scenario4,gen_curtailment,69:68,0.0
Stage2,Scenario4,gen_curtailment,69:69,0.0
Stage2,Scenario4,gen_curtailment,69:92,0.0
Stage2,Scenario4,gen_curtailment,69:93,0.0
Stage2,Scenario4,gen_curtailment,69:94,0.0
Stage2,Scenario4,gen_curtailment,69:95,0.0
Stage2,Scenario4,gen_curtailment,70:70,0.0
Stage2,Scenario4,gen_curtailment,70:71,0.0
Stage2,Scenario4,gen_curtailment,71:104,0.0
Stage2,Scenario4,gen_curtailment,71:107,0.0
Stage2,Scenario4,gen_curtailment,71:108,0.0
Stage2,Scenario4,load_shed,0,0.0
Stage2,Scenario4,load_shed,1,0.0
Stage2,Scenario4,load_shed,10,0.0
Stage2,Scenario4,load_shed,11,0.0
Stage2,Scenario4,load_shed,12,0.0
Stage2,Scenario4,load_shed,13,0.0
Stage2,Scenario4,load_shed,14,0.0
Stage2,Scenario4,load_shed,15,0.0
Stage2,Scenario4,load_shed,16,0.0
Stage2,Scenario4,load_shed,17,0.0
Stage2,Scenario4,load_shed,18,0.0
Stage2,Scenario4,load_shed,19,0.0
Stage2,Scenario4,load_shed,2,0.0
Stage2,Scenario4,load_shed,20,0.0
Stage2,Scenario4,load_shed,21,0.0
Stage2,Scenario4,load_shed,22,0.0
Stage2,Scenario4,load_shed,23,0.0
Stage2,Scenario4,load_shed,24,0.0
Stage2,Scenario4,load_shed,25,0.0
Stage2,Scenario4,load_shed,26,0.0
Stage2,Scenario4,load_shed,27,0.0
Stage2,Scenario4,load_shed,28,0.0
Stage2,Scenario4,load_shed,29,0.0
Stage2,Scenario4,load_shed,3,0.0
Stage2,Scenario4,load_shed,30,0.0
Stage2,Scenario4,load_shed,31,0.0
Stage2,Scenario4,load_shed,32,0.0
Stage2,Scenario4,load_shed,33,0.0
Stage2,Scenario4,load_shed,34,0.0
Stage2,Scenario4,load_shed,35,0.0
Stage2,Scenario4,load_shed,36,0.0
Stage2,Scenario4,load_shed,37,0.0
Stage2,Scenario4,load_shed,38,0.0
Stage2,Scenario4,load_shed,39,0.0
Stage2,Scenario4,load_shed,4,0.0
Stage2,Scenario4,load_shed,40,0.0
Stage2,Scenario4,load_shed,41,0.0
Stage2,Scenario4,load_shed,42,0.0
Stage2,Scenario4,load_shed,43,0.0
Stage2,Scenario4,load_shed,44,0.0
Stage2,Scenario4,load_shed,45,0.0
Stage2,Scenario4,load_shed,46,0.0
Stage2,Scenario4,load_shed,47,0.0
Stage2,Scenario4,load_shed,48,0.0
Stage2,Scenario4,load_shed,49,0.0
Stage2,Scenario4,load_shed,5,0.0
Stage2,Scenario4,load_shed,50,0.0
Stage2,Scenario4,load_shed,51,0.0
Stage2,Scenario4,load_shed,52,0.0
Stage2,Scenario4,load_shed,53,0.0
Stage2,Scenario4,load_shed,54,0.0
Stage2,Scenario4,load_shed,55,0.0
Stage2,Scenario4,load_shed,56,0.0
Stage2,Scenario4,load_shed,57,0.0
Stage2,Scenario4,load_shed,58,0.0
Stage2,Scenario4,load_shed,59,0.0
Stage2,Scenario4,load_shed,6,0.0
Stage2,Scenario4,load_shed,60,0.0
Stage2,Scenario4,load_shed,61,0.0
Stage2,Scenario4,load_shed,62,0.0
Stage2,Scenario4,load_shed,63,0.0
Stage2,Scenario4,load_shed,64,0.0
Stage2,Scenario4,load_shed,65,0.0
Stage2,Scenario4,load_shed,66,0.0
Stage2,Scenario4,load_shed,67,0.0
Stage2,Scenario4,load_shed,68,0.0
Stage2,Scenario4,load_shed,69,0.0
Stage2,Scenario4,load_shed,7,0.0
Stage2,Scenario4,load_shed,70,0.0
Stage2,Scenario4,load_shed,71,0.0
Stage2,Scenario4,load_shed,72,0.0
Stage2,Scenario4,load_shed,8,0.0
Stage2,Scenario4,load_shed,9,0.0
Stage2,Scenario4,load_shed_value,None,0.0
Stage2,Scenario4,nu,None,0.0
Stage2,Scenario4,theta,0,-0.15601970987569197
Stage2,Scenario4,theta,1,-0.1521526963522178
Stage2,Scenario4,theta,10,-0.09972998769980908
Stage2,Scenario4,theta,11,-0.07062344465462188
Stage2,Scenario4,theta,12,0.0
Stage2,Scenario4,theta,13,-0.0888866298976817
Stage2,Scenario4,theta,14,0.042256806111389114
Stage2,Scenario4,theta,15,0.04080570606244964
Stage2,Scenario4,theta,16,0.09471054095883405
Stage2,Scenario4,theta,17,0.10962589444326516
Stage2,Scenario4,theta,18,0.035965436073160606
Stage2,Scenario4,theta,19,0.05463650564769187
Stage2,Scenario4,theta,2,-0.18139165838053029
Stage2,Scenario4,theta,20,0.1288578655359512
Stage2,Scenario4,theta,21,0.2005379922917685
Stage2,Scenario4,theta,22,0.07898559391368407
Stage2,Scenario4,theta,23,-0.04247086512261791
Stage2,Scenario4,theta,24,-0.1431602911987041
Stage2,Scenario4,theta,25,-0.13831050459307817
Stage2,Scenario4,theta,26,-0.0912745108905598
Stage2,Scenario4,theta,27,-0.1515961670922083
Stage2,Scenario4,theta,28,-0.16290727878793637
Stage2,Scenario4,theta,29,-0.18803373440790053
Stage2,Scenario4,theta,3,-0.20724335938927307
Stage2,Scenario4,theta,30,-0.2657934918048046
Stage2,Scenario4,theta,31,-0.2566434918048046
Stage2,Scenario4,theta,32,-0.08551576472929119
Stage2,Scenario4,theta,33,-0.12087121888031802
Stage2,Scenario4,theta,34,0.020696649559230847
Stage2,Scenario4,theta,35,0.1085757371012364
Stage2,Scenario4,theta,36,0.1412891022261505
Stage2,Scenario4,theta,37,0.03647554411395876
Stage2,Scenario4,theta,38,0.1616362088178638
Stage2,Scenario4,theta,39,0.1731011340836956
Stage2,Scenario4,theta,4,-0.2202770791454109
Stage2,Scenario4,theta,40,0.1961864306397439
Stage2,Scenario4,theta,41,0.21183861000944465
Stage2,Scenario4,theta,42,0.20880171827765
Stage2,Scenario4,theta,43,0.2760457045332622
Stage2,Scenario4,theta,44,0.22637277656702404
Stage2,Scenario4,theta,45,0.3383226521563012
Stage2,Scenario4,theta,46,0.3271098969738491
Stage2,Scenario4,theta,47,0.06582273493735949
Stage2,Scenario4,theta,48,0.5640709480181951
Stage2,Scenario4,theta,49,0.5649889957310779
Stage2,Scenario4,theta,5,-0.30728235556582584
Stage2,Scenario4,theta,50,0.604963783343173
Stage2,Scenario4,theta,51,0.6118892308196746
Stage2,Scenario4,theta,52,0.5828236698302214
Stage2,Scenario4,theta,53,0.5777150719474935
Stage2,Scenario4,theta,54,0.43867698747892653
Stage2,Scenario4,theta,55,0.48808698747892665
Stage2,Scenario4,theta,56,0.7272557225457696
Stage2,Scenario4,theta,57,0.6647182524120839
Stage2,Scenario4,theta,58,0.8691276483064753
Stage2,Scenario4,theta,59,0.9187855046235687
Stage2,Scenario4,theta,6,-0.06632843966114806
Stage2,Scenario4,theta,60,1.091597085097081
Stage2,Scenario4,theta,61,0.8440310416806426
Stage2,Scenario4,theta,62,0.7375763727857626
Stage2,Scenario4,theta,63,0.7772112847538774
Stage2,Scenario4,theta,64,0.76728770505614
Stage2,Scenario4,theta,65,0.7473738969738476
Stage2,Scenario4,theta,66,0.8078151606334938
Stage2,Scenario4,theta,67,0.933439292598044
Stage2,Scenario4,theta,68,0.781415503754576
Stage2,Scenario4,theta,69,0.8765652707401618
Stage2,Scenario4,theta,7,-0.1719228226114952
Stage2,Scenario4,theta,70,0.9820659288882951
Stage2,Scenario4,theta,71,0.6873370120760529
Stage2,Scenario4,theta,72,0.9820659288882951
Stage2,Scenario4,theta,8,-0.17539697321489314
Stage2,Scenario4,theta,9,-0.22432235556582578
Stage2,Scenario4,xij,0,1.0
Stage2,Scenario4,xij,1,1.0
Stage2,Scenario4,xij,10,1.0
Stage2,Scenario4,xij,100,1.0
Stage2,Scenario4,xij,101,1.0
Stage2,Scenario4,xij,102,1.0
Stage2,Scenario4,xij,103,1.0
Stage2,Scenario4,xij,104,0.0
Stage2,Scenario4,xij,105,1.0
Stage2,Scenario4,xij,106,1.0
Stage2,Scenario4,xij,107,1.0
Stage2,Scenario4,xij,108,1.0
Stage2,Scenario4,xij,109,1.0
Stage2,Scenario4,xij,11,1.0
Stage2,Scenario4,xij,110,1.0
Stage2,Scenario4,xij,111,1.0
Stage2,Scenario4,xij,112,1.0
Stage2,Scenario4,xij,113,0.0
Stage2,Scenario4,xij,114,1.0
Stage2,Scenario4,xij,115,1.0
Stage2,Scenario4,xij,116,1.0
Stage2,Scenario4,xij,117,0.0
Stage2,Scenario4,xij,118,1.0
Stage2,Scenario4,xij,119,1.0
Stage2,Scenario4,xij,12,1.0
Stage2,Scenario4,xij,13,0.0
Stage2,Scenario4,xij,14,1.0
Stage2,Scenario4,xij,15,1.0
Stage2,Scenario4,xij,16,1.0
Stage2,Scenario4,xij,17,1.0
Stage2,Scenario4,xij,18,1.0
Stage2,Scenario4,xij,19,1.0
Stage2,Scenario4,xij,2,1.0
Stage2,Scenario4,xij,20,1.0
Stage2,Scenario4,xij,21,1.0
Stage2,Scenario4,xij,22,1.0
Stage2,Scenario4,xij,23,1.0
Stage2,Scenario4,xij,24,1.0
Stage2,Scenario4,xij,25,1.0
Stage2,Scenario4,xij,26,1.0
Stage2,Scenario4,xij,27,1.0
Stage2,Scenario4,xij,28,1.0
Stage2,Scenario4,xij,29,1.0
Stage2,Scenario4,xij,3,1.0
Stage2,Scenario4,xij,30,1.0
Stage2,Scenario4,xij,31,1.0
Stage2,Scenario4,xij,32,1.0
Stage2,Scenario4,xij,33,1.0
Stage2,Scenario4,xij,34,1.0
Stage2,Scenario4,xij,35,1.0
Stage2,Scenario4,xij,36,1.0
Stage2,Scenario4,xij,37,1.0
Stage2,Scenario4,xij,38,1.0
Stage2,Scenario4,xij,39,1.0
Stage2,Scenario4,xij,4,0.0
Stage2,Scenario4,xij,40,1.0
Stage2,Scenario4,xij,41,1.0
Stage2,Scenario4,xij,42,1.0
Stage2,Scenario4,xij,43,1.0
Stage2,Scenario4,xij,44,1.0
Stage2,Scenario4,xij,45,1.0
Stage2,Scenario4,xij,46,1.0
Stage2,Scenario4,xij,47,1.0
Stage2,Scenario4,xij,48,1.0
Stage2,Scenario4,xij,49,1.0
Stage2,Scenario4,xij,5,1.0
Stage2,Scenario4,xij,50,1.0
Stage2,Scenario4,xij,51,1.0
Stage2,Scenario4,xij,52,1.0
Stage2,Scenario4,xij,53,1.0
Stage2,Scenario4,xij,54,1.0
Stage2,Scenario4,xij,55,1.0
Stage2,Scenario4,xij,56,1.0
Stage2,Scenario4,xij,57,1.0
Stage2,Scenario4,xij,58,1.0
Stage2,Scenario4,xij,59,1.0
Stage2,Scenario4,xij,6,1.0
Stage2,Scenario4,xij,60,1.0
Stage2,Scenario4,xij,61,1.0
Stage2,Scenario4,xij,62,1.0
Stage2,Scenario4,xij,63,1.0
Stage2,Scenario4,xij,64,1.0
Stage2,Scenario4,xij,65,1.0
Stage2,Scenario4,xij,66,1.0
Stage2,Scenario4,xij,67,1.0
Stage2,Scenario4,xij,68,1.0
Stage2,Scenario4,xij,69,1.0
Stage2,Scenario4,xij,7,1.0
Stage2,Scenario4,xij,70,1.0
Stage2,Scenario4,xij,71,1.0
Stage2,Scenario4,xij,72,1.0
Stage2,Scenario4,xij,73,1.0
Stage2,Scenario4,xij,74,1.0
Stage2,Scenario4,xij,75,1.0
Stage2,Scenario4,xij,76,1.0
Stage2,Scenario4,xij,77,1.0
Stage2,Scenario4,xij,78,1.0
Stage2,Scenario4,xij,79,1.0
Stage2,Scenario4,xij,8,1.0
Stage2,Scenario4,xij,80,1.0
Stage2,Scenario4,xij,81,1.0
Stage2,Scenario4,xij,82,1.0
Stage2,Scenario4,xij,83,1.0
Stage2,Scenario4,xij,84,1.0
Stage2,Scenario4,xij,85,1.0
Stage2,Scenario4,xij,86,1.0
Stage2,Scenario4,xij,87,1.0
Stage2,Scenario4,xij,88,1.0
Stage2,Scenario4,xij,89,1.0
Stage2,Scenario4,xij,9,1.0
Stage2,Scenario4,xij,90,1.0
Stage2,Scenario4,xij,91,1.0
Stage2,Scenario4,xij,92,1.0
Stage2,Scenario4,xij,93,1.0
Stage2,Scenario4,xij,94,1.0
Stage2,Scenario4,xij,95,1.0
Stage2,Scenario4,xij,96,1.0
Stage2,Scenario4,xij,97,1.0
Stage2,Scenario4,xij,98,1.0
Stage2,Scenario4,xij,99,1.0
Stage2,Scenario40,Pij,0,0.0
Stage2,Scenario40,Pij,1,0.0
Stage2,Scenario40,Pij,10,1.7100000000000044
Stage2,Scenario40,Pij,100,-0.9500000000000028
Stage2,Scenario40,Pij,101,0.0
Stage2,Scenario40,Pij,102,0.0
Stage2,Scenario40,Pij,103,0.0
Stage2,Scenario40,Pij,104,-1.6999999999999984
Stage2,Scenario40,Pij,105,0.0
Stage2,Scenario40,Pij,106,0.0
Stage2,Scenario40,Pij,107,0.2500000000000002
Stage2,Scenario40,Pij,108,0.0
Stage2,Scenario40,Pij,109,0.0
Stage2,Scenario40,Pij,11,0.0
Stage2,Scenario40,Pij,110,0.0
Stage2,Scenario40,Pij,111,0.0
Stage2,Scenario40,Pij,112,0.0
Stage2,Scenario40,Pij,113,0.0
Stage2,Scenario40,Pij,114,0.0
Stage2,Scenario40,Pij,115,0.0
Stage2,Scenario40,Pij,116,0.0
Stage2,Scenario40,Pij,117,0.0
Stage2,Scenario40,Pij,118,0.0
Stage2,Scenario40,Pij,119,0.0
Stage2,Scenario40,Pij,12,0.0
Stage2,Scenario40,Pij,13,0.0
Stage2,Scenario40,Pij,14,0.0
Stage2,Scenario40,Pij,15,0.0
Stage2,Scenario40,Pij,16,0.0
Stage2,Scenario40,Pij,17,0.0
Stage2,Scenario40,Pij,18,0.0
Stage2,Scenario40,Pij,19,0.0
Stage2,Scenario40,Pij,2,0.0
Stage2,Scenario40,Pij,20,0.0
Stage2,Scenario40,Pij,21,0.0
Stage2,Scenario40,Pij,22,0.0
Stage2,Scenario40,Pij,23,0.0
Stage2,Scenario40,Pij,24,0.0
Stage2,Scenario40,Pij,25,0.0
Stage2,Scenario40,Pij,26,-1.8200000000000018
Stage2,Scenario40,Pij,27,0.0
Stage2,Scenario40,Pij,28,0.0
Stage2,Scenario40,Pij,29,0.0
Stage2,Scenario40,Pij,3,0.0
Stage2,Scenario40,Pij,30,0.0
Stage2,Scenario40,Pij,31,0.0
Stage2,Scenario40,Pij,32,0.0
Stage2,Scenario40,Pij,33,0.0
Stage2,Scenario40,Pij,34,0.0
Stage2,Scenario40,Pij,35,0.0
Stage2,Scenario40,Pij,36,-1.6999999999999933
Stage2,Scenario40,Pij,37,0.0
Stage2,Scenario40,Pij,38,-2.9799999999999938
Stage2,Scenario40,Pij,39,0.0
Stage2,Scenario40,Pij,4,0.0
Stage2,Scenario40,Pij,40,0.0
Stage2,Scenario40,Pij,41,0.0
Stage2,Scenario40,Pij,42,0.0
Stage2,Scenario40,Pij,43,0.7100000000000001
Stage2,Scenario40,Pij,44,0.0
Stage2,Scenario40,Pij,45,0.0
Stage2,Scenario40,Pij,46,0.0
Stage2,Scenario40,Pij,47,0.0
Stage2,Scenario40,Pij,48,0.0
Stage2,Scenario40,Pij,49,0.0
Stage2,Scenario40,Pij,5,0.0
Stage2,Scenario40,Pij,50,0.0
Stage2,Scenario40,Pij,51,0.0
Stage2,Scenario40,Pij,52,0.0
Stage2,Scenario40,Pij,53,0.0
Stage2,Scenario40,Pij,54,0.0
Stage2,Scenario40,Pij,55,0.0
Stage2,Scenario40,Pij,56,0.0
Stage2,Scenario40,Pij,57,-1.95
Stage2,Scenario40,Pij,58,0.0
Stage2,Scenario40,Pij,59,0.0
Stage2,Scenario40,Pij,6,0.0
Stage2,Scenario40,Pij,60,0.0
Stage2,Scenario40,Pij,61,0.0
Stage2,Scenario40,Pij,62,0.0
Stage2,Scenario40,Pij,63,0.0
Stage2,Scenario40,Pij,64,0.0
Stage2,Scenario40,Pij,65,0.0
Stage2,Scenario40,Pij,66,0.0
Stage2,Scenario40,Pij,67,0.0
Stage2,Scenario40,Pij,68,0.0
Stage2,Scenario40,Pij,69,0.0
Stage2,Scenario40,Pij,7,0.0
Stage2,Scenario40,Pij,70,0.0
Stage2,Scenario40,Pij,71,0.0
Stage2,Scenario40,Pij,72,-1.6999999999999984
Stage2,Scenario40,Pij,73,0.0
Stage2,Scenario40,Pij,74,0.0
Stage2,Scenario40,Pij,75,0.0
Stage2,Scenario40,Pij,76,0.0
Stage2,Scenario40,Pij,77,0.0
Stage2,Scenario40,Pij,78,0.0
Stage2,Scenario40,Pij,79,-0.24000000000000235
Stage2,Scenario40,Pij,8,0.0
Stage2,Scenario40,Pij,80,0.0
Stage2,Scenario40,Pij,81,0.0
Stage2,Scenario40,Pij,82,0.0
Stage2,Scenario40,Pij,83,0.0
Stage2,Scenario40,Pij,84,0.0
Stage2,Scenario40,Pij,85,0.0
Stage2,Scenario40,Pij,86,0.0
Stage2,Scenario40,Pij,87,0.0
Stage2,Scenario40,Pij,88,0.0
Stage2,Scenario40,Pij,89,0.0
Stage2,Scenario40,Pij,9,0.0
Stage2,Scenario40,Pij,90,0.0
Stage2,Scenario40,Pij,91,0.0
Stage2,Scenario40,Pij,92,0.0
Stage2,Scenario40,Pij,93,0.0
Stage2,Scenario40,Pij,94,0.0
Stage2,Scenario40,Pij,95,-0.941
Stage2,Scenario40,Pij,96,0.0
Stage2,Scenario40,Pij,97,0.0
Stage2,Scenario40,Pij,98,0.0
Stage2,Scenario40,Pij,99,0.0
Stage2,Scenario40,bus_gen,0:0,0.07999999999999834
Stage2,Scenario40,bus_gen,0:1,0.07999999999999834
Stage2,Scenario40,bus_gen,0:113,0.0
Stage2,Scenario40,bus_gen,0:117,0.0
Stage2,Scenario40,bus_gen,0:118,0.0
Stage2,Scenario40,bus_gen,0:119,0.0
Stage2,Scenario40,bus_gen,0:2,0.56
Stage2,Scenario40,bus_gen,0:3,0.56
Stage2,Scenario40,bus_gen,1:112,0.0
Stage2,Scenario40,bus_gen,1:114,0.0
Stage2,Scenario40,bus_gen,1:4,0.0799999999999983
Stage2,Scenario40,bus_gen,1:5,0.0799999999999983
Stage2,Scenario40,bus_gen,1:6,0.56
Stage2,Scenario40,bus_gen,1:7,0.56
Stage2,Scenario40,bus_gen,12:10,0.4285
Stage2,Scenario40,bus_gen,12:109,0.9359999999999999
Stage2,Scenario40,bus_gen,12:11,0.4285
Stage2,Scenario40,bus_gen,12:12,0.4285
Stage2,Scenario40,bus_gen,12:9,0.4285
Stage2,Scenario40,bus_gen,13:72,0.0
Stage2,Scenario40,bus_gen,14:13,0.04999999999999894
Stage2,Scenario40,bus_gen,14:14,0.04999999999999894
Stage2,Scenario40,bus_gen,14:15,1.2500000000000002
Stage2,Scenario40,bus_gen,15:16,1.2500000000000002
Stage2,Scenario40,bus_gen,17:141,0.09300000000000001
Stage2,Scenario40,bus_gen,17:142,0.09699999999999999
Stage2,Scenario40,bus_gen,17:143,0.09400000000000001
Stage2,Scenario40,bus_gen,17:144,0.091
Stage2,Scenario40,bus_gen,17:145,0.091
Stage2,Scenario40,bus_gen,17:146,0.09699999999999999
Stage2,Scenario40,bus_gen,17:148,0.11800000000000001
Stage2,Scenario40,bus_gen,17:149,0.11199999999999989
Stage2,Scenario40,bus_gen,17:150,0.10300000000000001
Stage2,Scenario40,bus_gen,17:151,0.045
Stage2,Scenario40,bus_gen,17:17,2.3890000000000002
Stage2,Scenario40,bus_gen,18:121,0.11000000000000676
Stage2,Scenario40,bus_gen,2:120,0.6150000000000007
Stage2,Scenario40,bus_gen,20:73,3.9600000000000004
Stage2,Scenario40,bus_gen,21:156,0.0
Stage2,Scenario40,bus_gen,21:74,0.0
Stage2,Scenario40,bus_gen,21:75,0.0
Stage2,Scenario40,bus_gen,21:76,0.0
Stage2,Scenario40,bus_gen,21:77,0.0
Stage2,Scenario40,bus_gen,21:78,0.0
Stage2,Scenario40,bus_gen,21:79,0.0
Stage2,Scenario40,bus_gen,22:18,0.9199999999999984
Stage2,Scenario40,bus_gen,22:19,1.3999999999999988
Stage2,Scenario40,bus_gen,22:20,0.21999999999999884
Stage2,Scenario40,bus_gen,22:21,0.21999999999999884
Stage2,Scenario40,bus_gen,22:22,0.21999999999999884
Stage2,Scenario40,bus_gen,24:23,0.2
Stage2,Scenario40,bus_gen,24:24,0.2
Stage2,Scenario40,bus_gen,24:25,0.76
Stage2,Scenario40,bus_gen,24:80,0.5000000000000003
Stage2,Scenario40,bus_gen,25:26,0.0799999999999983
Stage2,Scenario40,bus_gen,25:27,0.0799999999999983
Stage2,Scenario40,bus_gen,25:28,0.5599999999999999
Stage2,Scenario40,bus_gen,25:29,0.5599999999999999
Stage2,Scenario40,bus_gen,3:115,0.268
Stage2,Scenario40,bus_gen,30:30,0.55
Stage2,Scenario40,bus_gen,30:31,0.55
Stage2,Scenario40,bus_gen,35:116,1.95
Stage2,Scenario40,bus_gen,36:152,0.0
Stage2,Scenario40,bus_gen,36:32,3.136
Stage2,Scenario40,bus_gen,36:33,0.21999999999999884
Stage2,Scenario40,bus_gen,36:34,0.21999999999999884
Stage2,Scenario40,bus_gen,37:81,0.0
Stage2,Scenario40,bus_gen,38:111,1.251
Stage2,Scenario40,bus_gen,38:35,0.55
Stage2,Scenario40,bus_gen,38:36,0.55
Stage2,Scenario40,bus_gen,38:82,0.0
Stage2,Scenario40,bus_gen,38:83,0.31899999999999995
Stage2,Scenario40,bus_gen,38:84,0.5
Stage2,Scenario40,bus_gen,39:37,1.2500000000000002
Stage2,Scenario40,bus_gen,41:38,2.916000000000001
Stage2,Scenario40,bus_gen,44:39,1.6999999999999984
Stage2,Scenario40,bus_gen,45:85,0.0
Stage2,Scenario40,bus_gen,45:86,0.0
Stage2,Scenario40,bus_gen,45:87,0.0
Stage2,Scenario40,bus_gen,45:88,0.0
Stage2,Scenario40,bus_gen,45:89,0.0
Stage2,Scenario40,bus_gen,45:90,0.0
Stage2,Scenario40,bus_gen,46:40,0.6199999999999983
Stage2,Scenario40,bus_gen,46:41,0.6199999999999983
Stage2,Scenario40,bus_gen,46:42,1.3999999999999988
Stage2,Scenario40,bus_gen,46:43,0.21999999999999884
Stage2,Scenario40,bus_gen,46:44,0.21999999999999884
Stage2,Scenario40,bus_gen,46:45,0.21999999999999884
Stage2,Scenario40,bus_gen,48:46,0.2
Stage2,Scenario40,bus_gen,48:47,0.2
Stage2,Scenario40,bus_gen,48:48,0.21999999999999884
Stage2,Scenario40,bus_gen,48:49,0.21999999999999884
Stage2,Scenario40,bus_gen,49:50,0.2
Stage2,Scenario40,bus_gen,49:51,0.2
Stage2,Scenario40,bus_gen,49:52,0.40500000000000114
Stage2,Scenario40,bus_gen,49:53,0.40500000000000114
Stage2,Scenario40,bus_gen,50:155,1.8
Stage2,Scenario40,bus_gen,54:54,0.55
Stage2,Scenario40,bus_gen,54:55,0.55
Stage2,Scenario40,bus_gen,55:122,1.0090000000000001
Stage2,Scenario40,bus_gen,56:153,1.483
Stage2,Scenario40,bus_gen,57:103,0.517
Stage2,Scenario40,bus_gen,57:106,0.4919999999999999
Stage2,Scenario40,bus_gen,59:105,0.941
Stage2,Scenario40,bus_gen,6:8,3.136
Stage2,Scenario40,bus_gen,60:102,0.0
Stage2,Scenario40,bus_gen,60:123,0.0
Stage2,Scenario40,bus_gen,60:124,0.0
Stage2,Scenario40,bus_gen,60:125,0.0
Stage2,Scenario40,bus_gen,60:126,0.0
Stage2,Scenario40,bus_gen,60:127,0.0
Stage2,Scenario40,bus_gen,60:128,0.0
Stage2,Scenario40,bus_gen,60:129,0.0
Stage2,Scenario40,bus_gen,60:130,0.0
Stage2,Scenario40,bus_gen,60:131,0.0
Stage2,Scenario40,bus_gen,60:132,0.0
Stage2,Scenario40,bus_gen,60:133,0.0
Stage2,Scenario40,bus_gen,60:134,0.0
Stage2,Scenario40,bus_gen,60:138,0.0
Stage2,Scenario40,bus_gen,60:157,0.0
Stage2,Scenario40,bus_gen,60:56,1.6999999999999984
Stage2,Scenario40,bus_gen,60:99,0.0
Stage2,Scenario40,bus_gen,61:100,0.927
Stage2,Scenario40,bus_gen,61:101,0.4969999999999999
Stage2,Scenario40,bus_gen,61:91,0.0
Stage2,Scenario40,bus_gen,61:97,0.0
Stage2,Scenario40,bus_gen,61:98,0.516
Stage2,Scenario40,bus_gen,62:57,0.12
Stage2,Scenario40,bus_gen,62:58,0.12
Stage2,Scenario40,bus_gen,62:59,0.12
Stage2,Scenario40,bus_gen,62:60,0.12
Stage2,Scenario40,bus_gen,62:61,0.12
Stage2,Scenario40,bus_gen,62:62,0.2900000000000005
Stage2,Scenario40,bus_gen,62:63,0.2900000000000005
Stage2,Scenario40,bus_gen,62:64,0.2900000000000005
Stage2,Scenario40,bus_gen,63:65,1.2500000000000002
Stage2,Scenario40,bus_gen,64:154,0.0
Stage2,Scenario40,bus_gen,65:66,3.33
Stage2,Scenario40,bus_gen,66:110,1.5599999999999998
Stage2,Scenario40,bus_gen,67:135,0.273
Stage2,Scenario40,bus_gen,67:136,0.27
Stage2,Scenario40,bus_gen,67:137,0.28300000000000003
Stage2,Scenario40,bus_gen,67:139,0.27
Stage2,Scenario40,bus_gen,67:140,0.18400000000000005
Stage2,Scenario40,bus_gen,67:147,0.0
Stage2,Scenario40,bus_gen,67:96,0.0
Stage2,Scenario40,bus_gen,68:67,1.6999999999999984
Stage2,Scenario40,bus_gen,69:68,0.21999999999999884
Stage2,Scenario40,bus_gen,69:69,0.21999999999999884
Stage2,Scenario40,bus_gen,69:92,0.0
Stage2,Scenario40,bus_gen,69:93,0.0
Stage2,Scenario40,bus_gen,69:94,0.0
Stage2,Scenario40,bus_gen,69:95,0.0
Stage2,Scenario40,bus_gen,70:70,1.6999999999999984
Stage2,Scenario40,bus_gen,70:71,1.6999999999999984
Stage2,Scenario40,bus_gen,71:104,0.0
Stage2,Scenario40,bus_gen,71:107,0.0
Stage2,Scenario40,bus_gen,71:108,0.0
Stage2,Scenario40,cvar,None,27.4536842105263
Stage2,Scenario40,gen_curtailment,0:0,0.07999999999999834
Stage2,Scenario40,gen_curtailment,0:1,0.07999999999999834
Stage2,Scenario40,gen_curtailment,0:113,0.0
Stage2,Scenario40,gen_curtailment,0:117,0.0
Stage2,Scenario40,gen_curtailment,0:118,0.0
Stage2,Scenario40,gen_curtailment,0:119,0.0
Stage2,Scenario40,gen_curtailment,0:2,0.020000000000000018
Stage2,Scenario40,gen_curtailment,0:3,0.020000000000000018
Stage2,Scenario40,gen_curtailment,1:112,0.0
Stage2,Scenario40,gen_curtailment,1:114,0.0
Stage2,Scenario40,gen_curtailment,1:4,0.0799999999999983
Stage2,Scenario40,gen_curtailment,1:5,0.0799999999999983
Stage2,Scenario40,gen_curtailment,1:6,0.07500000000000007
Stage2,Scenario40,gen_curtailment,1:7,0.07500000000000007
Stage2,Scenario40,gen_curtailment,12:10,0.0
Stage2,Scenario40,gen_curtailment,12:109,0.0
Stage2,Scenario40,gen_curtailment,12:11,0.0
Stage2,Scenario40,gen_curtailment,12:12,0.0
Stage2,Scenario40,gen_curtailment,12:9,0.0
Stage2,Scenario40,gen_curtailment,13:72,0.0
Stage2,Scenario40,gen_curtailment,14:13,0.0
Stage2,Scenario40,gen_curtailment,14:14,0.0
Stage2,Scenario40,gen_curtailment,14:15,0.0
Stage2,Scenario40,gen_curtailment,15:16,0.2500000000000002
Stage2,Scenario40,gen_curtailment,17:141,0.0
Stage2,Scenario40,gen_curtailment,17:142,0.0
Stage2,Scenario40,gen_curtailment,17:143,0.0
Stage2,Scenario40,gen_curtailment,17:144,0.0
Stage2,Scenario40,gen_curtailment,17:145,0.0
Stage2,Scenario40,gen_curtailment,17:146,0.0
Stage2,Scenario40,gen_curtailment,17:148,0.0
Stage2,Scenario40,gen_curtailment,17:149,0.0
Stage2,Scenario40,gen_curtailment,17:150,0.0
Stage2,Scenario40,gen_curtailment,17:151,0.0
Stage2,Scenario40,gen_curtailment,17:17,0.0
Stage2,Scenario40,gen_curtailment,18:121,0.0
Stage2,Scenario40,gen_curtailment,2:120,0.0
Stage2,Scenario40,gen_curtailment,20:73,2.139999999999998
Stage2,Scenario40,gen_curtailment,21:156,0.0
Stage2,Scenario40,gen_curtailment,21:74,0.0
Stage2,Scenario40,gen_curtailment,21:75,0.0
Stage2,Scenario40,gen_curtailment,21:76,0.0
Stage2,Scenario40,gen_curtailment,21:77,0.0
Stage2,Scenario40,gen_curtailment,21:78,0.0
Stage2,Scenario40,gen_curtailment,21:79,0.0
Stage2,Scenario40,gen_curtailment,22:18,0.0
Stage2,Scenario40,gen_curtailment,22:19,0.0
Stage2,Scenario40,gen_curtailment,22:20,0.0
Stage2,Scenario40,gen_curtailment,22:21,0.0
Stage2,Scenario40,gen_curtailment,22:22,0.0
Stage2,Scenario40,gen_curtailment,24:23,0.0
Stage2,Scenario40,gen_curtailment,24:24,0.0
Stage2,Scenario40,gen_curtailment,24:25,0.0
Stage2,Scenario40,gen_curtailment,24:80,0.0
Stage2,Scenario40,gen_curtailment,25:26,0.07999999999999831
Stage2,Scenario40,gen_curtailment,25:27,0.07999999999999831
Stage2,Scenario40,gen_curtailment,25:28,0.07499999999999996
Stage2,Scenario40,gen_curtailment,25:29,0.07499999999999996
Stage2,Scenario40,gen_curtailment,3:115,0.0
Stage2,Scenario40,gen_curtailment,30:30,0.0
Stage2,Scenario40,gen_curtailment,30:31,0.0
Stage2,Scenario40,gen_curtailment,35:116,0.0
Stage2,Scenario40,gen_curtailment,36:152,0.0
Stage2,Scenario40,gen_curtailment,36:32,0.4860000000000002
Stage2,Scenario40,gen_curtailment,36:33,0.21999999999999884
Stage2,Scenario40,gen_curtailment,36:34,0.21999999999999884
Stage2,Scenario40,gen_curtailment,37:81,0.0
Stage2,Scenario40,gen_curtailment,38:111,0.0
Stage2,Scenario40,gen_curtailment,38:35,0.0
Stage2,Scenario40,gen_curtailment,38:36,0.0
Stage2,Scenario40,gen_curtailment,38:82,0.0
Stage2,Scenario40,gen_curtailment,38:83,0.0
Stage2,Scenario40,gen_curtailment,38:84,0.0
Stage2,Scenario40,gen_curtailment,39:37,0.2500000000000002
Stage2,Scenario40,gen_curtailment,41:38,1.2859999999999987
Stage2,Scenario40,gen_curtailment,44:39,0.0
Stage2,Scenario40,gen_curtailment,45:85,0.0
Stage2,Scenario40,gen_curtailment,45:86,0.0
Stage2,Scenario40,gen_curtailment,45:87,0.0
Stage2,Scenario40,gen_curtailment,45:88,0.0
Stage2,Scenario40,gen_curtailment,45:89,0.0
Stage2,Scenario40,gen_curtailment,45:90,0.0
Stage2,Scenario40,gen_curtailment,46:40,0.6199999999999983
Stage2,Scenario40,gen_curtailment,46:41,0.6199999999999983
Stage2,Scenario40,gen_curtailment,46:42,1.3999999999999988
Stage2,Scenario40,gen_curtailment,46:43,0.21999999999999884
Stage2,Scenario40,gen_curtailment,46:44,0.21999999999999884
Stage2,Scenario40,gen_curtailment,46:45,0.21999999999999884
Stage2,Scenario40,gen_curtailment,48:46,0.0
Stage2,Scenario40,gen_curtailment,48:47,0.0
Stage2,Scenario40,gen_curtailment,48:48,0.0
Stage2,Scenario40,gen_curtailment,48:49,0.0
Stage2,Scenario40,gen_curtailment,49:50,0.0
Stage2,Scenario40,gen_curtailment,49:51,0.0
Stage2,Scenario40,gen_curtailment,49:52,0.0
Stage2,Scenario40,gen_curtailment,49:53,0.0
Stage2,Scenario40,gen_curtailment,50:155,0.0
Stage2,Scenario40,gen_curtailment,54:54,0.0
Stage2,Scenario40,gen_curtailment,54:55,0.0
Stage2,Scenario40,gen_curtailment,55:122,0.0
Stage2,Scenario40,gen_curtailment,56:153,0.0
Stage2,Scenario40,gen_curtailment,57:103,0.0
Stage2,Scenario40,gen_curtailment,57:106,0.0
Stage2,Scenario40,gen_curtailment,59:105,0.0
Stage2,Scenario40,gen_curtailment,6:8,0.17599999999999572
Stage2,Scenario40,gen_curtailment,60:102,0.0
Stage2,Scenario40,gen_curtailment,60:123,0.0
Stage2,Scenario40,gen_curtailment,60:124,0.0
Stage2,Scenario40,gen_curtailment,60:125,0.0
Stage2,Scenario40,gen_curtailment,60:126,0.0
Stage2,Scenario40,gen_curtailment,60:127,0.0
Stage2,Scenario40,gen_curtailment,60:128,0.0
Stage2,Scenario40,gen_curtailment,60:129,0.0
Stage2,Scenario40,gen_curtailment,60:130,0.0
Stage2,Scenario40,gen_curtailment,60:131,0.0
Stage2,Scenario40,gen_curtailment,60:132,0.0
Stage2,Scenario40,gen_curtailment,60:133,0.0
Stage2,Scenario40,gen_curtailment,60:134,0.0
Stage2,Scenario40,gen_curtailment,60:138,0.0
Stage2,Scenario40,gen_curtailment,60:157,0.0
Stage2,Scenario40,gen_curtailment,60:56,0.0
Stage2,Scenario40,gen_curtailment,60:99,0.0
Stage2,Scenario40,gen_curtailment,61:100,0.0
Stage2,Scenario40,gen_curtailment,61:101,0.0
Stage2,Scenario40,gen_curtailment,61:91,0.0
Stage2,Scenario40,gen_curtailment,61:97,0.0
Stage2,Scenario40,gen_curtailment,61:98,0.0
Stage2,Scenario40,gen_curtailment,62:57,0.0
Stage2,Scenario40,gen_curtailment,62:58,0.0
Stage2,Scenario40,gen_curtailment,62:59,0.0
Stage2,Scenario40,gen_curtailment,62:60,0.0
Stage2,Scenario40,gen_curtailment,62:61,0.0
Stage2,Scenario40,gen_curtailment,62:62,0.0
Stage2,Scenario40,gen_curtailment,62:63,0.0
Stage2,Scenario40,gen_curtailment,62:64,0.0
Stage2,Scenario40,gen_curtailment,63:65,0.0
Stage2,Scenario40,gen_curtailment,64:154,0.0
Stage2,Scenario40,gen_curtailment,65:66,0.0
Stage2,Scenario40,gen_curtailment,66:110,0.0
Stage2,Scenario40,gen_curtailment,67:135,0.0
Stage2,Scenario40,gen_curtailment,67:136,0.0
Stage2,Scenario40,gen_curtailment,67:137,0.0
Stage2,Scenario40,gen_curtailment,67:139,0.0
Stage2,Scenario40,gen_curtailment,67:140,0.0
Stage2,Scenario40,gen_curtailment,67:147,0.0
Stage2,Scenario40,gen_curtailment,67:96,0.0
Stage2,Scenario40,gen_curtailment,68:67,0.0
Stage2,Scenario40,gen_curtailment,69:68,0.21999999999999884
Stage2,Scenario40,gen_curtailment,69:69,0.21999999999999884
Stage2,Scenario40,gen_curtailment,69:92,0.0
Stage2,Scenario40,gen_curtailment,69:93,0.0
Stage2,Scenario40,gen_curtailment,69:94,0.0
Stage2,Scenario40,gen_curtailment,69:95,0.0
Stage2,Scenario40,gen_curtailment,70:70,1.2249999999999943
Stage2,Scenario40,gen_curtailment,70:71,1.2249999999999943
Stage2,Scenario40,gen_curtailment,71:104,0.0
Stage2,Scenario40,gen_curtailment,71:107,0.0
Stage2,Scenario40,gen_curtailment,71:108,0.0
Stage2,Scenario40,load_shed,0,0.0
Stage2,Scenario40,load_shed,1,0.0
Stage2,Scenario40,load_shed,10,0.0
Stage2,Scenario40,load_shed,11,0.0
Stage2,Scenario40,load_shed,12,0.0
Stage2,Scenario40,load_shed,13,1.94
Stage2,Scenario40,load_shed,14,0.0
Stage2,Scenario40,load_shed,15,0.0
Stage2,Scenario40,load_shed,16,0.0
Stage2,Scenario40,load_shed,17,0.0
Stage2,Scenario40,load_shed,18,0.0
Stage2,Scenario40,load_shed,19,0.0
Stage2,Scenario40,load_shed,2,1.1849999999999994
Stage2,Scenario40,load_shed,20,0.0
Stage2,Scenario40,load_shed,21,0.0
Stage2,Scenario40,load_shed,22,0.0
Stage2,Scenario40,load_shed,23,0.0
Stage2,Scenario40,load_shed,24,0.1299999999999998
Stage2,Scenario40,load_shed,25,0.0
Stage2,Scenario40,load_shed,26,1.8
Stage2,Scenario40,load_shed,27,0.74
Stage2,Scenario40,load_shed,28,0.0
Stage2,Scenario40,load_shed,29,1.36
Stage2,Scenario40,load_shed,3,0.472
Stage2,Scenario40,load_shed,30,0.1499999999999999
Stage2,Scenario40,load_shed,31,1.71
Stage2,Scenario40,load_shed,32,1.75
Stage2,Scenario40,load_shed,33,0.0
Stage2,Scenario40,load_shed,34,0.0
Stage2,Scenario40,load_shed,35,0.0
Stage2,Scenario40,load_shed,36,0.0
Stage2,Scenario40,load_shed,37,1.94
Stage2,Scenario40,load_shed,38,0.0
Stage2,Scenario40,load_shed,39,0.0
Stage2,Scenario40,load_shed,4,0.7100000000000001
Stage2,Scenario40,load_shed,40,0.0
Stage2,Scenario40,load_shed,41,0.0
Stage2,Scenario40,load_shed,42,1.8099999999999992
Stage2,Scenario40,load_shed,43,1.28
Stage2,Scenario40,load_shed,44,0.0
Stage2,Scenario40,load_shed,45,0.0
Stage2,Scenario40,load_shed,46,0.0
Stage2,Scenario40,load_shed,47,0.0
Stage2,Scenario40,load_shed,48,0.0
Stage2,Scenario40,load_shed,49,0.0
Stage2,Scenario40,load_shed,5,1.36
Stage2,Scenario40,load_shed,50,0.0
Stage2,Scenario40,load_shed,51,0.74
Stage2,Scenario40,load_shed,52,0.7100000000000001
Stage2,Scenario40,load_shed,53,1.36
Stage2,Scenario40,load_shed,54,0.1499999999999999
Stage2,Scenario40,load_shed,55,0.7009999999999998
Stage2,Scenario40,load_shed,56,0.26699999999999996
Stage2,Scenario40,load_shed,57,0.0
Stage2,Scenario40,load_shed,58,0.0
Stage2,Scenario40,load_shed,59,0.0
Stage2,Scenario40,load_shed,6,0.0
Stage2,Scenario40,load_shed,60,0.0
Stage2,Scenario40,load_shed,61,0.0
Stage2,Scenario40,load_shed,62,0.0
Stage2,Scenario40,load_shed,63,0.0
Stage2,Scenario40,load_shed,64,0.0
Stage2,Scenario40,load_shed,65,0.0
Stage2,Scenario40,load_shed,66,0.0
Stage2,Scenario40,load_shed,67,0.0
Stage2,Scenario40,load_shed,68,0.0
Stage2,Scenario40,load_shed,69,0.0
Stage2,Scenario40,load_shed,7,0.0
Stage2,Scenario40,load_shed,70,0.0
Stage2,Scenario40,load_shed,71,0.0
Stage2,Scenario40,load_shed,72,0.0
Stage2,Scenario40,load_shed,8,1.75
Stage2,Scenario40,load_shed,9,1.95
Stage2,Scenario40,load_shed_value,None,25.964999999999993
Stage2,Scenario40,nu,None,0.0
Stage2,Scenario40,theta,0,-6.283185307179585
Stage2,Scenario40,theta,1,-6.283185307179586
Stage2,Scenario40,theta,10,-6.283185307179586
Stage2,Scenario40,theta,11,6.283185307179586
Stage2,Scenario40,theta,12,0.0
Stage2,Scenario40,theta,13,-6.283185307179586
Stage2,Scenario40,theta,14,-6.283185307179585
Stage2,Scenario40,theta,15,-6.283185307179586
Stage2,Scenario40,theta,16,-6.2831853071795845
Stage2,Scenario40,theta,17,-6.283185307179586
Stage2,Scenario40,theta,18,-6.283185307179586
Stage2,Scenario40,theta,19,-6.215185307179587
Stage2,Scenario40,theta,2,6.283185307179586
Stage2,Scenario40,theta,20,-6.1940053071795855
Stage2,Scenario40,theta,21,6.283185307179586
Stage2,Scenario40,theta,22,-6.149625307180747
Stage2,Scenario40,theta,23,6.283185307179586
Stage2,Scenario40,theta,24,-6.2228353071795866
Stage2,Scenario40,theta,25,-6.283185307179586
Stage2,Scenario40,theta,26,6.283185307179586
Stage2,Scenario40,theta,27,-6.283185307179586
Stage2,Scenario40,theta,28,-6.283185307179586
Stage2,Scenario40,theta,29,-6.283185307179586
Stage2,Scenario40,theta,3,6.283185307179586
Stage2,Scenario40,theta,30,-6.283185307179586
Stage2,Scenario40,theta,31,-6.283185307179586
Stage2,Scenario40,theta,32,-6.283185307179586
Stage2,Scenario40,theta,33,-6.283185307179586
Stage2,Scenario40,theta,34,6.283185307179586
Stage2,Scenario40,theta,35,-6.116928307179586
Stage2,Scenario40,theta,36,-6.283185307179586
Stage2,Scenario40,theta,37,-6.283185307179586
Stage2,Scenario40,theta,38,-6.283185307179586
Stage2,Scenario40,theta,39,-6.283185307179586
Stage2,Scenario40,theta,4,-6.283185307179586
Stage2,Scenario40,theta,40,-6.283185307179586
Stage2,Scenario40,theta,41,-6.283185307179586
Stage2,Scenario40,theta,42,-6.283185307179586
Stage2,Scenario40,theta,43,-6.283185307179586
Stage2,Scenario40,theta,44,-6.238985307179586
Stage2,Scenario40,theta,45,6.283185307179586
Stage2,Scenario40,theta,46,-6.283185307179586
Stage2,Scenario40,theta,47,-6.283185307179586
Stage2,Scenario40,theta,48,-6.283185307179586
Stage2,Scenario40,theta,49,-6.279825307179586
Stage2,Scenario40,theta,5,-6.283185307179586
Stage2,Scenario40,theta,50,-6.283185307179586
Stage2,Scenario40,theta,51,-6.283185307179586
Stage2,Scenario40,theta,52,-6.283185307179586
Stage2,Scenario40,theta,53,-6.283185307179586
Stage2,Scenario40,theta,54,-6.283185307179586
Stage2,Scenario40,theta,55,-6.283185307179586
Stage2,Scenario40,theta,56,-6.283185307179586
Stage2,Scenario40,theta,57,-6.283185307179586
Stage2,Scenario40,theta,58,6.283185307179586
Stage2,Scenario40,theta,59,-6.202955647179587
Stage2,Scenario40,theta,6,-6.178875307178513
Stage2,Scenario40,theta,60,-6.283185307179586
Stage2,Scenario40,theta,61,6.283185307179586
Stage2,Scenario40,theta,62,-6.283185307179586
Stage2,Scenario40,theta,63,-6.277435307179586
Stage2,Scenario40,theta,64,-6.283185307179586
Stage2,Scenario40,theta,65,-6.283185307179586
Stage2,Scenario40,theta,66,-6.283185307179586
Stage2,Scenario40,theta,67,6.283185307179586
Stage2,Scenario40,theta,68,-6.199885307179588
Stage2,Scenario40,theta,69,6.283185307179586
Stage2,Scenario40,theta,7,-6.283185307179586
Stage2,Scenario40,theta,70,-6.200535307179586
Stage2,Scenario40,theta,71,6.283185307179586
Stage2,Scenario40,theta,72,-6.1940053071795855
Stage2,Scenario40,theta,8,6.283185307179586
Stage2,Scenario40,theta,9,-6.283185307179586
Stage2,Scenario40,xij,0,0.0
Stage2,Scenario40,xij,1,0.0
Stage2,Scenario40,xij,10,1.0
Stage2,Scenario40,xij,100,1.0
Stage2,Scenario40,xij,101,0.0
Stage2,Scenario40,xij,102,0.0
Stage2,Scenario40,xij,103,0.0
Stage2,Scenario40,xij,104,1.0
Stage2,Scenario40,xij,105,0.0
Stage2,Scenario40,xij,106,0.0
Stage2,Scenario40,xij,107,1.0
Stage2,Scenario40,xij,108,0.0
Stage2,Scenario40,xij,109,0.0
Stage2,Scenario40,xij,11,0.0
Stage2,Scenario40,xij,110,0.0
Stage2,Scenario40,xij,111,0.0
Stage2,Scenario40,xij,112,0.0
Stage2,Scenario40,xij,113,0.0
Stage2,Scenario40,xij,114,0.0
Stage2,Scenario40,xij,115,0.0
Stage2,Scenario40,xij,116,0.0
Stage2,Scenario40,xij,117,1.0
Stage2,Scenario40,xij,118,0.0
Stage2,Scenario40,xij,119,0.0
Stage2,Scenario40,xij,12,0.0
Stage2,Scenario40,xij,13,0.0
Stage2,Scenario40,xij,14,0.0
Stage2,Scenario40,xij,15,0.0
Stage2,Scenario40,xij,16,0.0
Stage2,Scenario40,xij,17,0.0
Stage2,Scenario40,xij,18,0.0
Stage2,Scenario40,xij,19,1.0
Stage2,Scenario40,xij,2,0.0
Stage2,Scenario40,xij,20,0.0
Stage2,Scenario40,xij,21,0.0
Stage2,Scenario40,xij,22,0.0
Stage2,Scenario40,xij,23,0.0
Stage2,Scenario40,xij,24,0.0
Stage2,Scenario40,xij,25,0.0
Stage2,Scenario40,xij,26,1.0
Stage2,Scenario40,xij,27,0.0
Stage2,Scenario40,xij,28,0.0
Stage2,Scenario40,xij,29,0.0
Stage2,Scenario40,xij,3,0.0
Stage2,Scenario40,xij,30,0.0
Stage2,Scenario40,xij,31,0.0
Stage2,Scenario40,xij,32,0.0
Stage2,Scenario40,xij,33,0.0
Stage2,Scenario40,xij,34,0.0
Stage2,Scenario40,xij,35,0.0
Stage2,Scenario40,xij,36,1.0
Stage2,Scenario40,xij,37,0.0
Stage2,Scenario40,xij,38,1.0
Stage2,Scenario40,xij,39,0.0
Stage2,Scenario40,xij,4,0.0
Stage2,Scenario40,xij,40,0.0
Stage2,Scenario40,xij,41,0.0
Stage2,Scenario40,xij,42,0.0
Stage2,Scenario40,xij,43,1.0
Stage2,Scenario40,xij,44,0.0
Stage2,Scenario40,xij,45,0.0
Stage2,Scenario40,xij,46,0.0
Stage2,Scenario40,xij,47,0.0
Stage2,Scenario40,xij,48,0.0
Stage2,Scenario40,xij,49,0.0
Stage2,Scenario40,xij,5,0.0
Stage2,Scenario40,xij,50,0.0
Stage2,Scenario40,xij,51,0.0
Stage2,Scenario40,xij,52,0.0
Stage2,Scenario40,xij,53,0.0
Stage2,Scenario40,xij,54,0.0
Stage2,Scenario40,xij,55,0.0
Stage2,Scenario40,xij,56,0.0
Stage2,Scenario40,xij,57,1.0
Stage2,Scenario40,xij,58,0.0
Stage2,Scenario40,xij,59,0.0
Stage2,Scenario40,xij,6,0.0
Stage2,Scenario40,xij,60,0.0
Stage2,Scenario40,xij,61,0.0
Stage2,Scenario40,xij,62,0.0
Stage2,Scenario40,xij,63,0.0
Stage2,Scenario40,xij,64,0.0
Stage2,Scenario40,xij,65,0.0
Stage2,Scenario40,xij,66,0.0
Stage2,Scenario40,xij,67,1.0
Stage2,Scenario40,xij,68,0.0
Stage2,Scenario40,xij,69,0.0
Stage2,Scenario40,xij,7,0.0
Stage2,Scenario40,xij,70,0.0
Stage2,Scenario40,xij,71,0.0
Stage2,Scenario40,xij,72,1.0
Stage2,Scenario40,xij,73,0.0
Stage2,Scenario40,xij,74,0.0
Stage2,Scenario40,xij,75,0.0
Stage2,Scenario40,xij,76,0.0
Stage2,Scenario40,xij,77,0.0
Stage2,Scenario40,xij,78,0.0
Stage2,Scenario40,xij,79,1.0
Stage2,Scenario40,xij,8,0.0
Stage2,Scenario40,xij,80,0.0
Stage2,Scenario40,xij,81,0.0
Stage2,Scenario40,xij,82,0.0
Stage2,Scenario40,xij,83,0.0
Stage2,Scenario40,xij,84,0.0
Stage2,Scenario40,xij,85,0.0
Stage2,Scenario40,xij,86,0.0
Stage2,Scenario40,xij,87,0.0
Stage2,Scenario40,xij,88,0.0
Stage2,Scenario40,xij,89,0.0
Stage2,Scenario40,xij,9,1.0
Stage2,Scenario40,xij,90,0.0
Stage2,Scenario40,xij,91,0.0
Stage2,Scenario40,xij,92,0.0
Stage2,Scenario40,xij,93,0.0
Stage2,Scenario40,xij,94,0.0
Stage2,Scenario40,xij,95,1.0
Stage2,Scenario40,xij,96,0.0
Stage2,Scenario40,xij,97,0.0
Stage2,Scenario40,xij,98,0.0
Stage2,Scenario40,xij,99,0.0
Stage2,Scenario41,Pij,0,0.0
Stage2,Scenario41,Pij,1,0.0
Stage2,Scenario41,Pij,10,1.7100000000000046
Stage2,Scenario41,Pij,100,0.0
Stage2,Scenario41,Pij,101,0.0
Stage2,Scenario41,Pij,102,0.0
Stage2,Scenario41,Pij,103,0.0
Stage2,Scenario41,Pij,104,0.0
Stage2,Scenario41,Pij,105,-1.5230000000000068
Stage2,Scenario41,Pij,106,0.0
Stage2,Scenario41,Pij,107,0.0
Stage2,Scenario41,Pij,108,0.0
Stage2,Scenario41,Pij,109,0.0
Stage2,Scenario41,Pij,11,0.0
Stage2,Scenario41,Pij,110,0.0
Stage2,Scenario41,Pij,111,-1.6999999999999984
Stage2,Scenario41,Pij,112,0.0
Stage2,Scenario41,Pij,113,0.0
Stage2,Scenario41,Pij,114,0.0
Stage2,Scenario41,Pij,115,0.0
Stage2,Scenario41,Pij,116,0.0
Stage2,Scenario41,Pij,117,0.0
Stage2,Scenario41,Pij,118,0.0
Stage2,Scenario41,Pij,119,0.0
Stage2,Scenario41,Pij,12,0.0
Stage2,Scenario41,Pij,13,0.0
Stage2,Scenario41,Pij,14,0.0
Stage2,Scenario41,Pij,15,0.0
Stage2,Scenario41,Pij,16,0.0
Stage2,Scenario41,Pij,17,0.0
Stage2,Scenario41,Pij,18,0.0
Stage2,Scenario41,Pij,19,0.0
Stage2,Scenario41,Pij,2,0.0
Stage2,Scenario41,Pij,20,0.0
Stage2,Scenario41,Pij,21,0.0
Stage2,Scenario41,Pij,22,0.0
Stage2,Scenario41,Pij,23,0.0
Stage2,Scenario41,Pij,24,0.0
Stage2,Scenario41,Pij,25,0.0
Stage2,Scenario41,Pij,26,0.0
Stage2,Scenario41,Pij,27,0.0
Stage2,Scenario41,Pij,28,0.0
Stage2,Scenario41,Pij,29,0.0
Stage2,Scenario41,Pij,3,0.0
Stage2,Scenario41,Pij,30,0.0
Stage2,Scenario41,Pij,31,0.0
Stage2,Scenario41,Pij,32,0.0
Stage2,Scenario41,Pij,33,0.0
Stage2,Scenario41,Pij,34,0.0
Stage2,Scenario41,Pij,35,0.0
Stage2,Scenario41,Pij,36,0.0
Stage2,Scenario41,Pij,37,0.0
Stage2,Scenario41,Pij,38,-1.28
Stage2,Scenario41,Pij,39,0.0
Stage2,Scenario41,Pij,4,0.0
Stage2,Scenario41,Pij,40,0.0
Stage2,Scenario41,Pij,41,0.0
Stage2,Scenario41,Pij,42,0.0
Stage2,Scenario41,Pij,43,0.0
Stage2,Scenario41,Pij,44,0.0
Stage2,Scenario41,Pij,45,1.36
Stage2,Scenario41,Pij,46,0.0
Stage2,Scenario41,Pij,47,0.0
Stage2,Scenario41,Pij,48,0.0
Stage2,Scenario41,Pij,49,0.0
Stage2,Scenario41,Pij,5,0.0
Stage2,Scenario41,Pij,50,0.0
Stage2,Scenario41,Pij,51,0.0
Stage2,Scenario41,Pij,52,0.0
Stage2,Scenario41,Pij,53,0.0
Stage2,Scenario41,Pij,54,0.0
Stage2,Scenario41,Pij,55,0.0
Stage2,Scenario41,Pij,56,0.0
Stage2,Scenario41,Pij,57,-1.95
Stage2,Scenario41,Pij,58,0.0
Stage2,Scenario41,Pij,59,0.0
Stage2,Scenario41,Pij,6,0.0
Stage2,Scenario41,Pij,60,0.0
Stage2,Scenario41,Pij,61,0.0
Stage2,Scenario41,Pij,62,0.0
Stage2,Scenario41,Pij,63,0.0
Stage2,Scenario41,Pij,64,0.0
Stage2,Scenario41,Pij,65,0.0
Stage2,Scenario41,Pij,66,0.0
Stage2,Scenario41,Pij,67,0.0
Stage2,Scenario41,Pij,68,0.0
Stage2,Scenario41,Pij,69,0.0
Stage2,Scenario41,Pij,7,0.0
Stage2,Scenario41,Pij,70,0.0
Stage2,Scenario41,Pij,71,0.0
Stage2,Scenario41,Pij,72,0.0
Stage2,Scenario41,Pij,73,0.0
Stage2,Scenario41,Pij,74,0.0
Stage2,Scenario41,Pij,75,0.0
Stage2,Scenario41,Pij,76,0.0
Stage2,Scenario41,Pij,77,0.0
Stage2,Scenario41,Pij,78,0.0
Stage2,Scenario41,Pij,79,0.0
Stage2,Scenario41,Pij,8,0.0
Stage2,Scenario41,Pij,80,0.0
Stage2,Scenario41,Pij,81,0.0
Stage2,Scenario41,Pij,82,0.74
Stage2,Scenario41,Pij,83,0.0
Stage2,Scenario41,Pij,84,0.0
Stage2,Scenario41,Pij,85,0.0
Stage2,Scenario41,Pij,86,0.0
Stage2,Scenario41,Pij,87,0.0
Stage2,Scenario41,Pij,88,0.0
Stage2,Scenario41,Pij,89,0.0
Stage2,Scenario41,Pij,9,0.0
Stage2,Scenario41,Pij,90,0.0
Stage2,Scenario41,Pij,91,0.0
Stage2,Scenario41,Pij,92,0.0
Stage2,Scenario41,Pij,93,0.0
Stage2,Scenario41,Pij,94,0.0
Stage2,Scenario41,Pij,95,0.0
Stage2,Scenario41,Pij,96,0.0
Stage2,Scenario41,Pij,97,0.0
Stage2,Scenario41,Pij,98,0.0
Stage2,Scenario41,Pij,99,0.0
Stage2,Scenario41,bus_gen,0:0,0.0799999999999983
Stage2,Scenario41,bus_gen,0:1,0.0799999999999983
Stage2,Scenario41,bus_gen,0:113,0.0
Stage2,Scenario41,bus_gen,0:117,0.0
Stage2,Scenario41,bus_gen,0:118,0.0
Stage2,Scenario41,bus_gen,0:119,0.0
Stage2,Scenario41,bus_gen,0:2,0.56
Stage2,Scenario41,bus_gen,0:3,0.56
Stage2,Scenario41,bus_gen,1:112,0.0
Stage2,Scenario41,bus_gen,1:114,0.0
Stage2,Scenario41,bus_gen,1:4,0.0799999999999983
Stage2,Scenario41,bus_gen,1:5,0.0799999999999983
Stage2,Scenario41,bus_gen,1:6,0.56
Stage2,Scenario41,bus_gen,1:7,0.56
Stage2,Scenario41,bus_gen,12:10,0.4285
Stage2,Scenario41,bus_gen,12:109,0.936
Stage2,Scenario41,bus_gen,12:11,0.4285
Stage2,Scenario41,bus_gen,12:12,0.4285
Stage2,Scenario41,bus_gen,12:9,0.4285
Stage2,Scenario41,bus_gen,13:72,0.0
Stage2,Scenario41,bus_gen,14:13,0.12
Stage2,Scenario41,bus_gen,14:14,0.12
Stage2,Scenario41,bus_gen,14:15,1.55
Stage2,Scenario41,bus_gen,15:16,1.2500000000000002
Stage2,Scenario41,bus_gen,17:141,0.093
Stage2,Scenario41,bus_gen,17:142,0.09699999999999999
Stage2,Scenario41,bus_gen,17:143,0.094
Stage2,Scenario41,bus_gen,17:144,0.09100000000000001
Stage2,Scenario41,bus_gen,17:145,0.09100000000000001
Stage2,Scenario41,bus_gen,17:146,0.09699999999999999
Stage2,Scenario41,bus_gen,17:148,0.11800000000000001
Stage2,Scenario41,bus_gen,17:149,0.11199999999999999
Stage2,Scenario41,bus_gen,17:150,0.10300000000000001
Stage2,Scenario41,bus_gen,17:151,0.04500000000000001
Stage2,Scenario41,bus_gen,17:17,2.3890000000000002
Stage2,Scenario41,bus_gen,18:121,0.6659999999999999
Stage2,Scenario41,bus_gen,2:120,0.6150000000000007
Stage2,Scenario41,bus_gen,20:73,3.96
Stage2,Scenario41,bus_gen,21:156,0.0
Stage2,Scenario41,bus_gen,21:74,0.0
Stage2,Scenario41,bus_gen,21:75,0.0
Stage2,Scenario41,bus_gen,21:76,0.0
Stage2,Scenario41,bus_gen,21:77,0.0
Stage2,Scenario41,bus_gen,21:78,0.0
Stage2,Scenario41,bus_gen,21:79,0.0
Stage2,Scenario41,bus_gen,22:18,0.6199999999999983
Stage2,Scenario41,bus_gen,22:19,1.3999999999999986
Stage2,Scenario41,bus_gen,22:20,0.21999999999999886
Stage2,Scenario41,bus_gen,22:21,0.21999999999999886
Stage2,Scenario41,bus_gen,22:22,0.21999999999999886
Stage2,Scenario41,bus_gen,24:23,0.0799999999999983
Stage2,Scenario41,bus_gen,24:24,0.0799999999999983
Stage2,Scenario41,bus_gen,24:25,0.76
Stage2,Scenario41,bus_gen,24:80,0.16000000000000347
Stage2,Scenario41,bus_gen,25:26,0.2
Stage2,Scenario41,bus_gen,25:27,0.2
Stage2,Scenario41,bus_gen,25:28,0.76
Stage2,Scenario41,bus_gen,25:29,0.76
Stage2,Scenario41,bus_gen,3:115,0.268
Stage2,Scenario41,bus_gen,30:30,0.55
Stage2,Scenario41,bus_gen,30:31,0.55
Stage2,Scenario41,bus_gen,35:116,1.95
Stage2,Scenario41,bus_gen,36:152,0.0
Stage2,Scenario41,bus_gen,36:32,3.136
Stage2,Scenario41,bus_gen,36:33,0.21999999999999886
Stage2,Scenario41,bus_gen,36:34,0.21999999999999886
Stage2,Scenario41,bus_gen,37:81,0.0
Stage2,Scenario41,bus_gen,38:111,1.2300000000000022
Stage2,Scenario41,bus_gen,38:35,0.21999999999999886
Stage2,Scenario41,bus_gen,38:36,0.21999999999999886
Stage2,Scenario41,bus_gen,38:82,0.5
Stage2,Scenario41,bus_gen,38:83,0.5
Stage2,Scenario41,bus_gen,38:84,0.5
Stage2,Scenario41,bus_gen,39:37,1.2500000000000002
Stage2,Scenario41,bus_gen,41:38,3.3299999999999996
Stage2,Scenario41,bus_gen,44:39,1.6999999999999984
Stage2,Scenario41,bus_gen,45:85,0.0
Stage2,Scenario41,bus_gen,45:86,0.0
Stage2,Scenario41,bus_gen,45:87,0.0
Stage2,Scenario41,bus_gen,45:88,0.0
Stage2,Scenario41,bus_gen,45:89,0.0
Stage2,Scenario41,bus_gen,45:90,0.0
Stage2,Scenario41,bus_gen,46:40,0.6199999999999983
Stage2,Scenario41,bus_gen,46:41,0.6199999999999983
Stage2,Scenario41,bus_gen,46:42,1.3999999999999986
Stage2,Scenario41,bus_gen,46:43,0.21999999999999886
Stage2,Scenario41,bus_gen,46:44,0.21999999999999886
Stage2,Scenario41,bus_gen,46:45,0.21999999999999886
Stage2,Scenario41,bus_gen,48:46,0.0799999999999983
Stage2,Scenario41,bus_gen,48:47,0.0799999999999983
Stage2,Scenario41,bus_gen,48:48,0.4600000000000017
Stage2,Scenario41,bus_gen,48:49,0.4600000000000017
Stage2,Scenario41,bus_gen,49:50,0.2
Stage2,Scenario41,bus_gen,49:51,0.2
Stage2,Scenario41,bus_gen,49:52,0.55
Stage2,Scenario41,bus_gen,49:53,0.55
Stage2,Scenario41,bus_gen,50:155,1.8
Stage2,Scenario41,bus_gen,54:54,0.55
Stage2,Scenario41,bus_gen,54:55,0.55
Stage2,Scenario41,bus_gen,55:122,1.0090000000000001
Stage2,Scenario41,bus_gen,56:153,1.4830000000000003
Stage2,Scenario41,bus_gen,57:103,0.5169999999999999
Stage2,Scenario41,bus_gen,57:106,0.516
Stage2,Scenario41,bus_gen,59:105,0.0
Stage2,Scenario41,bus_gen,6:8,3.136
Stage2,Scenario41,bus_gen,60:102,0.0
Stage2,Scenario41,bus_gen,60:123,0.0
Stage2,Scenario41,bus_gen,60:124,0.0
Stage2,Scenario41,bus_gen,60:125,0.0
Stage2,Scenario41,bus_gen,60:126,0.0
Stage2,Scenario41,bus_gen,60:127,0.0
Stage2,Scenario41,bus_gen,60:128,0.0
Stage2,Scenario41,bus_gen,60:129,0.0
Stage2,Scenario41,bus_gen,60:130,0.0
Stage2,Scenario41,bus_gen,60:131,0.0
Stage2,Scenario41,bus_gen,60:132,0.0
Stage2,Scenario41,bus_gen,60:133,0.39999999999998853
Stage2,Scenario41,bus_gen,60:134,0.278
Stage2,Scenario41,bus_gen,60:138,0.272
Stage2,Scenario41,bus_gen,60:157,0.0
Stage2,Scenario41,bus_gen,60:56,1.6999999999999984
Stage2,Scenario41,bus_gen,60:99,0.0
Stage2,Scenario41,bus_gen,61:100,0.927
Stage2,Scenario41,bus_gen,61:101,0.516
Stage2,Scenario41,bus_gen,61:91,0.0
Stage2,Scenario41,bus_gen,61:97,0.49699999999999994
Stage2,Scenario41,bus_gen,61:98,0.0
Stage2,Scenario41,bus_gen,62:57,0.12
Stage2,Scenario41,bus_gen,62:58,0.12
Stage2,Scenario41,bus_gen,62:59,0.12
Stage2,Scenario41,bus_gen,62:60,0.12
Stage2,Scenario41,bus_gen,62:61,0.12
Stage2,Scenario41,bus_gen,62:62,0.34899999999999776
Stage2,Scenario41,bus_gen,62:63,0.34899999999999776
Stage2,Scenario41,bus_gen,62:64,0.34899999999999776
Stage2,Scenario41,bus_gen,63:65,1.2500000000000002
Stage2,Scenario41,bus_gen,64:154,0.0
Stage2,Scenario41,bus_gen,65:66,2.9160000000000004
Stage2,Scenario41,bus_gen,66:110,1.81
Stage2,Scenario41,bus_gen,67:135,0.17499999999999993
Stage2,Scenario41,bus_gen,67:136,0.27
Stage2,Scenario41,bus_gen,67:137,0.28300000000000003
Stage2,Scenario41,bus_gen,67:139,0.27
Stage2,Scenario41,bus_gen,67:140,0.282
Stage2,Scenario41,bus_gen,67:147,0.0
Stage2,Scenario41,bus_gen,67:96,0.0
Stage2,Scenario41,bus_gen,68:67,1.6999999999999984
Stage2,Scenario41,bus_gen,69:68,0.21999999999999886
Stage2,Scenario41,bus_gen,69:69,0.21999999999999886
Stage2,Scenario41,bus_gen,69:92,0.0
Stage2,Scenario41,bus_gen,69:93,0.0
Stage2,Scenario41,bus_gen,69:94,0.0
Stage2,Scenario41,bus_gen,69:95,0.0
Stage2,Scenario41,bus_gen,70:70,1.6999999999999984
Stage2,Scenario41,bus_gen,70:71,1.6999999999999984
Stage2,Scenario41,bus_gen,71:104,0.4970000000000001
Stage2,Scenario41,bus_gen,71:107,0.516
Stage2,Scenario41,bus_gen,71:108,0.5100000000000064
Stage2,Scenario41,cvar,None,48.500000000000085
Stage2,Scenario41,gen_curtailment,0:0,0.0799999999999983
Stage2,Scenario41,gen_curtailment,0:1,0.0799999999999983
Stage2,Scenario41,gen_curtailment,0:113,0.0
Stage2,Scenario41,gen_curtailment,0:117,0.0
Stage2,Scenario41,gen_curtailment,0:118,0.0
Stage2,Scenario41,gen_curtailment,0:119,0.0
Stage2,Scenario41,gen_curtailment,0:2,0.020000000000000018
Stage2,Scenario41,gen_curtailment,0:3,0.020000000000000018
Stage2,Scenario41,gen_curtailment,1:112,0.0
Stage2,Scenario41,gen_curtailment,1:114,0.0
Stage2,Scenario41,gen_curtailment,1:4,0.0
Stage2,Scenario41,gen_curtailment,1:5,0.0
Stage2,Scenario41,gen_curtailment,1:6,0.15499999999999836
Stage2,Scenario41,gen_curtailment,1:7,0.15499999999999836
Stage2,Scenario41,gen_curtailment,12:10,0.0
Stage2,Scenario41,gen_curtailment,12:109,0.0
Stage2,Scenario41,gen_curtailment,12:11,0.0
Stage2,Scenario41,gen_curtailment,12:12,0.0
Stage2,Scenario41,gen_curtailment,12:9,0.0
Stage2,Scenario41,gen_curtailment,13:72,0.0
Stage2,Scenario41,gen_curtailment,14:13,0.0
Stage2,Scenario41,gen_curtailment,14:14,0.0
Stage2,Scenario41,gen_curtailment,14:15,0.0
Stage2,Scenario41,gen_curtailment,15:16,0.2499999999999999
Stage2,Scenario41,gen_curtailment,17:141,0.0
Stage2,Scenario41,gen_curtailment,17:142,0.0
Stage2,Scenario41,gen_curtailment,17:143,0.0
Stage2,Scenario41,gen_curtailment,17:144,0.0
Stage2,Scenario41,gen_curtailment,17:145,0.0
Stage2,Scenario41,gen_curtailment,17:146,0.0
Stage2,Scenario41,gen_curtailment,17:148,0.0
Stage2,Scenario41,gen_curtailment,17:149,0.0
Stage2,Scenario41,gen_curtailment,17:150,0.0
Stage2,Scenario41,gen_curtailment,17:151,0.0
Stage2,Scenario41,gen_curtailment,17:17,0.0
Stage2,Scenario41,gen_curtailment,18:121,0.0
Stage2,Scenario41,gen_curtailment,2:120,0.0
Stage2,Scenario41,gen_curtailment,20:73,3.96
Stage2,Scenario41,gen_curtailment,21:156,0.0
Stage2,Scenario41,gen_curtailment,21:74,0.0
Stage2,Scenario41,gen_curtailment,21:75,0.0
Stage2,Scenario41,gen_curtailment,21:76,0.0
Stage2,Scenario41,gen_curtailment,21:77,0.0
Stage2,Scenario41,gen_curtailment,21:78,0.0
Stage2,Scenario41,gen_curtailment,21:79,0.0
Stage2,Scenario41,gen_curtailment,22:18,0.0
Stage2,Scenario41,gen_curtailment,22:19,0.7399999999999968
Stage2,Scenario41,gen_curtailment,22:20,0.21999999999999886
Stage2,Scenario41,gen_curtailment,22:21,0.21999999999999886
Stage2,Scenario41,gen_curtailment,22:22,0.21999999999999886
Stage2,Scenario41,gen_curtailment,24:23,0.0
Stage2,Scenario41,gen_curtailment,24:24,0.0
Stage2,Scenario41,gen_curtailment,24:25,0.0
Stage2,Scenario41,gen_curtailment,24:80,0.0
Stage2,Scenario41,gen_curtailment,25:26,0.0
Stage2,Scenario41,gen_curtailment,25:27,0.0
Stage2,Scenario41,gen_curtailment,25:28,0.0
Stage2,Scenario41,gen_curtailment,25:29,0.0
Stage2,Scenario41,gen_curtailment,3:115,0.0
Stage2,Scenario41,gen_curtailment,30:30,0.0
Stage2,Scenario41,gen_curtailment,30:31,0.0
Stage2,Scenario41,gen_curtailment,35:116,0.0
Stage2,Scenario41,gen_curtailment,36:152,0.0
Stage2,Scenario41,gen_curtailment,36:32,0.48600000000000027
Stage2,Scenario41,gen_curtailment,36:33,0.21999999999999886
Stage2,Scenario41,gen_curtailment,36:34,0.21999999999999886
Stage2,Scenario41,gen_curtailment,37:81,0.0
Stage2,Scenario41,gen_curtailment,38:111,0.0
Stage2,Scenario41,gen_curtailment,38:35,0.0
Stage2,Scenario41,gen_curtailment,38:36,0.0
Stage2,Scenario41,gen_curtailment,38:82,0.0
Stage2,Scenario41,gen_curtailment,38:83,0.0
Stage2,Scenario41,gen_curtailment,38:84,0.0
Stage2,Scenario41,gen_curtailment,39:37,0.2500000000000002
Stage2,Scenario41,gen_curtailment,41:38,0.0
Stage2,Scenario41,gen_curtailment,44:39,1.6999999999999984
Stage2,Scenario41,gen_curtailment,45:85,0.0
Stage2,Scenario41,gen_curtailment,45:86,0.0
Stage2,Scenario41,gen_curtailment,45:87,0.0
Stage2,Scenario41,gen_curtailment,45:88,0.0
Stage2,Scenario41,gen_curtailment,45:89,0.0
Stage2,Scenario41,gen_curtailment,45:90,0.0
Stage2,Scenario41,gen_curtailment,46:40,0.6199999999999983
Stage2,Scenario41,gen_curtailment,46:41,0.6199999999999983
Stage2,Scenario41,gen_curtailment,46:42,1.3999999999999986
Stage2,Scenario41,gen_curtailment,46:43,0.21999999999999886
Stage2,Scenario41,gen_curtailment,46:44,0.21999999999999886
Stage2,Scenario41,gen_curtailment,46:45,0.21999999999999886
Stage2,Scenario41,gen_curtailment,48:46,0.0
Stage2,Scenario41,gen_curtailment,48:47,0.0
Stage2,Scenario41,gen_curtailment,48:48,0.0
Stage2,Scenario41,gen_curtailment,48:49,0.0
Stage2,Scenario41,gen_curtailment,49:50,0.0
Stage2,Scenario41,gen_curtailment,49:51,0.0
Stage2,Scenario41,gen_curtailment,49:52,0.0
Stage2,Scenario41,gen_curtailment,49:53,0.0
Stage2,Scenario41,gen_curtailment,50:155,0.0
Stage2,Scenario41,gen_curtailment,54:54,0.0
Stage2,Scenario41,gen_curtailment,54:55,0.0
Stage2,Scenario41,gen_curtailment,55:122,0.0
Stage2,Scenario41,gen_curtailment,56:153,0.0
Stage2,Scenario41,gen_curtailment,57:103,0.0
Stage2,Scenario41,gen_curtailment,57:106,0.0
Stage2,Scenario41,gen_curtailment,59:105,0.0
Stage2,Scenario41,gen_curtailment,6:8,0.17599999999999572
Stage2,Scenario41,gen_curtailment,60:102,0.0
Stage2,Scenario41,gen_curtailment,60:123,0.0
Stage2,Scenario41,gen_curtailment,60:124,0.0
Stage2,Scenario41,gen_curtailment,60:125,0.0
Stage2,Scenario41,gen_curtailment,60:126,0.0
Stage2,Scenario41,gen_curtailment,60:127,0.0
Stage2,Scenario41,gen_curtailment,60:128,0.0
Stage2,Scenario41,gen_curtailment,60:129,0.0
Stage2,Scenario41,gen_curtailment,60:130,0.0
Stage2,Scenario41,gen_curtailment,60:131,0.0
Stage2,Scenario41,gen_curtailment,60:132,0.0
Stage2,Scenario41,gen_curtailment,60:133,0.0
Stage2,Scenario41,gen_curtailment,60:134,0.0
Stage2,Scenario41,gen_curtailment,60:138,0.0
Stage2,Scenario41,gen_curtailment,60:157,0.0
Stage2,Scenario41,gen_curtailment,60:56,0.0
Stage2,Scenario41,gen_curtailment,60:99,0.0
Stage2,Scenario41,gen_curtailment,61:100,0.0
Stage2,Scenario41,gen_curtailment,61:101,0.0
Stage2,Scenario41,gen_curtailment,61:91,0.0
Stage2,Scenario41,gen_curtailment,61:97,0.0
Stage2,Scenario41,gen_curtailment,61:98,0.0
Stage2,Scenario41,gen_curtailment,62:57,0.0
Stage2,Scenario41,gen_curtailment,62:58,0.0
Stage2,Scenario41,gen_curtailment,62:59,0.0
Stage2,Scenario41,gen_curtailment,62:60,0.0
Stage2,Scenario41,gen_curtailment,62:61,0.0
Stage2,Scenario41,gen_curtailment,62:62,0.0
Stage2,Scenario41,gen_curtailment,62:63,0.0
Stage2,Scenario41,gen_curtailment,62:64,0.0
Stage2,Scenario41,gen_curtailment,63:65,0.2500000000000002
Stage2,Scenario41,gen_curtailment,64:154,0.0
Stage2,Scenario41,gen_curtailment,65:66,1.2859999999999987
Stage2,Scenario41,gen_curtailment,66:110,0.0
Stage2,Scenario41,gen_curtailment,67:135,0.0
Stage2,Scenario41,gen_curtailment,67:136,0.0
Stage2,Scenario41,gen_curtailment,67:137,0.0
Stage2,Scenario41,gen_curtailment,67:139,0.0
Stage2,Scenario41,gen_curtailment,67:140,0.0
Stage2,Scenario41,gen_curtailment,67:147,0.0
Stage2,Scenario41,gen_curtailment,67:96,0.0
Stage2,Scenario41,gen_curtailment,68:67,0.0
Stage2,Scenario41,gen_curtailment,69:68,0.21999999999999886
Stage2,Scenario41,gen_curtailment,69:69,0.21999999999999886
Stage2,Scenario41,gen_curtailment,69:92,0.0
Stage2,Scenario41,gen_curtailment,69:93,0.0
Stage2,Scenario41,gen_curtailment,69:94,0.0
Stage2,Scenario41,gen_curtailment,69:95,0.0
Stage2,Scenario41,gen_curtailment,70:70,1.6999999999999984
Stage2,Scenario41,gen_curtailment,70:71,1.6999999999999984
Stage2,Scenario41,gen_curtailment,71:104,0.0
Stage2,Scenario41,gen_curtailment,71:107,0.0
Stage2,Scenario41,gen_curtailment,71:108,0.0
Stage2,Scenario41,load_shed,0,0.0
Stage2,Scenario41,load_shed,1,0.0
Stage2,Scenario41,load_shed,10,0.0
Stage2,Scenario41,load_shed,11,0.0
Stage2,Scenario41,load_shed,12,0.0
Stage2,Scenario41,load_shed,13,1.94
Stage2,Scenario41,load_shed,14,1.3800000000000001
Stage2,Scenario41,load_shed,15,0.0
Stage2,Scenario41,load_shed,16,0.0
Stage2,Scenario41,load_shed,17,0.0
Stage2,Scenario41,load_shed,18,1.1440000000000001
Stage2,Scenario41,load_shed,19,0.0
Stage2,Scenario41,load_shed,2,1.1849999999999994
Stage2,Scenario41,load_shed,20,0.0
Stage2,Scenario41,load_shed,21,0.0
Stage2,Scenario41,load_shed,22,0.0
Stage2,Scenario41,load_shed,23,0.0
Stage2,Scenario41,load_shed,24,0.0
Stage2,Scenario41,load_shed,25,0.41000000000000036
Stage2,Scenario41,load_shed,26,1.8
Stage2,Scenario41,load_shed,27,0.74
Stage2,Scenario41,load_shed,28,0.71
Stage2,Scenario41,load_shed,29,0.0
Stage2,Scenario41,load_shed,3,0.47200000000000003
Stage2,Scenario41,load_shed,30,0.1499999999999999
Stage2,Scenario41,load_shed,31,1.71
Stage2,Scenario41,load_shed,32,1.75
Stage2,Scenario41,load_shed,33,0.0
Stage2,Scenario41,load_shed,34,0.0
Stage2,Scenario41,load_shed,35,0.0
Stage2,Scenario41,load_shed,36,0.0
Stage2,Scenario41,load_shed,37,1.94
Stage2,Scenario41,load_shed,38,0.0
Stage2,Scenario41,load_shed,39,0.0
Stage2,Scenario41,load_shed,4,0.71
Stage2,Scenario41,load_shed,40,0.0
Stage2,Scenario41,load_shed,41,0.0
Stage2,Scenario41,load_shed,42,1.8099999999999996
Stage2,Scenario41,load_shed,43,1.28
Stage2,Scenario41,load_shed,44,0.0
Stage2,Scenario41,load_shed,45,0.0
Stage2,Scenario41,load_shed,46,0.0
Stage2,Scenario41,load_shed,47,0.0
Stage2,Scenario41,load_shed,48,0.0
Stage2,Scenario41,load_shed,49,0.20999999999999985
Stage2,Scenario41,load_shed,5,1.36
Stage2,Scenario41,load_shed,50,0.0
Stage2,Scenario41,load_shed,51,0.0
Stage2,Scenario41,load_shed,52,0.71
Stage2,Scenario41,load_shed,53,1.36
Stage2,Scenario41,load_shed,54,0.1499999999999999
Stage2,Scenario41,load_shed,55,0.7009999999999998
Stage2,Scenario41,load_shed,56,0.2669999999999999
Stage2,Scenario41,load_shed,57,0.917
Stage2,Scenario41,load_shed,58,0.0
Stage2,Scenario41,load_shed,59,0.0
Stage2,Scenario41,load_shed,6,0.0
Stage2,Scenario41,load_shed,60,0.0
Stage2,Scenario41,load_shed,61,0.0
Stage2,Scenario41,load_shed,62,0.0
Stage2,Scenario41,load_shed,63,0.0
Stage2,Scenario41,load_shed,64,0.0
Stage2,Scenario41,load_shed,65,0.0
Stage2,Scenario41,load_shed,66,0.0
Stage2,Scenario41,load_shed,67,0.0
Stage2,Scenario41,load_shed,68,0.0
Stage2,Scenario41,load_shed,69,0.0
Stage2,Scenario41,load_shed,7,0.0
Stage2,Scenario41,load_shed,70,0.0
Stage2,Scenario41,load_shed,71,0.0
Stage2,Scenario41,load_shed,72,0.0
Stage2,Scenario41,load_shed,8,1.75
Stage2,Scenario41,load_shed,9,1.95
Stage2,Scenario41,load_shed_value,None,28.505999999999993
Stage2,Scenario41,nu,None,1.0523157894736903
Stage2,Scenario41,theta,0,-6.283185307179585
Stage2,Scenario41,theta,1,-6.283185307179587
Stage2,Scenario41,theta,10,-6.283185307179587
Stage2,Scenario41,theta,11,6.283185307179587
Stage2,Scenario41,theta,12,0.0
Stage2,Scenario41,theta,13,-6.283185307179587
Stage2,Scenario41,theta,14,-6.283185307179587
Stage2,Scenario41,theta,15,-6.283185307179587
Stage2,Scenario41,theta,16,-6.283185307179587
Stage2,Scenario41,theta,17,-6.283185307179587
Stage2,Scenario41,theta,18,-6.283185307179587
Stage2,Scenario41,theta,19,-6.283185307179587
Stage2,Scenario41,theta,2,6.283185307179587
Stage2,Scenario41,theta,20,6.283185307179587
Stage2,Scenario41,theta,21,6.283185307179587
Stage2,Scenario41,theta,22,-6.2550253071795865
Stage2,Scenario41,theta,23,6.283185307179587
Stage2,Scenario41,theta,24,-6.283185307179587
Stage2,Scenario41,theta,25,-6.022065307179586
Stage2,Scenario41,theta,26,6.283185307179587
Stage2,Scenario41,theta,27,-6.283185307179587
Stage2,Scenario41,theta,28,-6.283185307179587
Stage2,Scenario41,theta,29,-6.283185307179587
Stage2,Scenario41,theta,3,6.283185307179587
Stage2,Scenario41,theta,30,-6.283185307179587
Stage2,Scenario41,theta,31,-6.283185307179587
Stage2,Scenario41,theta,32,-6.283185307179587
Stage2,Scenario41,theta,33,-6.283185307179587
Stage2,Scenario41,theta,34,-6.283185307179587
Stage2,Scenario41,theta,35,-6.1169283071795855
Stage2,Scenario41,theta,36,-6.283185307179587
Stage2,Scenario41,theta,37,-6.283185307179587
Stage2,Scenario41,theta,38,-6.283185307179587
Stage2,Scenario41,theta,39,-6.283185307179587
Stage2,Scenario41,theta,4,-6.283185307179587
Stage2,Scenario41,theta,40,-6.283185307179587
Stage2,Scenario41,theta,41,-6.283185307179587
Stage2,Scenario41,theta,42,-6.283185307179587
Stage2,Scenario41,theta,43,-6.283185307179587
Stage2,Scenario41,theta,44,6.283185307179587
Stage2,Scenario41,theta,45,6.283185307179587
Stage2,Scenario41,theta,46,-6.283185307179587
Stage2,Scenario41,theta,47,6.283185307179587
Stage2,Scenario41,theta,48,-6.283185307179587
Stage2,Scenario41,theta,49,-6.189205307179587
Stage2,Scenario41,theta,5,-6.283185307179587
Stage2,Scenario41,theta,50,-6.283185307179587
Stage2,Scenario41,theta,51,-6.283185307179587
Stage2,Scenario41,theta,52,-6.283185307179587
Stage2,Scenario41,theta,53,-6.283185307179587
Stage2,Scenario41,theta,54,-6.283185307179587
Stage2,Scenario41,theta,55,-6.283185307179587
Stage2,Scenario41,theta,56,-6.283185307179587
Stage2,Scenario41,theta,57,-6.283185307179587
Stage2,Scenario41,theta,58,-6.283185307179587
Stage2,Scenario41,theta,59,-6.283185307179587
Stage2,Scenario41,theta,6,-6.178875307178513
Stage2,Scenario41,theta,60,-6.283185307179587
Stage2,Scenario41,theta,61,6.283185307179587
Stage2,Scenario41,theta,62,-6.283185307179587
Stage2,Scenario41,theta,63,-6.283185307179587
Stage2,Scenario41,theta,64,-6.283185307179587
Stage2,Scenario41,theta,65,-6.283185307179587
Stage2,Scenario41,theta,66,6.283185307179587
Stage2,Scenario41,theta,67,-6.063185307180742
Stage2,Scenario41,theta,68,-6.238985307179586
Stage2,Scenario41,theta,69,6.283185307179587
Stage2,Scenario41,theta,7,-6.283185307179587
Stage2,Scenario41,theta,70,-6.283185307179587
Stage2,Scenario41,theta,71,-6.203989307179585
Stage2,Scenario41,theta,72,0.0
Stage2,Scenario41,theta,8,-6.283185307179587
Stage2,Scenario41,theta,9,-6.283185307179587
Stage2,Scenario41,xij,0,0.0
Stage2,Scenario41,xij,1,0.0
Stage2,Scenario41,xij,10,1.0
Stage2,Scenario41,xij,100,0.0
Stage2,Scenario41,xij,101,0.0
Stage2,Scenario41,xij,102,0.0
Stage2,Scenario41,xij,103,0.0
Stage2,Scenario41,xij,104,0.0
Stage2,Scenario41,xij,105,1.0
Stage2,Scenario41,xij,106,0.0
Stage2,Scenario41,xij,107,0.0
Stage2,Scenario41,xij,108,0.0
Stage2,Scenario41,xij,109,0.0
Stage2,Scenario41,xij,11,0.0
Stage2,Scenario41,xij,110,0.0
Stage2,Scenario41,xij,111,1.0
Stage2,Scenario41,xij,112,0.0
Stage2,Scenario41,xij,113,0.0
Stage2,Scenario41,xij,114,0.0
Stage2,Scenario41,xij,115,0.0
Stage2,Scenario41,xij,116,0.0
Stage2,Scenario41,xij,117,0.0
Stage2,Scenario41,xij,118,0.0
Stage2,Scenario41,xij,119,0.0
Stage2,Scenario41,xij,12,0.0
Stage2,Scenario41,xij,13,0.0
Stage2,Scenario41,xij,14,1.0
Stage2,Scenario41,xij,15,0.0
Stage2,Scenario41,xij,16,0.0
Stage2,Scenario41,xij,17,0.0
Stage2,Scenario41,xij,18,0.0
Stage2,Scenario41,xij,19,0.0
Stage2,Scenario41,xij,2,0.0
Stage2,Scenario41,xij,20,0.0
Stage2,Scenario41,xij,21,0.0
Stage2,Scenario41,xij,22,0.0
Stage2,Scenario41,xij,23,0.0
Stage2,Scenario41,xij,24,0.0
Stage2,Scenario41,xij,25,0.0
Stage2,Scenario41,xij,26,0.0
Stage2,Scenario41,xij,27,0.0
Stage2,Scenario41,xij,28,0.0
Stage2,Scenario41,xij,29,0.0
Stage2,Scenario41,xij,3,0.0
Stage2,Scenario41,xij,30,0.0
Stage2,Scenario41,xij,31,0.0
Stage2,Scenario41,xij,32,0.0
Stage2,Scenario41,xij,33,0.0
Stage2,Scenario41,xij,34,0.0
Stage2,Scenario41,xij,35,0.0
Stage2,Scenario41,xij,36,0.0
Stage2,Scenario41,xij,37,0.0
Stage2,Scenario41,xij,38,1.0
Stage2,Scenario41,xij,39,0.0
Stage2,Scenario41,xij,4,0.0
Stage2,Scenario41,xij,40,0.0
Stage2,Scenario41,xij,41,0.0
Stage2,Scenario41,xij,42,0.0
Stage2,Scenario41,xij,43,0.0
Stage2,Scenario41,xij,44,0.0
Stage2,Scenario41,xij,45,1.0
Stage2,Scenario41,xij,46,0.0
Stage2,Scenario41,xij,47,0.0
Stage2,Scenario41,xij,48,0.0
Stage2,Scenario41,xij,49,0.0
Stage2,Scenario41,xij,5,0.0
Stage2,Scenario41,xij,50,0.0
Stage2,Scenario41,xij,51,0.0
Stage2,Scenario41,xij,52,0.0
Stage2,Scenario41,xij,53,0.0
Stage2,Scenario41,xij,54,0.0
Stage2,Scenario41,xij,55,0.0
Stage2,Scenario41,xij,56,0.0
Stage2,Scenario41,xij,57,1.0
Stage2,Scenario41,xij,58,1.0
Stage2,Scenario41,xij,59,0.0
Stage2,Scenario41,xij,6,0.0
Stage2,Scenario41,xij,60,0.0
Stage2,Scenario41,xij,61,0.0
Stage2,Scenario41,xij,62,0.0
Stage2,Scenario41,xij,63,0.0
Stage2,Scenario41,xij,64,0.0
Stage2,Scenario41,xij,65,0.0
Stage2,Scenario41,xij,66,0.0
Stage2,Scenario41,xij,67,0.0
Stage2,Scenario41,xij,68,0.0
Stage2,Scenario41,xij,69,0.0
Stage2,Scenario41,xij,7,0.0
Stage2,Scenario41,xij,70,0.0
Stage2,Scenario41,xij,71,0.0
Stage2,Scenario41,xij,72,0.0
Stage2,Scenario41,xij,73,0.0
Stage2,Scenario41,xij,74,0.0
Stage2,Scenario41,xij,75,0.0
Stage2,Scenario41,xij,76,0.0
Stage2,Scenario41,xij,77,0.0
Stage2,Scenario41,xij,78,0.0
Stage2,Scenario41,xij,79,0.0
Stage2,Scenario41,xij,8,0.0
Stage2,Scenario41,xij,80,0.0
Stage2,Scenario41,xij,81,0.0
Stage2,Scenario41,xij,82,1.0
Stage2,Scenario41,xij,83,0.0
Stage2,Scenario41,xij,84,0.0
Stage2,Scenario41,xij,85,0.0
Stage2,Scenario41,xij,86,0.0
Stage2,Scenario41,xij,87,0.0
Stage2,Scenario41,xij,88,0.0
Stage2,Scenario41,xij,89,0.0
Stage2,Scenario41,xij,9,0.0
Stage2,Scenario41,xij,90,0.0
Stage2,Scenario41,xij,91,0.0
Stage2,Scenario41,xij,92,0.0
Stage2,Scenario41,xij,93,0.0
Stage2,Scenario41,xij,94,0.0
Stage2,Scenario41,xij,95,0.0
Stage2,Scenario41,xij,96,1.0
Stage2,Scenario41,xij,97,0.0
Stage2,Scenario41,xij,98,0.0
Stage2,Scenario41,xij,99,0.0
Stage2,Scenario42,Pij,0,0.0
Stage2,Scenario42,Pij,1,0.0
Stage2,Scenario42,Pij,10,1.7100000000000046
Stage2,Scenario42,Pij,100,0.0
Stage2,Scenario42,Pij,101,0.0
Stage2,Scenario42,Pij,102,-0.55
Stage2,Scenario42,Pij,103,0.0
Stage2,Scenario42,Pij,104,0.0
Stage2,Scenario42,Pij,105,0.0
Stage2,Scenario42,Pij,106,0.0
Stage2,Scenario42,Pij,107,0.0
Stage2,Scenario42,Pij,108,0.0
Stage2,Scenario42,Pij,109,0.0
Stage2,Scenario42,Pij,11,0.0
Stage2,Scenario42,Pij,110,0.0
Stage2,Scenario42,Pij,111,0.0
Stage2,Scenario42,Pij,112,0.0
Stage2,Scenario42,Pij,113,0.0
Stage2,Scenario42,Pij,114,0.0
Stage2,Scenario42,Pij,115,0.0
Stage2,Scenario42,Pij,116,0.0
Stage2,Scenario42,Pij,117,0.0
Stage2,Scenario42,Pij,118,0.0
Stage2,Scenario42,Pij,119,0.0
Stage2,Scenario42,Pij,12,0.0
Stage2,Scenario42,Pij,13,0.0
Stage2,Scenario42,Pij,14,0.0
Stage2,Scenario42,Pij,15,0.0
Stage2,Scenario42,Pij,16,0.0
Stage2,Scenario42,Pij,17,0.0
Stage2,Scenario42,Pij,18,0.0
Stage2,Scenario42,Pij,19,0.0
Stage2,Scenario42,Pij,2,0.0
Stage2,Scenario42,Pij,20,0.0
Stage2,Scenario42,Pij,21,0.0
Stage2,Scenario42,Pij,22,0.0
Stage2,Scenario42,Pij,23,0.0
Stage2,Scenario42,Pij,24,0.0
Stage2,Scenario42,Pij,25,0.0
Stage2,Scenario42,Pij,26,0.0
Stage2,Scenario42,Pij,27,0.0
Stage2,Scenario42,Pij,28,0.0
Stage2,Scenario42,Pij,29,0.0
Stage2,Scenario42,Pij,3,0.0
Stage2,Scenario42,Pij,30,0.0
Stage2,Scenario42,Pij,31,0.0
Stage2,Scenario42,Pij,32,0.0
Stage2,Scenario42,Pij,33,0.0
Stage2,Scenario42,Pij,34,0.0
Stage2,Scenario42,Pij,35,0.0
Stage2,Scenario42,Pij,36,0.0
Stage2,Scenario42,Pij,37,0.0
Stage2,Scenario42,Pij,38,-1.28
Stage2,Scenario42,Pij,39,0.0
Stage2,Scenario42,Pij,4,0.0
Stage2,Scenario42,Pij,40,0.0
Stage2,Scenario42,Pij,41,0.0
Stage2,Scenario42,Pij,42,0.0
Stage2,Scenario42,Pij,43,0.0
Stage2,Scenario42,Pij,44,0.0
Stage2,Scenario42,Pij,45,0.0
Stage2,Scenario42,Pij,46,0.0
Stage2,Scenario42,Pij,47,0.0
Stage2,Scenario42,Pij,48,0.0
Stage2,Scenario42,Pij,49,0.0
Stage2,Scenario42,Pij,5,0.0
Stage2,Scenario42,Pij,50,0.0
Stage2,Scenario42,Pij,51,0.0
Stage2,Scenario42,Pij,52,0.0
Stage2,Scenario42,Pij,53,-0.04999999999999716
Stage2,Scenario42,Pij,54,0.0
Stage2,Scenario42,Pij,55,0.0
Stage2,Scenario42,Pij,56,0.0
Stage2,Scenario42,Pij,57,-2.0
Stage2,Scenario42,Pij,58,0.0
Stage2,Scenario42,Pij,59,0.0
Stage2,Scenario42,Pij,6,0.0
Stage2,Scenario42,Pij,60,0.0
Stage2,Scenario42,Pij,61,0.0
Stage2,Scenario42,Pij,62,-1.2399999999999967
Stage2,Scenario42,Pij,63,0.0
Stage2,Scenario42,Pij,64,0.0
Stage2,Scenario42,Pij,65,0.0
Stage2,Scenario42,Pij,66,0.0
Stage2,Scenario42,Pij,67,0.0
Stage2,Scenario42,Pij,68,0.0
Stage2,Scenario42,Pij,69,0.0
Stage2,Scenario42,Pij,7,0.0
Stage2,Scenario42,Pij,70,0.0
Stage2,Scenario42,Pij,71,0.0
Stage2,Scenario42,Pij,72,0.0
Stage2,Scenario42,Pij,73,0.0
Stage2,Scenario42,Pij,74,0.0
Stage2,Scenario42,Pij,75,0.0
Stage2,Scenario42,Pij,76,0.0
Stage2,Scenario42,Pij,77,0.0
Stage2,Scenario42,Pij,78,0.0
Stage2,Scenario42,Pij,79,0.0
Stage2,Scenario42,Pij,8,0.0
Stage2,Scenario42,Pij,80,0.0
Stage2,Scenario42,Pij,81,0.0
Stage2,Scenario42,Pij,82,0.0
Stage2,Scenario42,Pij,83,0.0
Stage2,Scenario42,Pij,84,0.0
Stage2,Scenario42,Pij,85,0.0
Stage2,Scenario42,Pij,86,0.0
Stage2,Scenario42,Pij,87,0.0
Stage2,Scenario42,Pij,88,0.0
Stage2,Scenario42,Pij,89,0.0
Stage2,Scenario42,Pij,9,0.0
Stage2,Scenario42,Pij,90,0.0
Stage2,Scenario42,Pij,91,0.0
Stage2,Scenario42,Pij,92,0.0
Stage2,Scenario42,Pij,93,0.0
Stage2,Scenario42,Pij,94,0.0
Stage2,Scenario42,Pij,95,0.0
Stage2,Scenario42,Pij,96,0.0
Stage2,Scenario42,Pij,97,0.0
Stage2,Scenario42,Pij,98,0.0
Stage2,Scenario42,Pij,99,0.0
Stage2,Scenario42,bus_gen,0:0,0.0799999999999983
Stage2,Scenario42,bus_gen,0:1,0.0799999999999983
Stage2,Scenario42,bus_gen,0:113,0.0
Stage2,Scenario42,bus_gen,0:117,0.0
Stage2,Scenario42,bus_gen,0:118,0.0
Stage2,Scenario42,bus_gen,0:119,0.0
Stage2,Scenario42,bus_gen,0:2,0.56
Stage2,Scenario42,bus_gen,0:3,0.56
Stage2,Scenario42,bus_gen,1:112,0.0
Stage2,Scenario42,bus_gen,1:114,0.0
Stage2,Scenario42,bus_gen,1:4,0.0799999999999983
Stage2,Scenario42,bus_gen,1:5,0.0799999999999983
Stage2,Scenario42,bus_gen,1:6,0.56
Stage2,Scenario42,bus_gen,1:7,0.56
Stage2,Scenario42,bus_gen,12:10,0.4285
Stage2,Scenario42,bus_gen,12:109,0.936
Stage2,Scenario42,bus_gen,12:11,0.4285
Stage2,Scenario42,bus_gen,12:12,0.4285
Stage2,Scenario42,bus_gen,12:9,0.4285
Stage2,Scenario42,bus_gen,13:72,0.0
Stage2,Scenario42,bus_gen,14:13,0.12
Stage2,Scenario42,bus_gen,14:14,0.12
Stage2,Scenario42,bus_gen,14:15,1.55
Stage2,Scenario42,bus_gen,15:16,1.2500000000000002
Stage2,Scenario42,bus_gen,17:141,0.09300000000000001
Stage2,Scenario42,bus_gen,17:142,0.09699999999999999
Stage2,Scenario42,bus_gen,17:143,0.094
Stage2,Scenario42,bus_gen,17:144,0.091
Stage2,Scenario42,bus_gen,17:145,0.091
Stage2,Scenario42,bus_gen,17:146,0.09699999999999999
Stage2,Scenario42,bus_gen,17:148,0.11799999999999986
Stage2,Scenario42,bus_gen,17:149,0.11199999999999999
Stage2,Scenario42,bus_gen,17:150,0.10300000000000001
Stage2,Scenario42,bus_gen,17:151,0.045
Stage2,Scenario42,bus_gen,17:17,2.3890000000000002
Stage2,Scenario42,bus_gen,18:121,0.6659999999999999
Stage2,Scenario42,bus_gen,2:120,0.6150000000000007
Stage2,Scenario42,bus_gen,20:73,3.96
Stage2,Scenario42,bus_gen,21:156,0.0
Stage2,Scenario42,bus_gen,21:74,0.0
Stage2,Scenario42,bus_gen,21:75,0.0
Stage2,Scenario42,bus_gen,21:76,0.0
Stage2,Scenario42,bus_gen,21:77,0.0
Stage2,Scenario42,bus_gen,21:78,0.0
Stage2,Scenario42,bus_gen,21:79,0.0
Stage2,Scenario42,bus_gen,22:18,0.6199999999999983
Stage2,Scenario42,bus_gen,22:19,1.3999999999999986
Stage2,Scenario42,bus_gen,22:20,0.21999999999999886
Stage2,Scenario42,bus_gen,22:21,0.21999999999999886
Stage2,Scenario42,bus_gen,22:22,0.21999999999999886
Stage2,Scenario42,bus_gen,24:23,0.0799999999999983
Stage2,Scenario42,bus_gen,24:24,0.0799999999999983
Stage2,Scenario42,bus_gen,24:25,0.76
Stage2,Scenario42,bus_gen,24:80,0.16000000000000347
Stage2,Scenario42,bus_gen,25:26,0.0799999999999983
Stage2,Scenario42,bus_gen,25:27,0.0799999999999983
Stage2,Scenario42,bus_gen,25:28,0.56
Stage2,Scenario42,bus_gen,25:29,0.56
Stage2,Scenario42,bus_gen,3:115,0.268
Stage2,Scenario42,bus_gen,30:30,0.55
Stage2,Scenario42,bus_gen,30:31,0.55
Stage2,Scenario42,bus_gen,35:116,2.0
Stage2,Scenario42,bus_gen,36:152,0.0
Stage2,Scenario42,bus_gen,36:32,3.136
Stage2,Scenario42,bus_gen,36:33,0.21999999999999886
Stage2,Scenario42,bus_gen,36:34,0.21999999999999886
Stage2,Scenario42,bus_gen,37:81,0.0
Stage2,Scenario42,bus_gen,38:111,1.2300000000000022
Stage2,Scenario42,bus_gen,38:35,0.21999999999999886
Stage2,Scenario42,bus_gen,38:36,0.21999999999999886
Stage2,Scenario42,bus_gen,38:82,0.5
Stage2,Scenario42,bus_gen,38:83,0.5
Stage2,Scenario42,bus_gen,38:84,0.5
Stage2,Scenario42,bus_gen,39:37,1.2500000000000002
Stage2,Scenario42,bus_gen,41:38,3.33
Stage2,Scenario42,bus_gen,44:39,1.6999999999999984
Stage2,Scenario42,bus_gen,45:85,0.0
Stage2,Scenario42,bus_gen,45:86,0.0
Stage2,Scenario42,bus_gen,45:87,0.0
Stage2,Scenario42,bus_gen,45:88,0.0
Stage2,Scenario42,bus_gen,45:89,0.0
Stage2,Scenario42,bus_gen,45:90,0.0
Stage2,Scenario42,bus_gen,46:40,0.6199999999999983
Stage2,Scenario42,bus_gen,46:41,0.6199999999999983
Stage2,Scenario42,bus_gen,46:42,1.3999999999999986
Stage2,Scenario42,bus_gen,46:43,0.21999999999999886
Stage2,Scenario42,bus_gen,46:44,0.21999999999999886
Stage2,Scenario42,bus_gen,46:45,0.21999999999999886
Stage2,Scenario42,bus_gen,48:46,0.0799999999999983
Stage2,Scenario42,bus_gen,48:47,0.0799999999999983
Stage2,Scenario42,bus_gen,48:48,0.46000000000000174
Stage2,Scenario42,bus_gen,48:49,0.46000000000000174
Stage2,Scenario42,bus_gen,49:50,0.2
Stage2,Scenario42,bus_gen,49:51,0.2
Stage2,Scenario42,bus_gen,49:52,0.285
Stage2,Scenario42,bus_gen,49:53,0.285
Stage2,Scenario42,bus_gen,50:155,1.8
Stage2,Scenario42,bus_gen,54:54,0.55
Stage2,Scenario42,bus_gen,54:55,0.55
Stage2,Scenario42,bus_gen,55:122,1.0090000000000001
Stage2,Scenario42,bus_gen,56:153,1.483
Stage2,Scenario42,bus_gen,57:103,0.517
Stage2,Scenario42,bus_gen,57:106,0.5159999999999999
Stage2,Scenario42,bus_gen,59:105,0.0
Stage2,Scenario42,bus_gen,6:8,3.136
Stage2,Scenario42,bus_gen,60:102,0.0
Stage2,Scenario42,bus_gen,60:123,0.0
Stage2,Scenario42,bus_gen,60:124,0.631
Stage2,Scenario42,bus_gen,60:125,0.0
Stage2,Scenario42,bus_gen,60:126,0.0
Stage2,Scenario42,bus_gen,60:127,0.0
Stage2,Scenario42,bus_gen,60:128,0.0
Stage2,Scenario42,bus_gen,60:129,0.0
Stage2,Scenario42,bus_gen,60:130,0.0
Stage2,Scenario42,bus_gen,60:131,0.0
Stage2,Scenario42,bus_gen,60:132,0.0
Stage2,Scenario42,bus_gen,60:133,0.11200000000000143
Stage2,Scenario42,bus_gen,60:134,0.0
Stage2,Scenario42,bus_gen,60:138,0.0
Stage2,Scenario42,bus_gen,60:157,0.0
Stage2,Scenario42,bus_gen,60:56,1.9069999999999985
Stage2,Scenario42,bus_gen,60:99,0.0
Stage2,Scenario42,bus_gen,61:100,0.927
Stage2,Scenario42,bus_gen,61:101,0.0
Stage2,Scenario42,bus_gen,61:91,0.0
Stage2,Scenario42,bus_gen,61:97,0.516
Stage2,Scenario42,bus_gen,61:98,0.49699999999999994
Stage2,Scenario42,bus_gen,62:57,0.12
Stage2,Scenario42,bus_gen,62:58,0.12
Stage2,Scenario42,bus_gen,62:59,0.12
Stage2,Scenario42,bus_gen,62:60,0.12
Stage2,Scenario42,bus_gen,62:61,0.12
Stage2,Scenario42,bus_gen,62:62,0.55
Stage2,Scenario42,bus_gen,62:63,0.55
Stage2,Scenario42,bus_gen,62:64,0.55
Stage2,Scenario42,bus_gen,63:65,1.55
Stage2,Scenario42,bus_gen,64:154,0.0
Stage2,Scenario42,bus_gen,65:66,3.33
Stage2,Scenario42,bus_gen,66:110,1.8100000000000003
Stage2,Scenario42,bus_gen,67:135,0.273
Stage2,Scenario42,bus_gen,67:136,0.20900000000000013
Stage2,Scenario42,bus_gen,67:137,0.0
Stage2,Scenario42,bus_gen,67:139,0.0
Stage2,Scenario42,bus_gen,67:140,0.282
Stage2,Scenario42,bus_gen,67:147,0.0
Stage2,Scenario42,bus_gen,67:96,0.516
Stage2,Scenario42,bus_gen,68:67,1.6999999999999984
Stage2,Scenario42,bus_gen,69:68,0.21999999999999886
Stage2,Scenario42,bus_gen,69:69,0.21999999999999886
Stage2,Scenario42,bus_gen,69:92,0.0
Stage2,Scenario42,bus_gen,69:93,0.0
Stage2,Scenario42,bus_gen,69:94,0.0
Stage2,Scenario42,bus_gen,69:95,0.0
Stage2,Scenario42,bus_gen,70:70,1.6999999999999984
Stage2,Scenario42,bus_gen,70:71,1.6999999999999984
Stage2,Scenario42,bus_gen,71:104,0.0
Stage2,Scenario42,bus_gen,71:107,0.0
Stage2,Scenario42,bus_gen,71:108,0.0
Stage2,Scenario42,cvar,None,84.50000000000016
Stage2,Scenario42,gen_curtailment,0:0,0.0
Stage2,Scenario42,gen_curtailment,0:1,0.0
Stage2,Scenario42,gen_curtailment,0:113,0.0
Stage2,Scenario42,gen_curtailment,0:117,0.0
Stage2,Scenario42,gen_curtailment,0:118,0.0
Stage2,Scenario42,gen_curtailment,0:119,0.0
Stage2,Scenario42,gen_curtailment,0:2,0.0999999999999983
Stage2,Scenario42,gen_curtailment,0:3,0.0999999999999983
Stage2,Scenario42,gen_curtailment,1:112,0.0
Stage2,Scenario42,gen_curtailment,1:114,0.0
Stage2,Scenario42,gen_curtailment,1:4,0.0
Stage2,Scenario42,gen_curtailment,1:5,0.0
Stage2,Scenario42,gen_curtailment,1:6,0.15499999999999836
Stage2,Scenario42,gen_curtailment,1:7,0.15499999999999836
Stage2,Scenario42,gen_curtailment,12:10,0.0
Stage2,Scenario42,gen_curtailment,12:109,0.0
Stage2,Scenario42,gen_curtailment,12:11,0.0
Stage2,Scenario42,gen_curtailment,12:12,0.0
Stage2,Scenario42,gen_curtailment,12:9,0.0
Stage2,Scenario42,gen_curtailment,13:72,0.0
Stage2,Scenario42,gen_curtailment,14:13,0.0
Stage2,Scenario42,gen_curtailment,14:14,0.0
Stage2,Scenario42,gen_curtailment,14:15,0.0
Stage2,Scenario42,gen_curtailment,15:16,0.2500000000000001
Stage2,Scenario42,gen_curtailment,17:141,0.0
Stage2,Scenario42,gen_curtailment,17:142,0.0
Stage2,Scenario42,gen_curtailment,17:143,0.0
Stage2,Scenario42,gen_curtailment,17:144,0.0
Stage2,Scenario42,gen_curtailment,17:145,0.0
Stage2,Scenario42,gen_curtailment,17:146,0.0
Stage2,Scenario42,gen_curtailment,17:148,0.0
Stage2,Scenario42,gen_curtailment,17:149,0.0
Stage2,Scenario42,gen_curtailment,17:150,0.0
Stage2,Scenario42,gen_curtailment,17:151,0.0
Stage2,Scenario42,gen_curtailment,17:17,0.0
Stage2,Scenario42,gen_curtailment,18:121,0.0
Stage2,Scenario42,gen_curtailment,2:120,0.0
Stage2,Scenario42,gen_curtailment,20:73,3.96
Stage2,Scenario42,gen_curtailment,21:156,0.0
Stage2,Scenario42,gen_curtailment,21:74,0.0
Stage2,Scenario42,gen_curtailment,21:75,0.0
Stage2,Scenario42,gen_curtailment,21:76,0.0
Stage2,Scenario42,gen_curtailment,21:77,0.0
Stage2,Scenario42,gen_curtailment,21:78,0.0
Stage2,Scenario42,gen_curtailment,21:79,0.0
Stage2,Scenario42,gen_curtailment,22:18,0.0
Stage2,Scenario42,gen_curtailment,22:19,0.7399999999999969
Stage2,Scenario42,gen_curtailment,22:20,0.21999999999999886
Stage2,Scenario42,gen_curtailment,22:21,0.21999999999999886
Stage2,Scenario42,gen_curtailment,22:22,0.21999999999999886
Stage2,Scenario42,gen_curtailment,24:23,0.0
Stage2,Scenario42,gen_curtailment,24:24,0.0
Stage2,Scenario42,gen_curtailment,24:25,0.0
Stage2,Scenario42,gen_curtailment,24:80,0.0
Stage2,Scenario42,gen_curtailment,25:26,0.0799999999999983
Stage2,Scenario42,gen_curtailment,25:27,0.0799999999999983
Stage2,Scenario42,gen_curtailment,25:28,0.07500000000000007
Stage2,Scenario42,gen_curtailment,25:29,0.07500000000000007
Stage2,Scenario42,gen_curtailment,3:115,0.0
Stage2,Scenario42,gen_curtailment,30:30,0.0
Stage2,Scenario42,gen_curtailment,30:31,0.0
Stage2,Scenario42,gen_curtailment,35:116,0.0
Stage2,Scenario42,gen_curtailment,36:152,0.0
Stage2,Scenario42,gen_curtailment,36:32,1.7259999999999966
Stage2,Scenario42,gen_curtailment,36:33,0.21999999999999886
Stage2,Scenario42,gen_curtailment,36:34,0.21999999999999886
Stage2,Scenario42,gen_curtailment,37:81,0.0
Stage2,Scenario42,gen_curtailment,38:111,0.0
Stage2,Scenario42,gen_curtailment,38:35,0.0
Stage2,Scenario42,gen_curtailment,38:36,0.0
Stage2,Scenario42,gen_curtailment,38:82,0.0
Stage2,Scenario42,gen_curtailment,38:83,0.0
Stage2,Scenario42,gen_curtailment,38:84,0.0
Stage2,Scenario42,gen_curtailment,39:37,0.2500000000000002
Stage2,Scenario42,gen_curtailment,41:38,0.0
Stage2,Scenario42,gen_curtailment,44:39,1.6999999999999984
Stage2,Scenario42,gen_curtailment,45:85,0.0
Stage2,Scenario42,gen_curtailment,45:86,0.0
Stage2,Scenario42,gen_curtailment,45:87,0.0
Stage2,Scenario42,gen_curtailment,45:88,0.0
Stage2,Scenario42,gen_curtailment,45:89,0.0
Stage2,Scenario42,gen_curtailment,45:90,0.0
Stage2,Scenario42,gen_curtailment,46:40,0.0
Stage2,Scenario42,gen_curtailment,46:41,0.0
Stage2,Scenario42,gen_curtailment,46:42,1.3999999999999986
Stage2,Scenario42,gen_curtailment,46:43,0.21999999999999886
Stage2,Scenario42,gen_curtailment,46:44,0.21999999999999886
Stage2,Scenario42,gen_curtailment,46:45,0.21999999999999886
Stage2,Scenario42,gen_curtailment,48:46,0.0
Stage2,Scenario42,gen_curtailment,48:47,0.0
Stage2,Scenario42,gen_curtailment,48:48,0.0
Stage2,Scenario42,gen_curtailment,48:49,0.0
Stage2,Scenario42,gen_curtailment,49:50,0.0
Stage2,Scenario42,gen_curtailment,49:51,0.0
Stage2,Scenario42,gen_curtailment,49:52,0.0
Stage2,Scenario42,gen_curtailment,49:53,0.0
Stage2,Scenario42,gen_curtailment,50:155,0.0
Stage2,Scenario42,gen_curtailment,54:54,0.0
Stage2,Scenario42,gen_curtailment,54:55,0.0
Stage2,Scenario42,gen_curtailment,55:122,0.0
Stage2,Scenario42,gen_curtailment,56:153,0.0
Stage2,Scenario42,gen_curtailment,57:103,0.0
Stage2,Scenario42,gen_curtailment,57:106,0.0
Stage2,Scenario42,gen_curtailment,59:105,0.0
Stage2,Scenario42,gen_curtailment,6:8,0.17599999999999572
Stage2,Scenario42,gen_curtailment,60:102,0.0
Stage2,Scenario42,gen_curtailment,60:123,0.0
Stage2,Scenario42,gen_curtailment,60:124,0.0
Stage2,Scenario42,gen_curtailment,60:125,0.0
Stage2,Scenario42,gen_curtailment,60:126,0.0
Stage2,Scenario42,gen_curtailment,60:127,0.0
Stage2,Scenario42,gen_curtailment,60:128,0.0
Stage2,Scenario42,gen_curtailment,60:129,0.0
Stage2,Scenario42,gen_curtailment,60:130,0.0
Stage2,Scenario42,gen_curtailment,60:131,0.0
Stage2,Scenario42,gen_curtailment,60:132,0.0
Stage2,Scenario42,gen_curtailment,60:133,0.0
Stage2,Scenario42,gen_curtailment,60:134,0.0
Stage2,Scenario42,gen_curtailment,60:138,0.0
Stage2,Scenario42,gen_curtailment,60:157,0.0
Stage2,Scenario42,gen_curtailment,60:56,0.0
Stage2,Scenario42,gen_curtailment,60:99,0.0
Stage2,Scenario42,gen_curtailment,61:100,0.0
Stage2,Scenario42,gen_curtailment,61:101,0.0
Stage2,Scenario42,gen_curtailment,61:91,0.0
Stage2,Scenario42,gen_curtailment,61:97,0.0
Stage2,Scenario42,gen_curtailment,61:98,0.0
Stage2,Scenario42,gen_curtailment,62:57,0.0
Stage2,Scenario42,gen_curtailment,62:58,0.0
Stage2,Scenario42,gen_curtailment,62:59,0.0
Stage2,Scenario42,gen_curtailment,62:60,0.0
Stage2,Scenario42,gen_curtailment,62:61,0.0
Stage2,Scenario42,gen_curtailment,62:62,0.0
Stage2,Scenario42,gen_curtailment,62:63,0.0
Stage2,Scenario42,gen_curtailment,62:64,0.0
Stage2,Scenario42,gen_curtailment,63:65,0.0
Stage2,Scenario42,gen_curtailment,64:154,0.0
Stage2,Scenario42,gen_curtailment,65:66,0.0
Stage2,Scenario42,gen_curtailment,66:110,0.0
Stage2,Scenario42,gen_curtailment,67:135,0.0
Stage2,Scenario42,gen_curtailment,67:136,0.0
Stage2,Scenario42,gen_curtailment,67:137,0.0
Stage2,Scenario42,gen_curtailment,67:139,0.0
Stage2,Scenario42,gen_curtailment,67:140,0.0
Stage2,Scenario42,gen_curtailment,67:147,0.0
Stage2,Scenario42,gen_curtailment,67:96,0.0
Stage2,Scenario42,gen_curtailment,68:67,1.6999999999999984
Stage2,Scenario42,gen_curtailment,69:68,0.21999999999999886
Stage2,Scenario42,gen_curtailment,69:69,0.21999999999999886
Stage2,Scenario42,gen_curtailment,69:92,0.0
Stage2,Scenario42,gen_curtailment,69:93,0.0
Stage2,Scenario42,gen_curtailment,69:94,0.0
Stage2,Scenario42,gen_curtailment,69:95,0.0
Stage2,Scenario42,gen_curtailment,70:70,1.6999999999999984
Stage2,Scenario42,gen_curtailment,70:71,1.6999999999999984
Stage2,Scenario42,gen_curtailment,71:104,0.0
Stage2,Scenario42,gen_curtailment,71:107,0.0
Stage2,Scenario42,gen_curtailment,71:108,0.0
Stage2,Scenario42,load_shed,0,0.0
Stage2,Scenario42,load_shed,1,0.0
Stage2,Scenario42,load_shed,10,0.0
Stage2,Scenario42,load_shed,11,0.0
Stage2,Scenario42,load_shed,12,0.0
Stage2,Scenario42,load_shed,13,1.94
Stage2,Scenario42,load_shed,14,1.3799999999999997
Stage2,Scenario42,load_shed,15,0.0
Stage2,Scenario42,load_shed,16,0.0
Stage2,Scenario42,load_shed,17,0.0
Stage2,Scenario42,load_shed,18,1.1440000000000001
Stage2,Scenario42,load_shed,19,0.0
Stage2,Scenario42,load_shed,2,1.1849999999999994
Stage2,Scenario42,load_shed,20,0.0
Stage2,Scenario42,load_shed,21,0.0
Stage2,Scenario42,load_shed,22,0.0
Stage2,Scenario42,load_shed,23,0.0
Stage2,Scenario42,load_shed,24,0.0
Stage2,Scenario42,load_shed,25,0.0
Stage2,Scenario42,load_shed,26,1.8
Stage2,Scenario42,load_shed,27,0.74
Stage2,Scenario42,load_shed,28,0.71
Stage2,Scenario42,load_shed,29,1.36
Stage2,Scenario42,load_shed,3,0.472
Stage2,Scenario42,load_shed,30,0.1499999999999999
Stage2,Scenario42,load_shed,31,1.6600000000000028
Stage2,Scenario42,load_shed,32,1.75
Stage2,Scenario42,load_shed,33,0.0
Stage2,Scenario42,load_shed,34,0.0
Stage2,Scenario42,load_shed,35,0.0
Stage2,Scenario42,load_shed,36,0.0
Stage2,Scenario42,load_shed,37,1.94
Stage2,Scenario42,load_shed,38,0.0
Stage2,Scenario42,load_shed,39,0.0
Stage2,Scenario42,load_shed,4,0.71
Stage2,Scenario42,load_shed,40,0.0
Stage2,Scenario42,load_shed,41,0.0
Stage2,Scenario42,load_shed,42,1.8099999999999998
Stage2,Scenario42,load_shed,43,1.28
Stage2,Scenario42,load_shed,44,0.0
Stage2,Scenario42,load_shed,45,0.0
Stage2,Scenario42,load_shed,46,0.0
Stage2,Scenario42,load_shed,47,0.0
Stage2,Scenario42,load_shed,48,0.0
Stage2,Scenario42,load_shed,49,0.0
Stage2,Scenario42,load_shed,5,1.36
Stage2,Scenario42,load_shed,50,0.0
Stage2,Scenario42,load_shed,51,0.74
Stage2,Scenario42,load_shed,52,0.71
Stage2,Scenario42,load_shed,53,1.36
Stage2,Scenario42,load_shed,54,0.1499999999999999
Stage2,Scenario42,load_shed,55,0.7009999999999998
Stage2,Scenario42,load_shed,56,0.26699999999999996
Stage2,Scenario42,load_shed,57,0.9169999999999999
Stage2,Scenario42,load_shed,58,0.0
Stage2,Scenario42,load_shed,59,0.0
Stage2,Scenario42,load_shed,6,0.0
Stage2,Scenario42,load_shed,60,0.0
Stage2,Scenario42,load_shed,61,0.0
Stage2,Scenario42,load_shed,62,0.3699999999999997
Stage2,Scenario42,load_shed,63,0.0
Stage2,Scenario42,load_shed,64,0.0
Stage2,Scenario42,load_shed,65,0.0
Stage2,Scenario42,load_shed,66,0.0
Stage2,Scenario42,load_shed,67,0.0
Stage2,Scenario42,load_shed,68,0.0
Stage2,Scenario42,load_shed,69,0.0
Stage2,Scenario42,load_shed,7,0.0
Stage2,Scenario42,load_shed,70,0.0
Stage2,Scenario42,load_shed,71,0.0
Stage2,Scenario42,load_shed,72,0.0
Stage2,Scenario42,load_shed,8,1.75
Stage2,Scenario42,load_shed,9,1.9500000000000002
Stage2,Scenario42,load_shed_value,None,30.305999999999997
Stage2,Scenario42,nu,None,2.8523157894736952
Stage2,Scenario42,theta,0,-6.283185307179585
Stage2,Scenario42,theta,1,-6.283185307179586
Stage2,Scenario42,theta,10,6.283185307179586
Stage2,Scenario42,theta,11,-6.283185307179586
Stage2,Scenario42,theta,12,0.0
Stage2,Scenario42,theta,13,-6.283185307179586
Stage2,Scenario42,theta,14,-6.283185307179586
Stage2,Scenario42,theta,15,-6.283185307179586
Stage2,Scenario42,theta,16,-6.283185307179586
Stage2,Scenario42,theta,17,-6.283185307179586
Stage2,Scenario42,theta,18,-6.283185307179586
Stage2,Scenario42,theta,19,-6.283185307179586
Stage2,Scenario42,theta,2,6.283185307179586
Stage2,Scenario42,theta,20,6.283185307179586
Stage2,Scenario42,theta,21,6.283185307179586
Stage2,Scenario42,theta,22,-6.2550253071807465
Stage2,Scenario42,theta,23,6.283185307179586
Stage2,Scenario42,theta,24,-6.283185307179586
Stage2,Scenario42,theta,25,-6.283185307179586
Stage2,Scenario42,theta,26,6.283185307179586
Stage2,Scenario42,theta,27,-6.283185307179586
Stage2,Scenario42,theta,28,-6.283185307179586
Stage2,Scenario42,theta,29,-6.283185307179586
Stage2,Scenario42,theta,3,6.283185307179586
Stage2,Scenario42,theta,30,-6.283185307179586
Stage2,Scenario42,theta,31,-6.283185307179586
Stage2,Scenario42,theta,32,-6.283185307179586
Stage2,Scenario42,theta,33,-6.274935307179586
Stage2,Scenario42,theta,34,-6.274935307179586
Stage2,Scenario42,theta,35,-6.104415307178262
Stage2,Scenario42,theta,36,-6.283185307179586
Stage2,Scenario42,theta,37,-6.283185307179586
Stage2,Scenario42,theta,38,-6.283185307179586
Stage2,Scenario42,theta,39,-6.283185307179586
Stage2,Scenario42,theta,4,-6.283185307179586
Stage2,Scenario42,theta,40,-6.283185307179586
Stage2,Scenario42,theta,41,-6.283185307179586
Stage2,Scenario42,theta,42,-6.283185307179586
Stage2,Scenario42,theta,43,-6.283185307179586
Stage2,Scenario42,theta,44,6.283185307179586
Stage2,Scenario42,theta,45,6.283185307179586
Stage2,Scenario42,theta,46,-6.1753053071795865
Stage2,Scenario42,theta,47,6.283185307179586
Stage2,Scenario42,theta,48,-6.283185307179586
Stage2,Scenario42,theta,49,-6.283185307179586
Stage2,Scenario42,theta,5,-6.283185307179586
Stage2,Scenario42,theta,50,-6.283185307179586
Stage2,Scenario42,theta,51,-6.283185307179586
Stage2,Scenario42,theta,52,-6.283185307179586
Stage2,Scenario42,theta,53,-6.283185307179586
Stage2,Scenario42,theta,54,-6.283185307179586
Stage2,Scenario42,theta,55,-6.283185307179586
Stage2,Scenario42,theta,56,-6.283185307179586
Stage2,Scenario42,theta,57,-6.283185307179586
Stage2,Scenario42,theta,58,6.283185307179586
Stage2,Scenario42,theta,59,-6.283185307179586
Stage2,Scenario42,theta,6,-6.178875307178513
Stage2,Scenario42,theta,60,6.283185307179586
Stage2,Scenario42,theta,61,6.283185307179586
Stage2,Scenario42,theta,62,-6.283185307179586
Stage2,Scenario42,theta,63,-6.273835307179586
Stage2,Scenario42,theta,64,-6.283185307179586
Stage2,Scenario42,theta,65,-6.283185307179586
Stage2,Scenario42,theta,66,6.283185307179586
Stage2,Scenario42,theta,67,-6.063185307180742
Stage2,Scenario42,theta,68,6.283185307179586
Stage2,Scenario42,theta,69,6.283185307179586
Stage2,Scenario42,theta,7,-6.283185307179586
Stage2,Scenario42,theta,70,-6.283185307179586
Stage2,Scenario42,theta,71,6.283185307179586
Stage2,Scenario42,theta,72,0.0
Stage2,Scenario42,theta,8,-6.283185307179586
Stage2,Scenario42,theta,9,-6.283185307179586
Stage2,Scenario42,xij,0,0.0
Stage2,Scenario42,xij,1,0.0
Stage2,Scenario42,xij,10,1.0
Stage2,Scenario42,xij,100,0.0
Stage2,Scenario42,xij,101,0.0
Stage2,Scenario42,xij,102,1.0
Stage2,Scenario42,xij,103,0.0
Stage2,Scenario42,xij,104,0.0
Stage2,Scenario42,xij,105,0.0
Stage2,Scenario42,xij,106,0.0
Stage2,Scenario42,xij,107,0.0
Stage2,Scenario42,xij,108,0.0
Stage2,Scenario42,xij,109,0.0
Stage2,Scenario42,xij,11,0.0
Stage2,Scenario42,xij,110,0.0
Stage2,Scenario42,xij,111,0.0
Stage2,Scenario42,xij,112,0.0
Stage2,Scenario42,xij,113,0.0
Stage2,Scenario42,xij,114,0.0
Stage2,Scenario42,xij,115,0.0
Stage2,Scenario42,xij,116,0.0
Stage2,Scenario42,xij,117,0.0
Stage2,Scenario42,xij,118,0.0
Stage2,Scenario42,xij,119,0.0
Stage2,Scenario42,xij,12,0.0
Stage2,Scenario42,xij,13,0.0
Stage2,Scenario42,xij,14,0.0
Stage2,Scenario42,xij,15,1.0
Stage2,Scenario42,xij,16,0.0
Stage2,Scenario42,xij,17,0.0
Stage2,Scenario42,xij,18,0.0
Stage2,Scenario42,xij,19,0.0
Stage2,Scenario42,xij,2,0.0
Stage2,Scenario42,xij,20,0.0
Stage2,Scenario42,xij,21,0.0
Stage2,Scenario42,xij,22,0.0
Stage2,Scenario42,xij,23,0.0
Stage2,Scenario42,xij,24,0.0
Stage2,Scenario42,xij,25,0.0
Stage2,Scenario42,xij,26,0.0
Stage2,Scenario42,xij,27,0.0
Stage2,Scenario42,xij,28,0.0
Stage2,Scenario42,xij,29,0.0
Stage2,Scenario42,xij,3,0.0
Stage2,Scenario42,xij,30,0.0
Stage2,Scenario42,xij,31,0.0
Stage2,Scenario42,xij,32,0.0
Stage2,Scenario42,xij,33,0.0
Stage2,Scenario42,xij,34,0.0
Stage2,Scenario42,xij,35,0.0
Stage2,Scenario42,xij,36,0.0
Stage2,Scenario42,xij,37,0.0
Stage2,Scenario42,xij,38,1.0
Stage2,Scenario42,xij,39,0.0
Stage2,Scenario42,xij,4,0.0
Stage2,Scenario42,xij,40,0.0
Stage2,Scenario42,xij,41,0.0
Stage2,Scenario42,xij,42,0.0
Stage2,Scenario42,xij,43,0.0
Stage2,Scenario42,xij,44,0.0
Stage2,Scenario42,xij,45,0.0
Stage2,Scenario42,xij,46,0.0
Stage2,Scenario42,xij,47,0.0
Stage2,Scenario42,xij,48,0.0
Stage2,Scenario42,xij,49,0.0
Stage2,Scenario42,xij,5,0.0
Stage2,Scenario42,xij,50,0.0
Stage2,Scenario42,xij,51,0.0
Stage2,Scenario42,xij,52,0.0
Stage2,Scenario42,xij,53,1.0
Stage2,Scenario42,xij,54,0.0
Stage2,Scenario42,xij,55,0.0
Stage2,Scenario42,xij,56,1.0
Stage2,Scenario42,xij,57,1.0
Stage2,Scenario42,xij,58,0.0
Stage2,Scenario42,xij,59,0.0
Stage2,Scenario42,xij,6,0.0
Stage2,Scenario42,xij,60,0.0
Stage2,Scenario42,xij,61,0.0
Stage2,Scenario42,xij,62,1.0
Stage2,Scenario42,xij,63,0.0
Stage2,Scenario42,xij,64,0.0
Stage2,Scenario42,xij,65,0.0
Stage2,Scenario42,xij,66,0.0
Stage2,Scenario42,xij,67,0.0
Stage2,Scenario42,xij,68,0.0
Stage2,Scenario42,xij,69,0.0
Stage2,Scenario42,xij,7,0.0
Stage2,Scenario42,xij,70,0.0
Stage2,Scenario42,xij,71,0.0
Stage2,Scenario42,xij,72,0.0
Stage2,Scenario42,xij,73,0.0
Stage2,Scenario42,xij,74,0.0
Stage2,Scenario42,xij,75,0.0
Stage2,Scenario42,xij,76,0.0
Stage2,Scenario42,xij,77,0.0
Stage2,Scenario42,xij,78,0.0
Stage2,Scenario42,xij,79,0.0
Stage2,Scenario42,xij,8,0.0
Stage2,Scenario42,xij,80,0.0
Stage2,Scenario42,xij,81,0.0
Stage2,Scenario42,xij,82,0.0
Stage2,Scenario42,xij,83,0.0
Stage2,Scenario42,xij,84,0.0
Stage2,Scenario42,xij,85,0.0
Stage2,Scenario42,xij,86,0.0
Stage2,Scenario42,xij,87,0.0
Stage2,Scenario42,xij,88,0.0
Stage2,Scenario42,xij,89,0.0
Stage2,Scenario42,xij,9,0.0
Stage2,Scenario42,xij,90,0.0
Stage2,Scenario42,xij,91,0.0
Stage2,Scenario42,xij,92,0.0
Stage2,Scenario42,xij,93,0.0
Stage2,Scenario42,xij,94,0.0
Stage2,Scenario42,xij,95,0.0
Stage2,Scenario42,xij,96,0.0
Stage2,Scenario42,xij,97,0.0
Stage2,Scenario42,xij,98,0.0
Stage2,Scenario42,xij,99,0.0
Stage2,Scenario43,Pij,0,0.0
Stage2,Scenario43,Pij,1,0.0
Stage2,Scenario43,Pij,10,3.4600000000000617
Stage2,Scenario43,Pij,100,0.0
Stage2,Scenario43,Pij,101,0.0
Stage2,Scenario43,Pij,102,-0.5499999999999992
Stage2,Scenario43,Pij,103,0.0
Stage2,Scenario43,Pij,104,0.0
Stage2,Scenario43,Pij,105,0.0
Stage2,Scenario43,Pij,106,0.0
Stage2,Scenario43,Pij,107,0.0
Stage2,Scenario43,Pij,108,0.0
Stage2,Scenario43,Pij,109,0.0
Stage2,Scenario43,Pij,11,0.0
Stage2,Scenario43,Pij,110,0.0
Stage2,Scenario43,Pij,111,0.0
Stage2,Scenario43,Pij,112,0.0
Stage2,Scenario43,Pij,113,0.0
Stage2,Scenario43,Pij,114,0.0
Stage2,Scenario43,Pij,115,0.0
Stage2,Scenario43,Pij,116,0.0
Stage2,Scenario43,Pij,117,0.0
Stage2,Scenario43,Pij,118,0.0
Stage2,Scenario43,Pij,119,0.0
Stage2,Scenario43,Pij,12,1.75
Stage2,Scenario43,Pij,13,0.0
Stage2,Scenario43,Pij,14,0.0
Stage2,Scenario43,Pij,15,0.0
Stage2,Scenario43,Pij,16,0.0
Stage2,Scenario43,Pij,17,0.0
Stage2,Scenario43,Pij,18,0.0
Stage2,Scenario43,Pij,19,0.0
Stage2,Scenario43,Pij,2,0.0
Stage2,Scenario43,Pij,20,0.0
Stage2,Scenario43,Pij,21,0.0
Stage2,Scenario43,Pij,22,0.0
Stage2,Scenario43,Pij,23,0.0
Stage2,Scenario43,Pij,24,0.0
Stage2,Scenario43,Pij,25,0.0
Stage2,Scenario43,Pij,26,0.0
Stage2,Scenario43,Pij,27,0.0
Stage2,Scenario43,Pij,28,0.0
Stage2,Scenario43,Pij,29,0.0
Stage2,Scenario43,Pij,3,0.0
Stage2,Scenario43,Pij,30,0.0
Stage2,Scenario43,Pij,31,0.0
Stage2,Scenario43,Pij,32,0.0
Stage2,Scenario43,Pij,33,0.0
Stage2,Scenario43,Pij,34,0.0
Stage2,Scenario43,Pij,35,0.0
Stage2,Scenario43,Pij,36,0.0
Stage2,Scenario43,Pij,37,0.0
Stage2,Scenario43,Pij,38,-1.28
Stage2,Scenario43,Pij,39,0.0
Stage2,Scenario43,Pij,4,0.0
Stage2,Scenario43,Pij,40,0.0
Stage2,Scenario43,Pij,41,0.0
Stage2,Scenario43,Pij,42,0.0
Stage2,Scenario43,Pij,43,0.0
Stage2,Scenario43,Pij,44,0.0
Stage2,Scenario43,Pij,45,0.0
Stage2,Scenario43,Pij,46,0.0
Stage2,Scenario43,Pij,47,0.0
Stage2,Scenario43,Pij,48,0.0
Stage2,Scenario43,Pij,49,0.0
Stage2,Scenario43,Pij,5,0.0
Stage2,Scenario43,Pij,50,0.0
Stage2,Scenario43,Pij,51,0.0
Stage2,Scenario43,Pij,52,0.0
Stage2,Scenario43,Pij,53,0.0
Stage2,Scenario43,Pij,54,0.0
Stage2,Scenario43,Pij,55,0.0
Stage2,Scenario43,Pij,56,0.0
Stage2,Scenario43,Pij,57,-1.95
Stage2,Scenario43,Pij,58,0.0
Stage2,Scenario43,Pij,59,0.0
Stage2,Scenario43,Pij,6,0.0
Stage2,Scenario43,Pij,60,-1.6500000000000057
Stage2,Scenario43,Pij,61,0.0
Stage2,Scenario43,Pij,62,0.0
Stage2,Scenario43,Pij,63,0.0
Stage2,Scenario43,Pij,64,0.0
Stage2,Scenario43,Pij,65,0.0
Stage2,Scenario43,Pij,66,0.0
Stage2,Scenario43,Pij,67,0.0
Stage2,Scenario43,Pij,68,0.0
Stage2,Scenario43,Pij,69,0.0
Stage2,Scenario43,Pij,7,0.0
Stage2,Scenario43,Pij,70,0.0
Stage2,Scenario43,Pij,71,0.0
Stage2,Scenario43,Pij,72,0.0
Stage2,Scenario43,Pij,73,0.0
Stage2,Scenario43,Pij,74,0.0
Stage2,Scenario43,Pij,75,0.0
Stage2,Scenario43,Pij,76,0.0
Stage2,Scenario43,Pij,77,0.0
Stage2,Scenario43,Pij,78,0.0
Stage2,Scenario43,Pij,79,0.0
Stage2,Scenario43,Pij,8,0.0
Stage2,Scenario43,Pij,80,0.0
Stage2,Scenario43,Pij,81,0.0
Stage2,Scenario43,Pij,82,0.0
Stage2,Scenario43,Pij,83,0.0
Stage2,Scenario43,Pij,84,0.0
Stage2,Scenario43,Pij,85,0.0
Stage2,Scenario43,Pij,86,0.0
Stage2,Scenario43,Pij,87,0.0
Stage2,Scenario43,Pij,88,0.0
Stage2,Scenario43,Pij,89,0.0
Stage2,Scenario43,Pij,9,0.0
Stage2,Scenario43,Pij,90,0.0
Stage2,Scenario43,Pij,91,0.0
Stage2,Scenario43,Pij,92,0.0
Stage2,Scenario43,Pij,93,0.0
Stage2,Scenario43,Pij,94,0.0
Stage2,Scenario43,Pij,95,0.0
Stage2,Scenario43,Pij,96,0.0
Stage2,Scenario43,Pij,97,0.0
Stage2,Scenario43,Pij,98,0.0
Stage2,Scenario43,Pij,99,0.0
Stage2,Scenario43,bus_gen,0:0,0.0799999999999983
Stage2,Scenario43,bus_gen,0:1,0.0799999999999983
Stage2,Scenario43,bus_gen,0:113,0.0
Stage2,Scenario43,bus_gen,0:117,0.0
Stage2,Scenario43,bus_gen,0:118,0.0
Stage2,Scenario43,bus_gen,0:119,0.0
Stage2,Scenario43,bus_gen,0:2,0.56
Stage2,Scenario43,bus_gen,0:3,0.56
Stage2,Scenario43,bus_gen,1:112,0.0
Stage2,Scenario43,bus_gen,1:114,0.0
Stage2,Scenario43,bus_gen,1:4,0.0799999999999983
Stage2,Scenario43,bus_gen,1:5,0.0799999999999983
Stage2,Scenario43,bus_gen,1:6,0.56
Stage2,Scenario43,bus_gen,1:7,0.56
Stage2,Scenario43,bus_gen,12:10,0.4285
Stage2,Scenario43,bus_gen,12:109,0.9359999999999998
Stage2,Scenario43,bus_gen,12:11,0.4285
Stage2,Scenario43,bus_gen,12:12,0.4285
Stage2,Scenario43,bus_gen,12:9,0.4285
Stage2,Scenario43,bus_gen,13:72,0.0
Stage2,Scenario43,bus_gen,14:13,0.11999999999999998
Stage2,Scenario43,bus_gen,14:14,0.11999999999999998
Stage2,Scenario43,bus_gen,14:15,1.55
Stage2,Scenario43,bus_gen,15:16,1.25
Stage2,Scenario43,bus_gen,17:141,0.09299999999999994
Stage2,Scenario43,bus_gen,17:142,0.09699999999999999
Stage2,Scenario43,bus_gen,17:143,0.094
Stage2,Scenario43,bus_gen,17:144,0.091
Stage2,Scenario43,bus_gen,17:145,0.091
Stage2,Scenario43,bus_gen,17:146,0.09699999999999999
Stage2,Scenario43,bus_gen,17:148,0.11800000000000002
Stage2,Scenario43,bus_gen,17:149,0.11199999999999999
Stage2,Scenario43,bus_gen,17:150,0.10300000000000001
Stage2,Scenario43,bus_gen,17:151,0.045
Stage2,Scenario43,bus_gen,17:17,2.3890000000000002
Stage2,Scenario43,bus_gen,18:121,0.6659999999999999
Stage2,Scenario43,bus_gen,2:120,0.6150000000000007
Stage2,Scenario43,bus_gen,20:73,3.9599999999999995
Stage2,Scenario43,bus_gen,21:156,0.0
Stage2,Scenario43,bus_gen,21:74,0.0
Stage2,Scenario43,bus_gen,21:75,0.0
Stage2,Scenario43,bus_gen,21:76,0.0
Stage2,Scenario43,bus_gen,21:77,0.0
Stage2,Scenario43,bus_gen,21:78,0.0
Stage2,Scenario43,bus_gen,21:79,0.0
Stage2,Scenario43,bus_gen,22:18,0.6199999999999983
Stage2,Scenario43,bus_gen,22:19,1.3999999999999986
Stage2,Scenario43,bus_gen,22:20,0.21999999999999886
Stage2,Scenario43,bus_gen,22:21,0.21999999999999886
Stage2,Scenario43,bus_gen,22:22,0.21999999999999886
Stage2,Scenario43,bus_gen,24:23,0.16000000000000003
Stage2,Scenario43,bus_gen,24:24,0.16000000000000003
Stage2,Scenario43,bus_gen,24:25,0.76
Stage2,Scenario43,bus_gen,24:80,0.0
Stage2,Scenario43,bus_gen,25:26,0.0799999999999983
Stage2,Scenario43,bus_gen,25:27,0.0799999999999983
Stage2,Scenario43,bus_gen,25:28,0.56
Stage2,Scenario43,bus_gen,25:29,0.56
Stage2,Scenario43,bus_gen,3:115,0.268
Stage2,Scenario43,bus_gen,30:30,0.55
Stage2,Scenario43,bus_gen,30:31,0.55
Stage2,Scenario43,bus_gen,35:116,0.29999999999999893
Stage2,Scenario43,bus_gen,36:152,0.132
Stage2,Scenario43,bus_gen,36:32,3.55
Stage2,Scenario43,bus_gen,36:33,0.3090000000000046
Stage2,Scenario43,bus_gen,36:34,0.3090000000000046
Stage2,Scenario43,bus_gen,37:81,0.0
Stage2,Scenario43,bus_gen,38:111,1.251
Stage2,Scenario43,bus_gen,38:35,0.55
Stage2,Scenario43,bus_gen,38:36,0.55
Stage2,Scenario43,bus_gen,38:82,0.0
Stage2,Scenario43,bus_gen,38:83,0.5
Stage2,Scenario43,bus_gen,38:84,0.31899999999999995
Stage2,Scenario43,bus_gen,39:37,1.2500000000000002
Stage2,Scenario43,bus_gen,41:38,3.3300000000000005
Stage2,Scenario43,bus_gen,44:39,1.6999999999999984
Stage2,Scenario43,bus_gen,45:85,0.0
Stage2,Scenario43,bus_gen,45:86,0.0
Stage2,Scenario43,bus_gen,45:87,0.0
Stage2,Scenario43,bus_gen,45:88,0.0
Stage2,Scenario43,bus_gen,45:89,0.0
Stage2,Scenario43,bus_gen,45:90,0.0
Stage2,Scenario43,bus_gen,46:40,0.6199999999999983
Stage2,Scenario43,bus_gen,46:41,0.6199999999999983
Stage2,Scenario43,bus_gen,46:42,1.3999999999999986
Stage2,Scenario43,bus_gen,46:43,0.21999999999999886
Stage2,Scenario43,bus_gen,46:44,0.21999999999999886
Stage2,Scenario43,bus_gen,46:45,0.21999999999999886
Stage2,Scenario43,bus_gen,48:46,0.0799999999999983
Stage2,Scenario43,bus_gen,48:47,0.0799999999999983
Stage2,Scenario43,bus_gen,48:48,0.4600000000000017
Stage2,Scenario43,bus_gen,48:49,0.4600000000000017
Stage2,Scenario43,bus_gen,49:50,0.2
Stage2,Scenario43,bus_gen,49:51,0.2
Stage2,Scenario43,bus_gen,49:52,0.285
Stage2,Scenario43,bus_gen,49:53,0.285
Stage2,Scenario43,bus_gen,50:155,1.7999999999999998
Stage2,Scenario43,bus_gen,54:54,0.55
Stage2,Scenario43,bus_gen,54:55,0.55
Stage2,Scenario43,bus_gen,55:122,1.0090000000000001
Stage2,Scenario43,bus_gen,56:153,1.483
Stage2,Scenario43,bus_gen,57:103,0.5169999999999999
Stage2,Scenario43,bus_gen,57:106,0.516
Stage2,Scenario43,bus_gen,59:105,0.0
Stage2,Scenario43,bus_gen,6:8,3.550000000000001
Stage2,Scenario43,bus_gen,60:102,0.0
Stage2,Scenario43,bus_gen,60:123,0.0
Stage2,Scenario43,bus_gen,60:124,0.0
Stage2,Scenario43,bus_gen,60:125,0.0
Stage2,Scenario43,bus_gen,60:126,0.0
Stage2,Scenario43,bus_gen,60:127,0.0
Stage2,Scenario43,bus_gen,60:128,0.0
Stage2,Scenario43,bus_gen,60:129,0.0
Stage2,Scenario43,bus_gen,60:130,0.0
Stage2,Scenario43,bus_gen,60:131,0.0
Stage2,Scenario43,bus_gen,60:132,0.0
Stage2,Scenario43,bus_gen,60:133,0.0
Stage2,Scenario43,bus_gen,60:134,0.0
Stage2,Scenario43,bus_gen,60:138,0.0
Stage2,Scenario43,bus_gen,60:157,0.0
Stage2,Scenario43,bus_gen,60:56,1.9069999999999985
Stage2,Scenario43,bus_gen,60:99,0.7430000000000014
Stage2,Scenario43,bus_gen,61:100,0.9079999999999998
Stage2,Scenario43,bus_gen,61:101,0.0
Stage2,Scenario43,bus_gen,61:91,0.0
Stage2,Scenario43,bus_gen,61:97,0.516
Stage2,Scenario43,bus_gen,61:98,0.516
Stage2,Scenario43,bus_gen,62:57,0.11999999999999998
Stage2,Scenario43,bus_gen,62:58,0.11999999999999998
Stage2,Scenario43,bus_gen,62:59,0.11999999999999998
Stage2,Scenario43,bus_gen,62:60,0.11999999999999998
Stage2,Scenario43,bus_gen,62:61,0.11999999999999998
Stage2,Scenario43,bus_gen,62:62,0.5500000000000005
Stage2,Scenario43,bus_gen,62:63,0.5500000000000005
Stage2,Scenario43,bus_gen,62:64,0.5500000000000005
Stage2,Scenario43,bus_gen,63:65,1.5499999999999992
Stage2,Scenario43,bus_gen,64:154,0.0
Stage2,Scenario43,bus_gen,65:66,3.3300000000000005
Stage2,Scenario43,bus_gen,66:110,1.81
Stage2,Scenario43,bus_gen,67:135,0.273
Stage2,Scenario43,bus_gen,67:136,0.0
Stage2,Scenario43,bus_gen,67:137,0.0
Stage2,Scenario43,bus_gen,67:139,0.20900000000000013
Stage2,Scenario43,bus_gen,67:140,0.282
Stage2,Scenario43,bus_gen,67:147,0.0
Stage2,Scenario43,bus_gen,67:96,0.516
Stage2,Scenario43,bus_gen,68:67,1.6999999999999984
Stage2,Scenario43,bus_gen,69:68,0.21999999999999886
Stage2,Scenario43,bus_gen,69:69,0.21999999999999886
Stage2,Scenario43,bus_gen,69:92,0.0
Stage2,Scenario43,bus_gen,69:93,0.0
Stage2,Scenario43,bus_gen,69:94,0.0
Stage2,Scenario43,bus_gen,69:95,0.0
Stage2,Scenario43,bus_gen,70:70,1.6999999999999984
Stage2,Scenario43,bus_gen,70:71,1.6999999999999984
Stage2,Scenario43,bus_gen,71:104,0.0
Stage2,Scenario43,bus_gen,71:107,0.0
Stage2,Scenario43,bus_gen,71:108,0.0
Stage2,Scenario43,cvar,None,73.70000000000142
Stage2,Scenario43,gen_curtailment,0:0,0.0799999999999983
Stage2,Scenario43,gen_curtailment,0:1,0.0799999999999983
Stage2,Scenario43,gen_curtailment,0:113,0.0
Stage2,Scenario43,gen_curtailment,0:117,0.0
Stage2,Scenario43,gen_curtailment,0:118,0.0
Stage2,Scenario43,gen_curtailment,0:119,0.0
Stage2,Scenario43,gen_curtailment,0:2,0.020000000000000018
Stage2,Scenario43,gen_curtailment,0:3,0.020000000000000018
Stage2,Scenario43,gen_curtailment,1:112,0.0
Stage2,Scenario43,gen_curtailment,1:114,0.0
Stage2,Scenario43,gen_curtailment,1:4,0.07999999999999828
Stage2,Scenario43,gen_curtailment,1:5,0.07999999999999828
Stage2,Scenario43,gen_curtailment,1:6,0.07500000000000008
Stage2,Scenario43,gen_curtailment,1:7,0.07500000000000008
Stage2,Scenario43,gen_curtailment,12:10,0.0
Stage2,Scenario43,gen_curtailment,12:109,0.0
Stage2,Scenario43,gen_curtailment,12:11,0.0
Stage2,Scenario43,gen_curtailment,12:12,0.0
Stage2,Scenario43,gen_curtailment,12:9,0.0
Stage2,Scenario43,gen_curtailment,13:72,0.0
Stage2,Scenario43,gen_curtailment,14:13,0.0
Stage2,Scenario43,gen_curtailment,14:14,0.0
Stage2,Scenario43,gen_curtailment,14:15,0.0
Stage2,Scenario43,gen_curtailment,15:16,0.25000000000000006
Stage2,Scenario43,gen_curtailment,17:141,0.0
Stage2,Scenario43,gen_curtailment,17:142,0.0
Stage2,Scenario43,gen_curtailment,17:143,0.0
Stage2,Scenario43,gen_curtailment,17:144,0.0
Stage2,Scenario43,gen_curtailment,17:145,0.0
Stage2,Scenario43,gen_curtailment,17:146,0.0
Stage2,Scenario43,gen_curtailment,17:148,0.0
Stage2,Scenario43,gen_curtailment,17:149,0.0
Stage2,Scenario43,gen_curtailment,17:150,0.0
Stage2,Scenario43,gen_curtailment,17:151,0.0
Stage2,Scenario43,gen_curtailment,17:17,0.0
Stage2,Scenario43,gen_curtailment,18:121,0.0
Stage2,Scenario43,gen_curtailment,2:120,0.0
Stage2,Scenario43,gen_curtailment,20:73,3.9599999999999995
Stage2,Scenario43,gen_curtailment,21:156,0.0
Stage2,Scenario43,gen_curtailment,21:74,0.0
Stage2,Scenario43,gen_curtailment,21:75,0.0
Stage2,Scenario43,gen_curtailment,21:76,0.0
Stage2,Scenario43,gen_curtailment,21:77,0.0
Stage2,Scenario43,gen_curtailment,21:78,0.0
Stage2,Scenario43,gen_curtailment,21:79,0.0
Stage2,Scenario43,gen_curtailment,22:18,0.0
Stage2,Scenario43,gen_curtailment,22:19,1.3999999999999935
Stage2,Scenario43,gen_curtailment,22:20,0.0
Stage2,Scenario43,gen_curtailment,22:21,0.0
Stage2,Scenario43,gen_curtailment,22:22,0.0
Stage2,Scenario43,gen_curtailment,24:23,0.0
Stage2,Scenario43,gen_curtailment,24:24,0.0
Stage2,Scenario43,gen_curtailment,24:25,0.0
Stage2,Scenario43,gen_curtailment,24:80,0.0
Stage2,Scenario43,gen_curtailment,25:26,0.07999999999999818
Stage2,Scenario43,gen_curtailment,25:27,0.0799999999999983
Stage2,Scenario43,gen_curtailment,25:28,0.07500000000000014
Stage2,Scenario43,gen_curtailment,25:29,0.07500000000000014
Stage2,Scenario43,gen_curtailment,3:115,0.0
Stage2,Scenario43,gen_curtailment,30:30,0.0
Stage2,Scenario43,gen_curtailment,30:31,0.0
Stage2,Scenario43,gen_curtailment,35:116,0.0
Stage2,Scenario43,gen_curtailment,36:152,0.0
Stage2,Scenario43,gen_curtailment,36:32,0.0
Stage2,Scenario43,gen_curtailment,36:33,0.0
Stage2,Scenario43,gen_curtailment,36:34,0.0
Stage2,Scenario43,gen_curtailment,37:81,0.0
Stage2,Scenario43,gen_curtailment,38:111,0.0
Stage2,Scenario43,gen_curtailment,38:35,0.0
Stage2,Scenario43,gen_curtailment,38:36,0.0
Stage2,Scenario43,gen_curtailment,38:82,0.0
Stage2,Scenario43,gen_curtailment,38:83,0.0
Stage2,Scenario43,gen_curtailment,38:84,0.0
Stage2,Scenario43,gen_curtailment,39:37,0.2500000000000002
Stage2,Scenario43,gen_curtailment,41:38,0.0
Stage2,Scenario43,gen_curtailment,44:39,1.6999999999999984
Stage2,Scenario43,gen_curtailment,45:85,0.0
Stage2,Scenario43,gen_curtailment,45:86,0.0
Stage2,Scenario43,gen_curtailment,45:87,0.0
Stage2,Scenario43,gen_curtailment,45:88,0.0
Stage2,Scenario43,gen_curtailment,45:89,0.0
Stage2,Scenario43,gen_curtailment,45:90,0.0
Stage2,Scenario43,gen_curtailment,46:40,0.6199999999999983
Stage2,Scenario43,gen_curtailment,46:41,0.6199999999999983
Stage2,Scenario43,gen_curtailment,46:42,1.3999999999999986
Stage2,Scenario43,gen_curtailment,46:43,0.21999999999999886
Stage2,Scenario43,gen_curtailment,46:44,0.21999999999999886
Stage2,Scenario43,gen_curtailment,46:45,0.21999999999999886
Stage2,Scenario43,gen_curtailment,48:46,0.0
Stage2,Scenario43,gen_curtailment,48:47,0.0
Stage2,Scenario43,gen_curtailment,48:48,0.0
Stage2,Scenario43,gen_curtailment,48:49,0.0
Stage2,Scenario43,gen_curtailment,49:50,0.0
Stage2,Scenario43,gen_curtailment,49:51,0.0
Stage2,Scenario43,gen_curtailment,49:52,0.0
Stage2,Scenario43,gen_curtailment,49:53,0.0
Stage2,Scenario43,gen_curtailment,50:155,0.0
Stage2,Scenario43,gen_curtailment,54:54,0.0
Stage2,Scenario43,gen_curtailment,54:55,0.0
Stage2,Scenario43,gen_curtailment,55:122,0.0
Stage2,Scenario43,gen_curtailment,56:153,0.0
Stage2,Scenario43,gen_curtailment,57:103,0.0
Stage2,Scenario43,gen_curtailment,57:106,0.0
Stage2,Scenario43,gen_curtailment,59:105,0.0
Stage2,Scenario43,gen_curtailment,6:8,1.3322676295501878e-15
Stage2,Scenario43,gen_curtailment,60:102,0.0
Stage2,Scenario43,gen_curtailment,60:123,0.0
Stage2,Scenario43,gen_curtailment,60:124,0.0
Stage2,Scenario43,gen_curtailment,60:125,0.0
Stage2,Scenario43,gen_curtailment,60:126,0.0
Stage2,Scenario43,gen_curtailment,60:127,0.0
Stage2,Scenario43,gen_curtailment,60:128,0.0
Stage2,Scenario43,gen_curtailment,60:129,0.0
Stage2,Scenario43,gen_curtailment,60:130,0.0
Stage2,Scenario43,gen_curtailment,60:131,0.0
Stage2,Scenario43,gen_curtailment,60:132,0.0
Stage2,Scenario43,gen_curtailment,60:133,0.0
Stage2,Scenario43,gen_curtailment,60:134,0.0
Stage2,Scenario43,gen_curtailment,60:138,0.0
Stage2,Scenario43,gen_curtailment,60:157,0.0
Stage2,Scenario43,gen_curtailment,60:56,0.0
Stage2,Scenario43,gen_curtailment,60:99,0.0
Stage2,Scenario43,gen_curtailment,61:100,0.0
Stage2,Scenario43,gen_curtailment,61:101,0.0
Stage2,Scenario43,gen_curtailment,61:91,0.0
Stage2,Scenario43,gen_curtailment,61:97,0.0
Stage2,Scenario43,gen_curtailment,61:98,0.0
Stage2,Scenario43,gen_curtailment,62:57,0.0
Stage2,Scenario43,gen_curtailment,62:58,0.0
Stage2,Scenario43,gen_curtailment,62:59,0.0
Stage2,Scenario43,gen_curtailment,62:60,0.0
Stage2,Scenario43,gen_curtailment,62:61,0.0
Stage2,Scenario43,gen_curtailment,62:62,0.0
Stage2,Scenario43,gen_curtailment,62:63,0.0
Stage2,Scenario43,gen_curtailment,62:64,0.0
Stage2,Scenario43,gen_curtailment,63:65,0.0
Stage2,Scenario43,gen_curtailment,64:154,0.0
Stage2,Scenario43,gen_curtailment,65:66,0.0
Stage2,Scenario43,gen_curtailment,66:110,0.0
Stage2,Scenario43,gen_curtailment,67:135,0.0
Stage2,Scenario43,gen_curtailment,67:136,0.0
Stage2,Scenario43,gen_curtailment,67:137,0.0
Stage2,Scenario43,gen_curtailment,67:139,0.0
Stage2,Scenario43,gen_curtailment,67:140,0.0
Stage2,Scenario43,gen_curtailment,67:147,0.0
Stage2,Scenario43,gen_curtailment,67:96,0.0
Stage2,Scenario43,gen_curtailment,68:67,1.6999999999999984
Stage2,Scenario43,gen_curtailment,69:68,0.21999999999999886
Stage2,Scenario43,gen_curtailment,69:69,0.21999999999999886
Stage2,Scenario43,gen_curtailment,69:92,0.0
Stage2,Scenario43,gen_curtailment,69:93,0.0
Stage2,Scenario43,gen_curtailment,69:94,0.0
Stage2,Scenario43,gen_curtailment,69:95,0.0
Stage2,Scenario43,gen_curtailment,70:70,1.6999999999999984
Stage2,Scenario43,gen_curtailment,70:71,1.6999999999999984
Stage2,Scenario43,gen_curtailment,71:104,0.0
Stage2,Scenario43,gen_curtailment,71:107,0.0
Stage2,Scenario43,gen_curtailment,71:108,0.0
Stage2,Scenario43,load_shed,0,0.0
Stage2,Scenario43,load_shed,1,0.0
Stage2,Scenario43,load_shed,10,0.0
Stage2,Scenario43,load_shed,11,0.0
Stage2,Scenario43,load_shed,12,0.0
Stage2,Scenario43,load_shed,13,1.94
Stage2,Scenario43,load_shed,14,1.3799999999999997
Stage2,Scenario43,load_shed,15,0.0
Stage2,Scenario43,load_shed,16,0.0
Stage2,Scenario43,load_shed,17,0.0
Stage2,Scenario43,load_shed,18,1.1440000000000001
Stage2,Scenario43,load_shed,19,0.0
Stage2,Scenario43,load_shed,2,1.1849999999999994
Stage2,Scenario43,load_shed,20,0.0
Stage2,Scenario43,load_shed,21,0.0
Stage2,Scenario43,load_shed,22,0.0
Stage2,Scenario43,load_shed,23,0.0
Stage2,Scenario43,load_shed,24,0.0
Stage2,Scenario43,load_shed,25,0.0
Stage2,Scenario43,load_shed,26,1.7999999999999998
Stage2,Scenario43,load_shed,27,0.74
Stage2,Scenario43,load_shed,28,0.7100000000000001
Stage2,Scenario43,load_shed,29,1.36
Stage2,Scenario43,load_shed,3,0.472
Stage2,Scenario43,load_shed,30,0.1499999999999999
Stage2,Scenario43,load_shed,31,1.71
Stage2,Scenario43,load_shed,32,1.75
Stage2,Scenario43,load_shed,33,0.0
Stage2,Scenario43,load_shed,34,0.0
Stage2,Scenario43,load_shed,35,0.0
Stage2,Scenario43,load_shed,36,0.0
Stage2,Scenario43,load_shed,37,1.94
Stage2,Scenario43,load_shed,38,0.0
Stage2,Scenario43,load_shed,39,0.0
Stage2,Scenario43,load_shed,4,0.71
Stage2,Scenario43,load_shed,40,0.0
Stage2,Scenario43,load_shed,41,0.0
Stage2,Scenario43,load_shed,42,1.81
Stage2,Scenario43,load_shed,43,1.28
Stage2,Scenario43,load_shed,44,0.0
Stage2,Scenario43,load_shed,45,0.0
Stage2,Scenario43,load_shed,46,0.0
Stage2,Scenario43,load_shed,47,0.0
Stage2,Scenario43,load_shed,48,0.0
Stage2,Scenario43,load_shed,49,0.0
Stage2,Scenario43,load_shed,5,1.36
Stage2,Scenario43,load_shed,50,0.0
Stage2,Scenario43,load_shed,51,0.74
Stage2,Scenario43,load_shed,52,0.7100000000000001
Stage2,Scenario43,load_shed,53,1.36
Stage2,Scenario43,load_shed,54,0.1499999999999999
Stage2,Scenario43,load_shed,55,0.7009999999999998
Stage2,Scenario43,load_shed,56,0.2669999999999999
Stage2,Scenario43,load_shed,57,0.9170000000000001
Stage2,Scenario43,load_shed,58,0.0
Stage2,Scenario43,load_shed,59,0.0
Stage2,Scenario43,load_shed,6,1.1600000000000623
Stage2,Scenario43,load_shed,60,0.0
Stage2,Scenario43,load_shed,61,0.0
Stage2,Scenario43,load_shed,62,0.3699999999999992
Stage2,Scenario43,load_shed,63,0.0
Stage2,Scenario43,load_shed,64,0.0
Stage2,Scenario43,load_shed,65,0.0
Stage2,Scenario43,load_shed,66,0.0
Stage2,Scenario43,load_shed,67,0.0
Stage2,Scenario43,load_shed,68,0.0
Stage2,Scenario43,load_shed,69,0.0
Stage2,Scenario43,load_shed,7,0.0
Stage2,Scenario43,load_shed,70,0.0
Stage2,Scenario43,load_shed,71,0.0
Stage2,Scenario43,load_shed,72,0.0
Stage2,Scenario43,load_shed,8,0.0
Stage2,Scenario43,load_shed,9,1.95
Stage2,Scenario43,load_shed_value,None,29.766000000000066
Stage2,Scenario43,nu,None,2.3123157894737583
Stage2,Scenario43,theta,0,-6.283185307179585
Stage2,Scenario43,theta,1,-6.283185307179586
Stage2,Scenario43,theta,10,6.283185307179586
Stage2,Scenario43,theta,11,6.283185307179586
Stage2,Scenario43,theta,12,0.0
Stage2,Scenario43,theta,13,-6.283185307179586
Stage2,Scenario43,theta,14,-6.283185307179586
Stage2,Scenario43,theta,15,-6.283185307179586
Stage2,Scenario43,theta,16,-6.283185307179586
Stage2,Scenario43,theta,17,-6.283185307179586
Stage2,Scenario43,theta,18,-6.283185307179586
Stage2,Scenario43,theta,19,-6.283185307179586
Stage2,Scenario43,theta,2,6.283185307179586
Stage2,Scenario43,theta,20,6.283185307179586
Stage2,Scenario43,theta,21,6.283185307179586
Stage2,Scenario43,theta,22,-6.2550253071795865
Stage2,Scenario43,theta,23,6.283185307179586
Stage2,Scenario43,theta,24,-6.283185307179586
Stage2,Scenario43,theta,25,-6.283185307179586
Stage2,Scenario43,theta,26,6.283185307179586
Stage2,Scenario43,theta,27,-6.283185307179586
Stage2,Scenario43,theta,28,-6.283185307179586
Stage2,Scenario43,theta,29,-6.283185307179586
Stage2,Scenario43,theta,3,6.283185307179586
Stage2,Scenario43,theta,30,-6.283185307179586
Stage2,Scenario43,theta,31,-6.283185307179586
Stage2,Scenario43,theta,32,-6.283185307179586
Stage2,Scenario43,theta,33,-6.283185307179586
Stage2,Scenario43,theta,34,6.283185307179586
Stage2,Scenario43,theta,35,-6.116928307179586
Stage2,Scenario43,theta,36,-6.037728307179586
Stage2,Scenario43,theta,37,-6.283185307179586
Stage2,Scenario43,theta,38,-6.283185307179586
Stage2,Scenario43,theta,39,-6.283185307179586
Stage2,Scenario43,theta,4,-6.283185307179586
Stage2,Scenario43,theta,40,-6.283185307179586
Stage2,Scenario43,theta,41,-6.283185307179586
Stage2,Scenario43,theta,42,-6.283185307179586
Stage2,Scenario43,theta,43,-6.283185307179586
Stage2,Scenario43,theta,44,6.283185307179586
Stage2,Scenario43,theta,45,6.283185307179586
Stage2,Scenario43,theta,46,-6.283185307179586
Stage2,Scenario43,theta,47,6.283185307179586
Stage2,Scenario43,theta,48,-6.283185307179586
Stage2,Scenario43,theta,49,-6.283185307179586
Stage2,Scenario43,theta,5,-6.283185307179586
Stage2,Scenario43,theta,50,-6.283185307179586
Stage2,Scenario43,theta,51,-6.283185307179586
Stage2,Scenario43,theta,52,-6.283185307179586
Stage2,Scenario43,theta,53,-6.283185307179586
Stage2,Scenario43,theta,54,-6.283185307179586
Stage2,Scenario43,theta,55,-6.283185307179586
Stage2,Scenario43,theta,56,-6.283185307179586
Stage2,Scenario43,theta,57,-6.283185307179586
Stage2,Scenario43,theta,58,6.283185307179586
Stage2,Scenario43,theta,59,-6.283185307179586
Stage2,Scenario43,theta,6,-5.78337530717851
Stage2,Scenario43,theta,60,6.283185307179586
Stage2,Scenario43,theta,61,6.283185307179586
Stage2,Scenario43,theta,62,-6.283185307179586
Stage2,Scenario43,theta,63,-6.273835307179586
Stage2,Scenario43,theta,64,-6.283185307179586
Stage2,Scenario43,theta,65,-6.283185307179586
Stage2,Scenario43,theta,66,6.283185307179586
Stage2,Scenario43,theta,67,-6.063185307180742
Stage2,Scenario43,theta,68,6.283185307179586
Stage2,Scenario43,theta,69,6.283185307179586
Stage2,Scenario43,theta,7,-5.994435307179586
Stage2,Scenario43,theta,70,-6.283185307179586
Stage2,Scenario43,theta,71,6.283185307179586
Stage2,Scenario43,theta,72,0.0
Stage2,Scenario43,theta,8,-6.283185307179586
Stage2,Scenario43,theta,9,-6.283185307179586
Stage2,Scenario43,xij,0,0.0
Stage2,Scenario43,xij,1,0.0
Stage2,Scenario43,xij,10,1.0
Stage2,Scenario43,xij,100,0.0
Stage2,Scenario43,xij,101,0.0
Stage2,Scenario43,xij,102,1.0
Stage2,Scenario43,xij,103,0.0
Stage2,Scenario43,xij,104,0.0
Stage2,Scenario43,xij,105,0.0
Stage2,Scenario43,xij,106,0.0
Stage2,Scenario43,xij,107,0.0
Stage2,Scenario43,xij,108,1.0
Stage2,Scenario43,xij,109,0.0
Stage2,Scenario43,xij,11,0.0
Stage2,Scenario43,xij,110,0.0
Stage2,Scenario43,xij,111,0.0
Stage2,Scenario43,xij,112,0.0
Stage2,Scenario43,xij,113,0.0
Stage2,Scenario43,xij,114,0.0
Stage2,Scenario43,xij,115,0.0
Stage2,Scenario43,xij,116,0.0
Stage2,Scenario43,xij,117,0.0
Stage2,Scenario43,xij,118,0.0
Stage2,Scenario43,xij,119,0.0
Stage2,Scenario43,xij,12,1.0
Stage2,Scenario43,xij,13,0.0
Stage2,Scenario43,xij,14,0.0
Stage2,Scenario43,xij,15,0.0
Stage2,Scenario43,xij,16,0.0
Stage2,Scenario43,xij,17,0.0
Stage2,Scenario43,xij,18,0.0
Stage2,Scenario43,xij,19,0.0
Stage2,Scenario43,xij,2,0.0
Stage2,Scenario43,xij,20,0.0
Stage2,Scenario43,xij,21,0.0
Stage2,Scenario43,xij,22,0.0
Stage2,Scenario43,xij,23,0.0
Stage2,Scenario43,xij,24,0.0
Stage2,Scenario43,xij,25,0.0
Stage2,Scenario43,xij,26,0.0
Stage2,Scenario43,xij,27,0.0
Stage2,Scenario43,xij,28,0.0
Stage2,Scenario43,xij,29,1.0
Stage2,Scenario43,xij,3,0.0
Stage2,Scenario43,xij,30,0.0
Stage2,Scenario43,xij,31,0.0
Stage2,Scenario43,xij,32,0.0
Stage2,Scenario43,xij,33,0.0
Stage2,Scenario43,xij,34,0.0
Stage2,Scenario43,xij,35,0.0
Stage2,Scenario43,xij,36,0.0
Stage2,Scenario43,xij,37,0.0
Stage2,Scenario43,xij,38,1.0
Stage2,Scenario43,xij,39,0.0
Stage2,Scenario43,xij,4,0.0
Stage2,Scenario43,xij,40,0.0
Stage2,Scenario43,xij,41,0.0
Stage2,Scenario43,xij,42,0.0
Stage2,Scenario43,xij,43,0.0
Stage2,Scenario43,xij,44,0.0
Stage2,Scenario43,xij,45,0.0
Stage2,Scenario43,xij,46,0.0
Stage2,Scenario43,xij,47,0.0
Stage2,Scenario43,xij,48,0.0
Stage2,Scenario43,xij,49,0.0
Stage2,Scenario43,xij,5,0.0
Stage2,Scenario43,xij,50,0.0
Stage2,Scenario43,xij,51,0.0
Stage2,Scenario43,xij,52,0.0
Stage2,Scenario43,xij,53,0.0
Stage2,Scenario43,xij,54,0.0
Stage2,Scenario43,xij,55,0.0
Stage2,Scenario43,xij,56,0.0
Stage2,Scenario43,xij,57,1.0
Stage2,Scenario43,xij,58,0.0
Stage2,Scenario43,xij,59,0.0
Stage2,Scenario43,xij,6,0.0
Stage2,Scenario43,xij,60,1.0
Stage2,Scenario43,xij,61,0.0
Stage2,Scenario43,xij,62,0.0
Stage2,Scenario43,xij,63,0.0
Stage2,Scenario43,xij,64,0.0
Stage2,Scenario43,xij,65,0.0
Stage2,Scenario43,xij,66,0.0
Stage2,Scenario43,xij,67,0.0
Stage2,Scenario43,xij,68,0.0
Stage2,Scenario43,xij,69,0.0
Stage2,Scenario43,xij,7,0.0
Stage2,Scenario43,xij,70,0.0
Stage2,Scenario43,xij,71,0.0
Stage2,Scenario43,xij,72,0.0
Stage2,Scenario43,xij,73,0.0
Stage2,Scenario43,xij,74,0.0
Stage2,Scenario43,xij,75,0.0
Stage2,Scenario43,xij,76,0.0
Stage2,Scenario43,xij,77,0.0
Stage2,Scenario43,xij,78,0.0
Stage2,Scenario43,xij,79,0.0
Stage2,Scenario43,xij,8,0.0
Stage2,Scenario43,xij,80,0.0
Stage2,Scenario43,xij,81,0.0
Stage2,Scenario43,xij,82,0.0
Stage2,Scenario43,xij,83,0.0
Stage2,Scenario43,xij,84,0.0
Stage2,Scenario43,xij,85,0.0
Stage2,Scenario43,xij,86,0.0
Stage2,Scenario43,xij,87,0.0
Stage2,Scenario43,xij,88,0.0
Stage2,Scenario43,xij,89,0.0
Stage2,Scenario43,xij,9,0.0
Stage2,Scenario43,xij,90,0.0
Stage2,Scenario43,xij,91,0.0
Stage2,Scenario43,xij,92,0.0
Stage2,Scenario43,xij,93,0.0
Stage2,Scenario43,xij,94,0.0
Stage2,Scenario43,xij,95,0.0
Stage2,Scenario43,xij,96,0.0
Stage2,Scenario43,xij,97,0.0
Stage2,Scenario43,xij,98,0.0
Stage2,Scenario43,xij,99,0.0
Stage2,Scenario44,Pij,0,0.0
Stage2,Scenario44,Pij,1,0.0
Stage2,Scenario44,Pij,10,1.7100000000000046
Stage2,Scenario44,Pij,100,0.0
Stage2,Scenario44,Pij,101,0.0
Stage2,Scenario44,Pij,102,0.0
Stage2,Scenario44,Pij,103,0.0
Stage2,Scenario44,Pij,104,0.0
Stage2,Scenario44,Pij,105,0.0
Stage2,Scenario44,Pij,106,0.0
Stage2,Scenario44,Pij,107,0.0
Stage2,Scenario44,Pij,108,0.0
Stage2,Scenario44,Pij,109,0.0
Stage2,Scenario44,Pij,11,0.0
Stage2,Scenario44,Pij,110,0.0
Stage2,Scenario44,Pij,111,0.0
Stage2,Scenario44,Pij,112,0.0
Stage2,Scenario44,Pij,113,0.0
Stage2,Scenario44,Pij,114,0.0
Stage2,Scenario44,Pij,115,0.0
Stage2,Scenario44,Pij,116,0.0
Stage2,Scenario44,Pij,117,0.0
Stage2,Scenario44,Pij,118,-1.3999999999999986
Stage2,Scenario44,Pij,119,0.0
Stage2,Scenario44,Pij,12,0.0
Stage2,Scenario44,Pij,13,0.0
Stage2,Scenario44,Pij,14,0.0
Stage2,Scenario44,Pij,15,0.0
Stage2,Scenario44,Pij,16,0.0
Stage2,Scenario44,Pij,17,0.0
Stage2,Scenario44,Pij,18,0.0
Stage2,Scenario44,Pij,19,0.0
Stage2,Scenario44,Pij,2,0.0
Stage2,Scenario44,Pij,20,0.0
Stage2,Scenario44,Pij,21,0.0
Stage2,Scenario44,Pij,22,0.0
Stage2,Scenario44,Pij,23,0.0
Stage2,Scenario44,Pij,24,0.0
Stage2,Scenario44,Pij,25,0.0
Stage2,Scenario44,Pij,26,0.0
Stage2,Scenario44,Pij,27,0.0
Stage2,Scenario44,Pij,28,0.0
Stage2,Scenario44,Pij,29,0.0
Stage2,Scenario44,Pij,3,0.0
Stage2,Scenario44,Pij,30,0.0
Stage2,Scenario44,Pij,31,0.0
Stage2,Scenario44,Pij,32,0.0
Stage2,Scenario44,Pij,33,0.0
Stage2,Scenario44,Pij,34,0.0
Stage2,Scenario44,Pij,35,0.0
Stage2,Scenario44,Pij,36,0.0
Stage2,Scenario44,Pij,37,0.0
Stage2,Scenario44,Pij,38,-1.28
Stage2,Scenario44,Pij,39,0.0
Stage2,Scenario44,Pij,4,0.0
Stage2,Scenario44,Pij,40,0.0
Stage2,Scenario44,Pij,41,0.0
Stage2,Scenario44,Pij,42,0.0
Stage2,Scenario44,Pij,43,0.0
Stage2,Scenario44,Pij,44,0.0
Stage2,Scenario44,Pij,45,0.0
Stage2,Scenario44,Pij,46,0.0
Stage2,Scenario44,Pij,47,0.0
Stage2,Scenario44,Pij,48,0.0
Stage2,Scenario44,Pij,49,0.0
Stage2,Scenario44,Pij,5,0.0
Stage2,Scenario44,Pij,50,0.0
Stage2,Scenario44,Pij,51,0.0
Stage2,Scenario44,Pij,52,0.0
Stage2,Scenario44,Pij,53,0.0
Stage2,Scenario44,Pij,54,0.0
Stage2,Scenario44,Pij,55,0.0
Stage2,Scenario44,Pij,56,0.0
Stage2,Scenario44,Pij,57,-1.95
Stage2,Scenario44,Pij,58,0.0
Stage2,Scenario44,Pij,59,0.0
Stage2,Scenario44,Pij,6,0.0
Stage2,Scenario44,Pij,60,0.0
Stage2,Scenario44,Pij,61,0.0
Stage2,Scenario44,Pij,62,0.0
Stage2,Scenario44,Pij,63,-0.55
Stage2,Scenario44,Pij,64,0.0
Stage2,Scenario44,Pij,65,0.0
Stage2,Scenario44,Pij,66,0.0
Stage2,Scenario44,Pij,67,0.0
Stage2,Scenario44,Pij,68,0.0
Stage2,Scenario44,Pij,69,0.0
Stage2,Scenario44,Pij,7,0.0
Stage2,Scenario44,Pij,70,0.0
Stage2,Scenario44,Pij,71,0.0
Stage2,Scenario44,Pij,72,0.0
Stage2,Scenario44,Pij,73,0.0
Stage2,Scenario44,Pij,74,0.0
Stage2,Scenario44,Pij,75,0.0
Stage2,Scenario44,Pij,76,0.0
Stage2,Scenario44,Pij,77,0.0
Stage2,Scenario44,Pij,78,0.0
Stage2,Scenario44,Pij,79,0.0
Stage2,Scenario44,Pij,8,0.0
Stage2,Scenario44,Pij,80,0.0
Stage2,Scenario44,Pij,81,0.0
Stage2,Scenario44,Pij,82,0.0
Stage2,Scenario44,Pij,83,0.0
Stage2,Scenario44,Pij,84,0.0
Stage2,Scenario44,Pij,85,0.0
Stage2,Scenario44,Pij,86,0.0
Stage2,Scenario44,Pij,87,0.0
Stage2,Scenario44,Pij,88,0.0
Stage2,Scenario44,Pij,89,0.0
Stage2,Scenario44,Pij,9,0.0
Stage2,Scenario44,Pij,90,0.0
Stage2,Scenario44,Pij,91,0.0
Stage2,Scenario44,Pij,92,0.0
Stage2,Scenario44,Pij,93,0.0
Stage2,Scenario44,Pij,94,0.0
Stage2,Scenario44,Pij,95,0.0
Stage2,Scenario44,Pij,96,0.0
Stage2,Scenario44,Pij,97,0.0
Stage2,Scenario44,Pij,98,0.0
Stage2,Scenario44,Pij,99,0.0
Stage2,Scenario44,bus_gen,0:0,0.07999999999999831
Stage2,Scenario44,bus_gen,0:1,0.07999999999999831
Stage2,Scenario44,bus_gen,0:113,0.0
Stage2,Scenario44,bus_gen,0:117,0.0
Stage2,Scenario44,bus_gen,0:118,0.0
Stage2,Scenario44,bus_gen,0:119,0.0
Stage2,Scenario44,bus_gen,0:2,0.56
Stage2,Scenario44,bus_gen,0:3,0.56
Stage2,Scenario44,bus_gen,1:112,0.0
Stage2,Scenario44,bus_gen,1:114,0.0
Stage2,Scenario44,bus_gen,1:4,0.0799999999999983
Stage2,Scenario44,bus_gen,1:5,0.0799999999999983
Stage2,Scenario44,bus_gen,1:6,0.56
Stage2,Scenario44,bus_gen,1:7,0.56
Stage2,Scenario44,bus_gen,12:10,0.4285
Stage2,Scenario44,bus_gen,12:109,0.9359999999999999
Stage2,Scenario44,bus_gen,12:11,0.4285
Stage2,Scenario44,bus_gen,12:12,0.4285
Stage2,Scenario44,bus_gen,12:9,0.4285
Stage2,Scenario44,bus_gen,13:72,0.0
Stage2,Scenario44,bus_gen,14:13,0.12000000000000044
Stage2,Scenario44,bus_gen,14:14,0.12000000000000044
Stage2,Scenario44,bus_gen,14:15,1.55
Stage2,Scenario44,bus_gen,15:16,1.2500000000000002
Stage2,Scenario44,bus_gen,17:141,0.09300000000000001
Stage2,Scenario44,bus_gen,17:142,0.09699999999999999
Stage2,Scenario44,bus_gen,17:143,0.094
Stage2,Scenario44,bus_gen,17:144,0.091
Stage2,Scenario44,bus_gen,17:145,0.091
Stage2,Scenario44,bus_gen,17:146,0.09699999999999999
Stage2,Scenario44,bus_gen,17:148,0.11799999999999987
Stage2,Scenario44,bus_gen,17:149,0.11199999999999999
Stage2,Scenario44,bus_gen,17:150,0.10300000000000001
Stage2,Scenario44,bus_gen,17:151,0.045
Stage2,Scenario44,bus_gen,17:17,2.3890000000000002
Stage2,Scenario44,bus_gen,18:121,0.6659999999999999
Stage2,Scenario44,bus_gen,2:120,0.6150000000000007
Stage2,Scenario44,bus_gen,20:73,3.96
Stage2,Scenario44,bus_gen,21:156,0.0
Stage2,Scenario44,bus_gen,21:74,0.0
Stage2,Scenario44,bus_gen,21:75,0.0
Stage2,Scenario44,bus_gen,21:76,0.0
Stage2,Scenario44,bus_gen,21:77,0.0
Stage2,Scenario44,bus_gen,21:78,0.0
Stage2,Scenario44,bus_gen,21:79,0.0
Stage2,Scenario44,bus_gen,22:18,0.6199999999999983
Stage2,Scenario44,bus_gen,22:19,1.3999999999999986
Stage2,Scenario44,bus_gen,22:20,0.21999999999999886
Stage2,Scenario44,bus_gen,22:21,0.21999999999999886
Stage2,Scenario44,bus_gen,22:22,0.21999999999999886
Stage2,Scenario44,bus_gen,24:23,0.0799999999999983
Stage2,Scenario44,bus_gen,24:24,0.0799999999999983
Stage2,Scenario44,bus_gen,24:25,0.76
Stage2,Scenario44,bus_gen,24:80,0.16000000000000347
Stage2,Scenario44,bus_gen,25:26,0.07999999999999838
Stage2,Scenario44,bus_gen,25:27,0.07999999999999838
Stage2,Scenario44,bus_gen,25:28,0.56
Stage2,Scenario44,bus_gen,25:29,0.56
Stage2,Scenario44,bus_gen,3:115,0.268
Stage2,Scenario44,bus_gen,30:30,0.55
Stage2,Scenario44,bus_gen,30:31,0.55
Stage2,Scenario44,bus_gen,35:116,1.95
Stage2,Scenario44,bus_gen,36:152,0.0
Stage2,Scenario44,bus_gen,36:32,3.136
Stage2,Scenario44,bus_gen,36:33,0.21999999999999886
Stage2,Scenario44,bus_gen,36:34,0.21999999999999886
Stage2,Scenario44,bus_gen,37:81,0.0
Stage2,Scenario44,bus_gen,38:111,1.251
Stage2,Scenario44,bus_gen,38:35,0.55
Stage2,Scenario44,bus_gen,38:36,0.55
Stage2,Scenario44,bus_gen,38:82,0.0
Stage2,Scenario44,bus_gen,38:83,0.31899999999999995
Stage2,Scenario44,bus_gen,38:84,0.5
Stage2,Scenario44,bus_gen,39:37,1.55
Stage2,Scenario44,bus_gen,41:38,3.33
Stage2,Scenario44,bus_gen,44:39,1.6999999999999984
Stage2,Scenario44,bus_gen,45:85,0.0
Stage2,Scenario44,bus_gen,45:86,0.0
Stage2,Scenario44,bus_gen,45:87,0.0
Stage2,Scenario44,bus_gen,45:88,0.0
Stage2,Scenario44,bus_gen,45:89,0.0
Stage2,Scenario44,bus_gen,45:90,0.0
Stage2,Scenario44,bus_gen,46:40,0.6199999999999983
Stage2,Scenario44,bus_gen,46:41,0.6199999999999983
Stage2,Scenario44,bus_gen,46:42,1.3999999999999986
Stage2,Scenario44,bus_gen,46:43,0.21999999999999886
Stage2,Scenario44,bus_gen,46:44,0.21999999999999886
Stage2,Scenario44,bus_gen,46:45,0.21999999999999886
Stage2,Scenario44,bus_gen,48:46,0.2
Stage2,Scenario44,bus_gen,48:47,0.2
Stage2,Scenario44,bus_gen,48:48,0.34
Stage2,Scenario44,bus_gen,48:49,0.34
Stage2,Scenario44,bus_gen,49:50,0.2
Stage2,Scenario44,bus_gen,49:51,0.2
Stage2,Scenario44,bus_gen,49:52,0.285
Stage2,Scenario44,bus_gen,49:53,0.285
Stage2,Scenario44,bus_gen,50:155,1.7999999999999998
Stage2,Scenario44,bus_gen,54:54,0.55
Stage2,Scenario44,bus_gen,54:55,0.55
Stage2,Scenario44,bus_gen,55:122,1.0090000000000001
Stage2,Scenario44,bus_gen,56:153,1.483
Stage2,Scenario44,bus_gen,57:103,0.5169999999999999
Stage2,Scenario44,bus_gen,57:106,0.516
Stage2,Scenario44,bus_gen,59:105,0.0
Stage2,Scenario44,bus_gen,6:8,3.136
Stage2,Scenario44,bus_gen,60:102,0.7430000000000014
Stage2,Scenario44,bus_gen,60:123,0.0
Stage2,Scenario44,bus_gen,60:124,0.0
Stage2,Scenario44,bus_gen,60:125,0.0
Stage2,Scenario44,bus_gen,60:126,0.0
Stage2,Scenario44,bus_gen,60:127,0.0
Stage2,Scenario44,bus_gen,60:128,0.0
Stage2,Scenario44,bus_gen,60:129,0.0
Stage2,Scenario44,bus_gen,60:130,0.0
Stage2,Scenario44,bus_gen,60:131,0.0
Stage2,Scenario44,bus_gen,60:132,0.0
Stage2,Scenario44,bus_gen,60:133,0.0
Stage2,Scenario44,bus_gen,60:134,0.0
Stage2,Scenario44,bus_gen,60:138,0.0
Stage2,Scenario44,bus_gen,60:157,0.0
Stage2,Scenario44,bus_gen,60:56,1.9069999999999985
Stage2,Scenario44,bus_gen,60:99,0.0
Stage2,Scenario44,bus_gen,61:100,0.9269999999999999
Stage2,Scenario44,bus_gen,61:101,0.0
Stage2,Scenario44,bus_gen,61:91,0.0
Stage2,Scenario44,bus_gen,61:97,0.49699999999999983
Stage2,Scenario44,bus_gen,61:98,0.516
Stage2,Scenario44,bus_gen,62:57,0.12
Stage2,Scenario44,bus_gen,62:58,0.12
Stage2,Scenario44,bus_gen,62:59,0.12
Stage2,Scenario44,bus_gen,62:60,0.12
Stage2,Scenario44,bus_gen,62:61,0.12
Stage2,Scenario44,bus_gen,62:62,0.55
Stage2,Scenario44,bus_gen,62:63,0.55
Stage2,Scenario44,bus_gen,62:64,0.55
Stage2,Scenario44,bus_gen,63:65,1.2500000000000002
Stage2,Scenario44,bus_gen,64:154,0.0
Stage2,Scenario44,bus_gen,65:66,2.9160000000000004
Stage2,Scenario44,bus_gen,66:110,1.81
Stage2,Scenario44,bus_gen,67:135,0.273
Stage2,Scenario44,bus_gen,67:136,0.27
Stage2,Scenario44,bus_gen,67:137,0.28300000000000003
Stage2,Scenario44,bus_gen,67:139,0.27
Stage2,Scenario44,bus_gen,67:140,0.18400000000000005
Stage2,Scenario44,bus_gen,67:147,0.0
Stage2,Scenario44,bus_gen,67:96,0.0
Stage2,Scenario44,bus_gen,68:67,1.6999999999999984
Stage2,Scenario44,bus_gen,69:68,0.21999999999999886
Stage2,Scenario44,bus_gen,69:69,0.21999999999999886
Stage2,Scenario44,bus_gen,69:92,0.0
Stage2,Scenario44,bus_gen,69:93,0.0
Stage2,Scenario44,bus_gen,69:94,0.0
Stage2,Scenario44,bus_gen,69:95,0.0
Stage2,Scenario44,bus_gen,70:70,1.6999999999999984
Stage2,Scenario44,bus_gen,70:71,1.6999999999999984
Stage2,Scenario44,bus_gen,71:104,0.0
Stage2,Scenario44,bus_gen,71:107,0.0
Stage2,Scenario44,bus_gen,71:108,0.0
Stage2,Scenario44,cvar,None,85.5
Stage2,Scenario44,gen_curtailment,0:0,0.07999999999999831
Stage2,Scenario44,gen_curtailment,0:1,0.07999999999999831
Stage2,Scenario44,gen_curtailment,0:113,0.0
Stage2,Scenario44,gen_curtailment,0:117,0.0
Stage2,Scenario44,gen_curtailment,0:118,0.0
Stage2,Scenario44,gen_curtailment,0:119,0.0
Stage2,Scenario44,gen_curtailment,0:2,0.020000000000000018
Stage2,Scenario44,gen_curtailment,0:3,0.020000000000000018
Stage2,Scenario44,gen_curtailment,1:112,0.0
Stage2,Scenario44,gen_curtailment,1:114,0.0
Stage2,Scenario44,gen_curtailment,1:4,0.0799999999999983
Stage2,Scenario44,gen_curtailment,1:5,0.0799999999999983
Stage2,Scenario44,gen_curtailment,1:6,0.07500000000000007
Stage2,Scenario44,gen_curtailment,1:7,0.07500000000000007
Stage2,Scenario44,gen_curtailment,12:10,0.0
Stage2,Scenario44,gen_curtailment,12:109,0.0
Stage2,Scenario44,gen_curtailment,12:11,0.0
Stage2,Scenario44,gen_curtailment,12:12,0.0
Stage2,Scenario44,gen_curtailment,12:9,0.0
Stage2,Scenario44,gen_curtailment,13:72,0.0
Stage2,Scenario44,gen_curtailment,14:13,0.0
Stage2,Scenario44,gen_curtailment,14:14,0.0
Stage2,Scenario44,gen_curtailment,14:15,0.0
Stage2,Scenario44,gen_curtailment,15:16,0.2500000000000002
Stage2,Scenario44,gen_curtailment,17:141,0.0
Stage2,Scenario44,gen_curtailment,17:142,0.0
Stage2,Scenario44,gen_curtailment,17:143,0.0
Stage2,Scenario44,gen_curtailment,17:144,0.0
Stage2,Scenario44,gen_curtailment,17:145,0.0
Stage2,Scenario44,gen_curtailment,17:146,0.0
Stage2,Scenario44,gen_curtailment,17:148,0.0
Stage2,Scenario44,gen_curtailment,17:149,0.0
Stage2,Scenario44,gen_curtailment,17:150,0.0
Stage2,Scenario44,gen_curtailment,17:151,0.0
Stage2,Scenario44,gen_curtailment,17:17,0.0
Stage2,Scenario44,gen_curtailment,18:121,0.0
Stage2,Scenario44,gen_curtailment,2:120,0.0
Stage2,Scenario44,gen_curtailment,20:73,3.96
Stage2,Scenario44,gen_curtailment,21:156,0.0
Stage2,Scenario44,gen_curtailment,21:74,0.0
Stage2,Scenario44,gen_curtailment,21:75,0.0
Stage2,Scenario44,gen_curtailment,21:76,0.0
Stage2,Scenario44,gen_curtailment,21:77,0.0
Stage2,Scenario44,gen_curtailment,21:78,0.0
Stage2,Scenario44,gen_curtailment,21:79,0.0
Stage2,Scenario44,gen_curtailment,22:18,0.6199999999999983
Stage2,Scenario44,gen_curtailment,22:19,0.11999999999999854
Stage2,Scenario44,gen_curtailment,22:20,0.21999999999999886
Stage2,Scenario44,gen_curtailment,22:21,0.21999999999999886
Stage2,Scenario44,gen_curtailment,22:22,0.21999999999999886
Stage2,Scenario44,gen_curtailment,24:23,0.0
Stage2,Scenario44,gen_curtailment,24:24,0.0
Stage2,Scenario44,gen_curtailment,24:25,0.0
Stage2,Scenario44,gen_curtailment,24:80,0.0
Stage2,Scenario44,gen_curtailment,25:26,0.0
Stage2,Scenario44,gen_curtailment,25:27,0.0
Stage2,Scenario44,gen_curtailment,25:28,0.15499999999999844
Stage2,Scenario44,gen_curtailment,25:29,0.15499999999999844
Stage2,Scenario44,gen_curtailment,3:115,0.0
Stage2,Scenario44,gen_curtailment,30:30,0.0
Stage2,Scenario44,gen_curtailment,30:31,0.0
Stage2,Scenario44,gen_curtailment,35:116,0.0
Stage2,Scenario44,gen_curtailment,36:152,0.0
Stage2,Scenario44,gen_curtailment,36:32,0.48600000000000027
Stage2,Scenario44,gen_curtailment,36:33,0.21999999999999886
Stage2,Scenario44,gen_curtailment,36:34,0.21999999999999886
Stage2,Scenario44,gen_curtailment,37:81,0.0
Stage2,Scenario44,gen_curtailment,38:111,0.0
Stage2,Scenario44,gen_curtailment,38:35,0.0
Stage2,Scenario44,gen_curtailment,38:36,0.0
Stage2,Scenario44,gen_curtailment,38:82,0.0
Stage2,Scenario44,gen_curtailment,38:83,0.0
Stage2,Scenario44,gen_curtailment,38:84,0.0
Stage2,Scenario44,gen_curtailment,39:37,0.0
Stage2,Scenario44,gen_curtailment,41:38,0.0
Stage2,Scenario44,gen_curtailment,44:39,1.6999999999999984
Stage2,Scenario44,gen_curtailment,45:85,0.0
Stage2,Scenario44,gen_curtailment,45:86,0.0
Stage2,Scenario44,gen_curtailment,45:87,0.0
Stage2,Scenario44,gen_curtailment,45:88,0.0
Stage2,Scenario44,gen_curtailment,45:89,0.0
Stage2,Scenario44,gen_curtailment,45:90,0.0
Stage2,Scenario44,gen_curtailment,46:40,0.6199999999999983
Stage2,Scenario44,gen_curtailment,46:41,0.6199999999999983
Stage2,Scenario44,gen_curtailment,46:42,0.0
Stage2,Scenario44,gen_curtailment,46:43,0.21999999999999886
Stage2,Scenario44,gen_curtailment,46:44,0.21999999999999886
Stage2,Scenario44,gen_curtailment,46:45,0.21999999999999886
Stage2,Scenario44,gen_curtailment,48:46,0.0
Stage2,Scenario44,gen_curtailment,48:47,0.0
Stage2,Scenario44,gen_curtailment,48:48,0.0
Stage2,Scenario44,gen_curtailment,48:49,0.0
Stage2,Scenario44,gen_curtailment,49:50,0.0
Stage2,Scenario44,gen_curtailment,49:51,0.0
Stage2,Scenario44,gen_curtailment,49:52,0.0
Stage2,Scenario44,gen_curtailment,49:53,0.0
Stage2,Scenario44,gen_curtailment,50:155,0.0
Stage2,Scenario44,gen_curtailment,54:54,0.0
Stage2,Scenario44,gen_curtailment,54:55,0.0
Stage2,Scenario44,gen_curtailment,55:122,0.0
Stage2,Scenario44,gen_curtailment,56:153,0.0
Stage2,Scenario44,gen_curtailment,57:103,0.0
Stage2,Scenario44,gen_curtailment,57:106,0.0
Stage2,Scenario44,gen_curtailment,59:105,0.0
Stage2,Scenario44,gen_curtailment,6:8,0.17599999999999572
Stage2,Scenario44,gen_curtailment,60:102,0.0
Stage2,Scenario44,gen_curtailment,60:123,0.0
Stage2,Scenario44,gen_curtailment,60:124,0.0
Stage2,Scenario44,gen_curtailment,60:125,0.0
Stage2,Scenario44,gen_curtailment,60:126,0.0
Stage2,Scenario44,gen_curtailment,60:127,0.0
Stage2,Scenario44,gen_curtailment,60:128,0.0
Stage2,Scenario44,gen_curtailment,60:129,0.0
Stage2,Scenario44,gen_curtailment,60:130,0.0
Stage2,Scenario44,gen_curtailment,60:131,0.0
Stage2,Scenario44,gen_curtailment,60:132,0.0
Stage2,Scenario44,gen_curtailment,60:133,0.0
Stage2,Scenario44,gen_curtailment,60:134,0.0
Stage2,Scenario44,gen_curtailment,60:138,0.0
Stage2,Scenario44,gen_curtailment,60:157,0.0
Stage2,Scenario44,gen_curtailment,60:56,0.0
Stage2,Scenario44,gen_curtailment,60:99,0.0
Stage2,Scenario44,gen_curtailment,61:100,0.0
Stage2,Scenario44,gen_curtailment,61:101,0.0
Stage2,Scenario44,gen_curtailment,61:91,0.0
Stage2,Scenario44,gen_curtailment,61:97,0.0
Stage2,Scenario44,gen_curtailment,61:98,0.0
Stage2,Scenario44,gen_curtailment,62:57,0.0
Stage2,Scenario44,gen_curtailment,62:58,0.0
Stage2,Scenario44,gen_curtailment,62:59,0.0
Stage2,Scenario44,gen_curtailment,62:60,0.0
Stage2,Scenario44,gen_curtailment,62:61,0.0
Stage2,Scenario44,gen_curtailment,62:62,0.0
Stage2,Scenario44,gen_curtailment,62:63,0.0
Stage2,Scenario44,gen_curtailment,62:64,0.0
Stage2,Scenario44,gen_curtailment,63:65,0.2500000000000002
Stage2,Scenario44,gen_curtailment,64:154,0.0
Stage2,Scenario44,gen_curtailment,65:66,0.9859999999999989
Stage2,Scenario44,gen_curtailment,66:110,0.0
Stage2,Scenario44,gen_curtailment,67:135,0.0
Stage2,Scenario44,gen_curtailment,67:136,0.0
Stage2,Scenario44,gen_curtailment,67:137,0.0
Stage2,Scenario44,gen_curtailment,67:139,0.0
Stage2,Scenario44,gen_curtailment,67:140,0.0
Stage2,Scenario44,gen_curtailment,67:147,0.0
Stage2,Scenario44,gen_curtailment,67:96,0.0
Stage2,Scenario44,gen_curtailment,68:67,1.6999999999999984
Stage2,Scenario44,gen_curtailment,69:68,0.21999999999999886
Stage2,Scenario44,gen_curtailment,69:69,0.21999999999999886
Stage2,Scenario44,gen_curtailment,69:92,0.0
Stage2,Scenario44,gen_curtailment,69:93,0.0
Stage2,Scenario44,gen_curtailment,69:94,0.0
Stage2,Scenario44,gen_curtailment,69:95,0.0
Stage2,Scenario44,gen_curtailment,70:70,1.6999999999999984
Stage2,Scenario44,gen_curtailment,70:71,1.6999999999999984
Stage2,Scenario44,gen_curtailment,71:104,0.0
Stage2,Scenario44,gen_curtailment,71:107,0.0
Stage2,Scenario44,gen_curtailment,71:108,0.0
Stage2,Scenario44,load_shed,0,0.0
Stage2,Scenario44,load_shed,1,0.0
Stage2,Scenario44,load_shed,10,0.0
Stage2,Scenario44,load_shed,11,0.0
Stage2,Scenario44,load_shed,12,0.0
Stage2,Scenario44,load_shed,13,1.9399999999999997
Stage2,Scenario44,load_shed,14,1.3799999999999992
Stage2,Scenario44,load_shed,15,0.0
Stage2,Scenario44,load_shed,16,0.0
Stage2,Scenario44,load_shed,17,0.0
Stage2,Scenario44,load_shed,18,1.1440000000000001
Stage2,Scenario44,load_shed,19,0.0
Stage2,Scenario44,load_shed,2,1.1849999999999994
Stage2,Scenario44,load_shed,20,0.0
Stage2,Scenario44,load_shed,21,0.0
Stage2,Scenario44,load_shed,22,0.0
Stage2,Scenario44,load_shed,23,0.0
Stage2,Scenario44,load_shed,24,0.0
Stage2,Scenario44,load_shed,25,0.0
Stage2,Scenario44,load_shed,26,1.7999999999999998
Stage2,Scenario44,load_shed,27,0.74
Stage2,Scenario44,load_shed,28,0.71
Stage2,Scenario44,load_shed,29,1.36
Stage2,Scenario44,load_shed,3,0.4719999999999999
Stage2,Scenario44,load_shed,30,0.1499999999999999
Stage2,Scenario44,load_shed,31,1.71
Stage2,Scenario44,load_shed,32,1.7499999999999998
Stage2,Scenario44,load_shed,33,0.0
Stage2,Scenario44,load_shed,34,0.0
Stage2,Scenario44,load_shed,35,0.0
Stage2,Scenario44,load_shed,36,0.0
Stage2,Scenario44,load_shed,37,1.39
Stage2,Scenario44,load_shed,38,0.0
Stage2,Scenario44,load_shed,39,0.0
Stage2,Scenario44,load_shed,4,0.71
Stage2,Scenario44,load_shed,40,0.0
Stage2,Scenario44,load_shed,41,0.0
Stage2,Scenario44,load_shed,42,1.8099999999999996
Stage2,Scenario44,load_shed,43,1.2799999999999994
Stage2,Scenario44,load_shed,44,0.0
Stage2,Scenario44,load_shed,45,0.0
Stage2,Scenario44,load_shed,46,0.0
Stage2,Scenario44,load_shed,47,0.0
Stage2,Scenario44,load_shed,48,0.0
Stage2,Scenario44,load_shed,49,0.0
Stage2,Scenario44,load_shed,5,1.36
Stage2,Scenario44,load_shed,50,0.0
Stage2,Scenario44,load_shed,51,0.74
Stage2,Scenario44,load_shed,52,0.71
Stage2,Scenario44,load_shed,53,1.36
Stage2,Scenario44,load_shed,54,0.1499999999999999
Stage2,Scenario44,load_shed,55,0.7009999999999998
Stage2,Scenario44,load_shed,56,0.26699999999999996
Stage2,Scenario44,load_shed,57,0.917
Stage2,Scenario44,load_shed,58,0.0
Stage2,Scenario44,load_shed,59,0.0
Stage2,Scenario44,load_shed,6,0.0
Stage2,Scenario44,load_shed,60,0.0
Stage2,Scenario44,load_shed,61,0.0
Stage2,Scenario44,load_shed,62,0.9199999999999997
Stage2,Scenario44,load_shed,63,0.0
Stage2,Scenario44,load_shed,64,0.0
Stage2,Scenario44,load_shed,65,0.0
Stage2,Scenario44,load_shed,66,0.0
Stage2,Scenario44,load_shed,67,0.0
Stage2,Scenario44,load_shed,68,0.0
Stage2,Scenario44,load_shed,69,0.0
Stage2,Scenario44,load_shed,7,0.0
Stage2,Scenario44,load_shed,70,0.0
Stage2,Scenario44,load_shed,71,0.0
Stage2,Scenario44,load_shed,72,0.0
Stage2,Scenario44,load_shed,8,1.7499999999999998
Stage2,Scenario44,load_shed,9,1.95
Stage2,Scenario44,load_shed_value,None,30.355999999999995
Stage2,Scenario44,nu,None,2.9023157894736875
Stage2,Scenario44,theta,0,-6.283185307179585
Stage2,Scenario44,theta,1,-6.283185307179586
Stage2,Scenario44,theta,10,-6.283185307179586
Stage2,Scenario44,theta,11,6.283185307179586
Stage2,Scenario44,theta,12,0.0
Stage2,Scenario44,theta,13,-6.283185307179586
Stage2,Scenario44,theta,14,-6.283185307179586
Stage2,Scenario44,theta,15,-6.283185307179586
Stage2,Scenario44,theta,16,-6.283185307179586
Stage2,Scenario44,theta,17,-6.283185307179586
Stage2,Scenario44,theta,18,-6.283185307179586
Stage2,Scenario44,theta,19,-6.283185307179586
Stage2,Scenario44,theta,2,6.283185307179586
Stage2,Scenario44,theta,20,6.283185307179586
Stage2,Scenario44,theta,21,6.283185307179586
Stage2,Scenario44,theta,22,-6.2550253071795865
Stage2,Scenario44,theta,23,6.283185307179586
Stage2,Scenario44,theta,24,-6.283185307179586
Stage2,Scenario44,theta,25,-6.283185307179586
Stage2,Scenario44,theta,26,6.283185307179586
Stage2,Scenario44,theta,27,-6.283185307179586
Stage2,Scenario44,theta,28,-6.283185307179586
Stage2,Scenario44,theta,29,-6.283185307179586
Stage2,Scenario44,theta,3,6.283185307179586
Stage2,Scenario44,theta,30,-6.283185307179586
Stage2,Scenario44,theta,31,-6.283185307179586
Stage2,Scenario44,theta,32,-6.283185307179586
Stage2,Scenario44,theta,33,-6.283185307179586
Stage2,Scenario44,theta,34,6.283185307179586
Stage2,Scenario44,theta,35,-6.116928307179586
Stage2,Scenario44,theta,36,-6.283185307179586
Stage2,Scenario44,theta,37,-6.283185307179586
Stage2,Scenario44,theta,38,-6.283185307179586
Stage2,Scenario44,theta,39,-6.250735307179586
Stage2,Scenario44,theta,4,-6.283185307179586
Stage2,Scenario44,theta,40,-6.283185307179586
Stage2,Scenario44,theta,41,-6.283185307179586
Stage2,Scenario44,theta,42,-6.283185307179586
Stage2,Scenario44,theta,43,-6.283185307179586
Stage2,Scenario44,theta,44,6.283185307179586
Stage2,Scenario44,theta,45,6.283185307179586
Stage2,Scenario44,theta,46,-6.137585307179586
Stage2,Scenario44,theta,47,6.283185307179586
Stage2,Scenario44,theta,48,-6.283185307179586
Stage2,Scenario44,theta,49,-6.283185307179586
Stage2,Scenario44,theta,5,-6.283185307179586
Stage2,Scenario44,theta,50,-6.283185307179586
Stage2,Scenario44,theta,51,-6.283185307179586
Stage2,Scenario44,theta,52,-6.283185307179586
Stage2,Scenario44,theta,53,-6.283185307179586
Stage2,Scenario44,theta,54,-6.283185307179586
Stage2,Scenario44,theta,55,-6.283185307179586
Stage2,Scenario44,theta,56,-6.283185307179586
Stage2,Scenario44,theta,57,-6.283185307179586
Stage2,Scenario44,theta,58,6.283185307179586
Stage2,Scenario44,theta,59,-6.283185307179586
Stage2,Scenario44,theta,6,-6.178875307178513
Stage2,Scenario44,theta,60,6.283185307179586
Stage2,Scenario44,theta,61,6.283185307179586
Stage2,Scenario44,theta,62,-6.283185307179586
Stage2,Scenario44,theta,63,-6.283185307179586
Stage2,Scenario44,theta,64,-6.283185307179586
Stage2,Scenario44,theta,65,-6.283185307179586
Stage2,Scenario44,theta,66,6.283185307179586
Stage2,Scenario44,theta,67,-6.063185307180742
Stage2,Scenario44,theta,68,6.283185307179586
Stage2,Scenario44,theta,69,6.283185307179586
Stage2,Scenario44,theta,7,-6.283185307179586
Stage2,Scenario44,theta,70,-6.283185307179586
Stage2,Scenario44,theta,71,6.283185307179586
Stage2,Scenario44,theta,72,0.0
Stage2,Scenario44,theta,8,-6.283185307179586
Stage2,Scenario44,theta,9,-6.283185307179586
Stage2,Scenario44,xij,0,0.0
Stage2,Scenario44,xij,1,0.0
Stage2,Scenario44,xij,10,1.0
Stage2,Scenario44,xij,100,0.0
Stage2,Scenario44,xij,101,0.0
Stage2,Scenario44,xij,102,0.0
Stage2,Scenario44,xij,103,0.0
Stage2,Scenario44,xij,104,0.0
Stage2,Scenario44,xij,105,0.0
Stage2,Scenario44,xij,106,0.0
Stage2,Scenario44,xij,107,0.0
Stage2,Scenario44,xij,108,0.0
Stage2,Scenario44,xij,109,0.0
Stage2,Scenario44,xij,11,0.0
Stage2,Scenario44,xij,110,0.0
Stage2,Scenario44,xij,111,0.0
Stage2,Scenario44,xij,112,0.0
Stage2,Scenario44,xij,113,0.0
Stage2,Scenario44,xij,114,0.0
Stage2,Scenario44,xij,115,0.0
Stage2,Scenario44,xij,116,0.0
Stage2,Scenario44,xij,117,0.0
Stage2,Scenario44,xij,118,1.0
Stage2,Scenario44,xij,119,0.0
Stage2,Scenario44,xij,12,0.0
Stage2,Scenario44,xij,13,0.0
Stage2,Scenario44,xij,14,1.0
Stage2,Scenario44,xij,15,0.0
Stage2,Scenario44,xij,16,0.0
Stage2,Scenario44,xij,17,0.0
Stage2,Scenario44,xij,18,0.0
Stage2,Scenario44,xij,19,0.0
Stage2,Scenario44,xij,2,0.0
Stage2,Scenario44,xij,20,0.0
Stage2,Scenario44,xij,21,0.0
Stage2,Scenario44,xij,22,0.0
Stage2,Scenario44,xij,23,0.0
Stage2,Scenario44,xij,24,0.0
Stage2,Scenario44,xij,25,0.0
Stage2,Scenario44,xij,26,0.0
Stage2,Scenario44,xij,27,0.0
Stage2,Scenario44,xij,28,0.0
Stage2,Scenario44,xij,29,0.0
Stage2,Scenario44,xij,3,0.0
Stage2,Scenario44,xij,30,0.0
Stage2,Scenario44,xij,31,0.0
Stage2,Scenario44,xij,32,0.0
Stage2,Scenario44,xij,33,0.0
Stage2,Scenario44,xij,34,0.0
Stage2,Scenario44,xij,35,0.0
Stage2,Scenario44,xij,36,0.0
Stage2,Scenario44,xij,37,0.0
Stage2,Scenario44,xij,38,1.0
Stage2,Scenario44,xij,39,0.0
Stage2,Scenario44,xij,4,0.0
Stage2,Scenario44,xij,40,0.0
Stage2,Scenario44,xij,41,0.0
Stage2,Scenario44,xij,42,0.0
Stage2,Scenario44,xij,43,0.0
Stage2,Scenario44,xij,44,0.0
Stage2,Scenario44,xij,45,0.0
Stage2,Scenario44,xij,46,0.0
Stage2,Scenario44,xij,47,0.0
Stage2,Scenario44,xij,48,0.0
Stage2,Scenario44,xij,49,0.0
Stage2,Scenario44,xij,5,0.0
Stage2,Scenario44,xij,50,0.0
Stage2,Scenario44,xij,51,0.0
Stage2,Scenario44,xij,52,0.0
Stage2,Scenario44,xij,53,0.0
Stage2,Scenario44,xij,54,0.0
Stage2,Scenario44,xij,55,0.0
Stage2,Scenario44,xij,56,0.0
Stage2,Scenario44,xij,57,1.0
Stage2,Scenario44,xij,58,0.0
Stage2,Scenario44,xij,59,0.0
Stage2,Scenario44,xij,6,0.0
Stage2,Scenario44,xij,60,0.0
Stage2,Scenario44,xij,61,0.0
Stage2,Scenario44,xij,62,0.0
Stage2,Scenario44,xij,63,1.0
Stage2,Scenario44,xij,64,0.0
Stage2,Scenario44,xij,65,0.0
Stage2,Scenario44,xij,66,0.0
Stage2,Scenario44,xij,67,0.0
Stage2,Scenario44,xij,68,0.0
Stage2,Scenario44,xij,69,0.0
Stage2,Scenario44,xij,7,0.0
Stage2,Scenario44,xij,70,0.0
Stage2,Scenario44,xij,71,0.0
Stage2,Scenario44,xij,72,0.0
Stage2,Scenario44,xij,73,0.0
Stage2,Scenario44,xij,74,0.0
Stage2,Scenario44,xij,75,0.0
Stage2,Scenario44,xij,76,0.0
Stage2,Scenario44,xij,77,0.0
Stage2,Scenario44,xij,78,0.0
Stage2,Scenario44,xij,79,0.0
Stage2,Scenario44,xij,8,0.0
Stage2,Scenario44,xij,80,0.0
Stage2,Scenario44,xij,81,0.0
Stage2,Scenario44,xij,82,0.0
Stage2,Scenario44,xij,83,0.0
Stage2,Scenario44,xij,84,0.0
Stage2,Scenario44,xij,85,0.0
Stage2,Scenario44,xij,86,0.0
Stage2,Scenario44,xij,87,0.0
Stage2,Scenario44,xij,88,0.0
Stage2,Scenario44,xij,89,0.0
Stage2,Scenario44,xij,9,0.0
Stage2,Scenario44,xij,90,0.0
Stage2,Scenario44,xij,91,0.0
Stage2,Scenario44,xij,92,0.0
Stage2,Scenario44,xij,93,0.0
Stage2,Scenario44,xij,94,0.0
Stage2,Scenario44,xij,95,0.0
Stage2,Scenario44,xij,96,0.0
Stage2,Scenario44,xij,97,0.0
Stage2,Scenario44,xij,98,0.0
Stage2,Scenario44,xij,99,0.0
Stage2,Scenario45,Pij,0,0.0
Stage2,Scenario45,Pij,1,0.0
Stage2,Scenario45,Pij,10,1.7100000000000044
Stage2,Scenario45,Pij,100,0.0
Stage2,Scenario45,Pij,101,0.0
Stage2,Scenario45,Pij,102,-0.9199999999999997
Stage2,Scenario45,Pij,103,0.0
Stage2,Scenario45,Pij,104,0.0
Stage2,Scenario45,Pij,105,0.0
Stage2,Scenario45,Pij,106,0.0
Stage2,Scenario45,Pij,107,0.0
Stage2,Scenario45,Pij,108,0.0
Stage2,Scenario45,Pij,109,0.0
Stage2,Scenario45,Pij,11,0.0
Stage2,Scenario45,Pij,110,0.0
Stage2,Scenario45,Pij,111,0.0
Stage2,Scenario45,Pij,112,0.0
Stage2,Scenario45,Pij,113,0.0
Stage2,Scenario45,Pij,114,0.0
Stage2,Scenario45,Pij,115,0.0
Stage2,Scenario45,Pij,116,0.0
Stage2,Scenario45,Pij,117,0.0
Stage2,Scenario45,Pij,118,0.0
Stage2,Scenario45,Pij,119,0.0
Stage2,Scenario45,Pij,12,0.0
Stage2,Scenario45,Pij,13,0.0
Stage2,Scenario45,Pij,14,0.0
Stage2,Scenario45,Pij,15,0.0
Stage2,Scenario45,Pij,16,0.0
Stage2,Scenario45,Pij,17,0.0
Stage2,Scenario45,Pij,18,0.0
Stage2,Scenario45,Pij,19,0.0
Stage2,Scenario45,Pij,2,0.0
Stage2,Scenario45,Pij,20,0.0
Stage2,Scenario45,Pij,21,0.0
Stage2,Scenario45,Pij,22,0.0
Stage2,Scenario45,Pij,23,0.0
Stage2,Scenario45,Pij,24,0.0
Stage2,Scenario45,Pij,25,0.0
Stage2,Scenario45,Pij,26,0.0
Stage2,Scenario45,Pij,27,0.0
Stage2,Scenario45,Pij,28,0.0
Stage2,Scenario45,Pij,29,0.0
Stage2,Scenario45,Pij,3,0.0
Stage2,Scenario45,Pij,30,0.0
Stage2,Scenario45,Pij,31,0.0
Stage2,Scenario45,Pij,32,0.0
Stage2,Scenario45,Pij,33,0.0
Stage2,Scenario45,Pij,34,0.0
Stage2,Scenario45,Pij,35,0.0
Stage2,Scenario45,Pij,36,0.0
Stage2,Scenario45,Pij,37,0.0
Stage2,Scenario45,Pij,38,-1.28
Stage2,Scenario45,Pij,39,0.0
Stage2,Scenario45,Pij,4,0.0
Stage2,Scenario45,Pij,40,0.0
Stage2,Scenario45,Pij,41,0.0
Stage2,Scenario45,Pij,42,0.0
Stage2,Scenario45,Pij,43,0.0
Stage2,Scenario45,Pij,44,0.0
Stage2,Scenario45,Pij,45,0.0
Stage2,Scenario45,Pij,46,0.0
Stage2,Scenario45,Pij,47,0.0
Stage2,Scenario45,Pij,48,0.0
Stage2,Scenario45,Pij,49,0.0
Stage2,Scenario45,Pij,5,0.0
Stage2,Scenario45,Pij,50,0.0
Stage2,Scenario45,Pij,51,0.0
Stage2,Scenario45,Pij,52,0.0
Stage2,Scenario45,Pij,53,0.0
Stage2,Scenario45,Pij,54,0.0
Stage2,Scenario45,Pij,55,-1.75
Stage2,Scenario45,Pij,56,0.0
Stage2,Scenario45,Pij,57,-0.25
Stage2,Scenario45,Pij,58,0.0
Stage2,Scenario45,Pij,59,0.0
Stage2,Scenario45,Pij,6,0.0
Stage2,Scenario45,Pij,60,0.0
Stage2,Scenario45,Pij,61,0.0
Stage2,Scenario45,Pij,62,0.0
Stage2,Scenario45,Pij,63,0.0
Stage2,Scenario45,Pij,64,0.0
Stage2,Scenario45,Pij,65,0.0
Stage2,Scenario45,Pij,66,0.0
Stage2,Scenario45,Pij,67,0.0
Stage2,Scenario45,Pij,68,0.0
Stage2,Scenario45,Pij,69,0.0
Stage2,Scenario45,Pij,7,0.0
Stage2,Scenario45,Pij,70,0.0
Stage2,Scenario45,Pij,71,0.0
Stage2,Scenario45,Pij,72,0.0
Stage2,Scenario45,Pij,73,0.0
Stage2,Scenario45,Pij,74,0.0
Stage2,Scenario45,Pij,75,0.0
Stage2,Scenario45,Pij,76,0.0
Stage2,Scenario45,Pij,77,0.0
Stage2,Scenario45,Pij,78,0.0
Stage2,Scenario45,Pij,79,0.0
Stage2,Scenario45,Pij,8,0.0
Stage2,Scenario45,Pij,80,0.0
Stage2,Scenario45,Pij,81,0.0
Stage2,Scenario45,Pij,82,0.0
Stage2,Scenario45,Pij,83,0.0
Stage2,Scenario45,Pij,84,0.0
Stage2,Scenario45,Pij,85,0.0
Stage2,Scenario45,Pij,86,0.0
Stage2,Scenario45,Pij,87,0.0
Stage2,Scenario45,Pij,88,0.0
Stage2,Scenario45,Pij,89,0.0
Stage2,Scenario45,Pij,9,0.0
Stage2,Scenario45,Pij,90,0.0
Stage2,Scenario45,Pij,91,0.0
Stage2,Scenario45,Pij,92,0.0
Stage2,Scenario45,Pij,93,0.0
Stage2,Scenario45,Pij,94,0.0
Stage2,Scenario45,Pij,95,0.0
Stage2,Scenario45,Pij,96,0.0
Stage2,Scenario45,Pij,97,0.0
Stage2,Scenario45,Pij,98,0.0
Stage2,Scenario45,Pij,99,0.0
Stage2,Scenario45,bus_gen,0:0,0.07999999999999834
Stage2,Scenario45,bus_gen,0:1,0.07999999999999834
Stage2,Scenario45,bus_gen,0:113,0.0
Stage2,Scenario45,bus_gen,0:117,0.0
Stage2,Scenario45,bus_gen,0:118,0.0
Stage2,Scenario45,bus_gen,0:119,0.0
Stage2,Scenario45,bus_gen,0:2,0.56
Stage2,Scenario45,bus_gen,0:3,0.56
Stage2,Scenario45,bus_gen,1:112,0.0
Stage2,Scenario45,bus_gen,1:114,0.0
Stage2,Scenario45,bus_gen,1:4,0.0799999999999983
Stage2,Scenario45,bus_gen,1:5,0.0799999999999983
Stage2,Scenario45,bus_gen,1:6,0.56
Stage2,Scenario45,bus_gen,1:7,0.56
Stage2,Scenario45,bus_gen,12:10,0.4285
Stage2,Scenario45,bus_gen,12:109,0.936
Stage2,Scenario45,bus_gen,12:11,0.4285
Stage2,Scenario45,bus_gen,12:12,0.4285
Stage2,Scenario45,bus_gen,12:9,0.4285
Stage2,Scenario45,bus_gen,13:72,0.0
Stage2,Scenario45,bus_gen,14:13,0.12000000000000001
Stage2,Scenario45,bus_gen,14:14,0.12000000000000001
Stage2,Scenario45,bus_gen,14:15,1.55
Stage2,Scenario45,bus_gen,15:16,1.2500000000000002
Stage2,Scenario45,bus_gen,17:141,0.09300000000000001
Stage2,Scenario45,bus_gen,17:142,0.09699999999999999
Stage2,Scenario45,bus_gen,17:143,0.09399999999999996
Stage2,Scenario45,bus_gen,17:144,0.091
Stage2,Scenario45,bus_gen,17:145,0.091
Stage2,Scenario45,bus_gen,17:146,0.09699999999999999
Stage2,Scenario45,bus_gen,17:148,0.11800000000000001
Stage2,Scenario45,bus_gen,17:149,0.11199999999999999
Stage2,Scenario45,bus_gen,17:150,0.10300000000000001
Stage2,Scenario45,bus_gen,17:151,0.045
Stage2,Scenario45,bus_gen,17:17,2.3890000000000002
Stage2,Scenario45,bus_gen,18:121,0.6659999999999999
Stage2,Scenario45,bus_gen,2:120,0.6150000000000007
Stage2,Scenario45,bus_gen,20:73,3.9599999999999995
Stage2,Scenario45,bus_gen,21:156,0.0
Stage2,Scenario45,bus_gen,21:74,0.0
Stage2,Scenario45,bus_gen,21:75,0.0
Stage2,Scenario45,bus_gen,21:76,0.0
Stage2,Scenario45,bus_gen,21:77,0.0
Stage2,Scenario45,bus_gen,21:78,0.0
Stage2,Scenario45,bus_gen,21:79,0.0
Stage2,Scenario45,bus_gen,22:18,0.6199999999999983
Stage2,Scenario45,bus_gen,22:19,1.3999999999999986
Stage2,Scenario45,bus_gen,22:20,0.21999999999999886
Stage2,Scenario45,bus_gen,22:21,0.21999999999999886
Stage2,Scenario45,bus_gen,22:22,0.21999999999999886
Stage2,Scenario45,bus_gen,24:23,0.16000000000000003
Stage2,Scenario45,bus_gen,24:24,0.16000000000000003
Stage2,Scenario45,bus_gen,24:25,0.76
Stage2,Scenario45,bus_gen,24:80,0.0
Stage2,Scenario45,bus_gen,25:26,0.0799999999999983
Stage2,Scenario45,bus_gen,25:27,0.0799999999999983
Stage2,Scenario45,bus_gen,25:28,0.56
Stage2,Scenario45,bus_gen,25:29,0.56
Stage2,Scenario45,bus_gen,3:115,0.268
Stage2,Scenario45,bus_gen,30:30,0.55
Stage2,Scenario45,bus_gen,30:31,0.55
Stage2,Scenario45,bus_gen,35:116,2.0
Stage2,Scenario45,bus_gen,36:152,0.0
Stage2,Scenario45,bus_gen,36:32,3.136
Stage2,Scenario45,bus_gen,36:33,0.21999999999999886
Stage2,Scenario45,bus_gen,36:34,0.21999999999999886
Stage2,Scenario45,bus_gen,37:81,0.0
Stage2,Scenario45,bus_gen,38:111,1.251
Stage2,Scenario45,bus_gen,38:35,0.55
Stage2,Scenario45,bus_gen,38:36,0.55
Stage2,Scenario45,bus_gen,38:82,0.0
Stage2,Scenario45,bus_gen,38:83,0.31899999999999995
Stage2,Scenario45,bus_gen,38:84,0.5
Stage2,Scenario45,bus_gen,39:37,1.2500000000000002
Stage2,Scenario45,bus_gen,41:38,3.33
Stage2,Scenario45,bus_gen,44:39,1.6999999999999984
Stage2,Scenario45,bus_gen,45:85,0.0
Stage2,Scenario45,bus_gen,45:86,0.0
Stage2,Scenario45,bus_gen,45:87,0.0
Stage2,Scenario45,bus_gen,45:88,0.0
Stage2,Scenario45,bus_gen,45:89,0.0
Stage2,Scenario45,bus_gen,45:90,0.0
Stage2,Scenario45,bus_gen,46:40,0.6199999999999983
Stage2,Scenario45,bus_gen,46:41,0.6199999999999983
Stage2,Scenario45,bus_gen,46:42,1.3999999999999986
Stage2,Scenario45,bus_gen,46:43,0.21999999999999886
Stage2,Scenario45,bus_gen,46:44,0.21999999999999886
Stage2,Scenario45,bus_gen,46:45,0.21999999999999886
Stage2,Scenario45,bus_gen,48:46,0.0799999999999983
Stage2,Scenario45,bus_gen,48:47,0.0799999999999983
Stage2,Scenario45,bus_gen,48:48,0.4600000000000017
Stage2,Scenario45,bus_gen,48:49,0.4600000000000017
Stage2,Scenario45,bus_gen,49:50,0.2
Stage2,Scenario45,bus_gen,49:51,0.2
Stage2,Scenario45,bus_gen,49:52,0.285
Stage2,Scenario45,bus_gen,49:53,0.285
Stage2,Scenario45,bus_gen,50:155,1.8000000000000003
Stage2,Scenario45,bus_gen,54:54,0.55
Stage2,Scenario45,bus_gen,54:55,0.55
Stage2,Scenario45,bus_gen,55:122,1.0090000000000001
Stage2,Scenario45,bus_gen,56:153,1.483
Stage2,Scenario45,bus_gen,57:103,0.5170000000000001
Stage2,Scenario45,bus_gen,57:106,0.516
Stage2,Scenario45,bus_gen,59:105,0.0
Stage2,Scenario45,bus_gen,6:8,3.136
Stage2,Scenario45,bus_gen,60:102,0.0
Stage2,Scenario45,bus_gen,60:123,0.0
Stage2,Scenario45,bus_gen,60:124,0.0
Stage2,Scenario45,bus_gen,60:125,0.654
Stage2,Scenario45,bus_gen,60:126,0.0
Stage2,Scenario45,bus_gen,60:127,0.0
Stage2,Scenario45,bus_gen,60:128,0.08900000000000141
Stage2,Scenario45,bus_gen,60:129,0.0
Stage2,Scenario45,bus_gen,60:130,0.0
Stage2,Scenario45,bus_gen,60:131,0.0
Stage2,Scenario45,bus_gen,60:132,0.0
Stage2,Scenario45,bus_gen,60:133,0.0
Stage2,Scenario45,bus_gen,60:134,0.0
Stage2,Scenario45,bus_gen,60:138,0.0
Stage2,Scenario45,bus_gen,60:157,0.0
Stage2,Scenario45,bus_gen,60:56,1.9069999999999985
Stage2,Scenario45,bus_gen,60:99,0.0
Stage2,Scenario45,bus_gen,61:100,0.927
Stage2,Scenario45,bus_gen,61:101,0.0
Stage2,Scenario45,bus_gen,61:91,0.0
Stage2,Scenario45,bus_gen,61:97,0.516
Stage2,Scenario45,bus_gen,61:98,0.4969999999999999
Stage2,Scenario45,bus_gen,62:57,0.12000000000000001
Stage2,Scenario45,bus_gen,62:58,0.12000000000000001
Stage2,Scenario45,bus_gen,62:59,0.12000000000000001
Stage2,Scenario45,bus_gen,62:60,0.12000000000000001
Stage2,Scenario45,bus_gen,62:61,0.12000000000000001
Stage2,Scenario45,bus_gen,62:62,0.55
Stage2,Scenario45,bus_gen,62:63,0.55
Stage2,Scenario45,bus_gen,62:64,0.55
Stage2,Scenario45,bus_gen,63:65,1.55
Stage2,Scenario45,bus_gen,64:154,0.0
Stage2,Scenario45,bus_gen,65:66,3.33
Stage2,Scenario45,bus_gen,66:110,1.81
Stage2,Scenario45,bus_gen,67:135,0.0
Stage2,Scenario45,bus_gen,67:136,0.27
Stage2,Scenario45,bus_gen,67:137,0.0
Stage2,Scenario45,bus_gen,67:139,0.21200000000000002
Stage2,Scenario45,bus_gen,67:140,0.282
Stage2,Scenario45,bus_gen,67:147,0.0
Stage2,Scenario45,bus_gen,67:96,0.516
Stage2,Scenario45,bus_gen,68:67,1.6999999999999984
Stage2,Scenario45,bus_gen,69:68,0.21999999999999886
Stage2,Scenario45,bus_gen,69:69,0.21999999999999886
Stage2,Scenario45,bus_gen,69:92,0.0
Stage2,Scenario45,bus_gen,69:93,0.0
Stage2,Scenario45,bus_gen,69:94,0.0
Stage2,Scenario45,bus_gen,69:95,0.0
Stage2,Scenario45,bus_gen,70:70,1.6999999999999984
Stage2,Scenario45,bus_gen,70:71,1.6999999999999984
Stage2,Scenario45,bus_gen,71:104,0.0
Stage2,Scenario45,bus_gen,71:107,0.0
Stage2,Scenario45,bus_gen,71:108,0.0
Stage2,Scenario45,cvar,None,84.5
Stage2,Scenario45,gen_curtailment,0:0,0.07999999999999834
Stage2,Scenario45,gen_curtailment,0:1,0.07999999999999834
Stage2,Scenario45,gen_curtailment,0:113,0.0
Stage2,Scenario45,gen_curtailment,0:117,0.0
Stage2,Scenario45,gen_curtailment,0:118,0.0
Stage2,Scenario45,gen_curtailment,0:119,0.0
Stage2,Scenario45,gen_curtailment,0:2,0.020000000000000018
Stage2,Scenario45,gen_curtailment,0:3,0.020000000000000018
Stage2,Scenario45,gen_curtailment,1:112,0.0
Stage2,Scenario45,gen_curtailment,1:114,0.0
Stage2,Scenario45,gen_curtailment,1:4,0.0799999999999983
Stage2,Scenario45,gen_curtailment,1:5,0.0799999999999983
Stage2,Scenario45,gen_curtailment,1:6,0.07500000000000007
Stage2,Scenario45,gen_curtailment,1:7,0.07500000000000007
Stage2,Scenario45,gen_curtailment,12:10,0.0
Stage2,Scenario45,gen_curtailment,12:109,0.0
Stage2,Scenario45,gen_curtailment,12:11,0.0
Stage2,Scenario45,gen_curtailment,12:12,0.0
Stage2,Scenario45,gen_curtailment,12:9,0.0
Stage2,Scenario45,gen_curtailment,13:72,0.0
Stage2,Scenario45,gen_curtailment,14:13,0.0
Stage2,Scenario45,gen_curtailment,14:14,0.0
Stage2,Scenario45,gen_curtailment,14:15,0.0
Stage2,Scenario45,gen_curtailment,15:16,0.2500000000000002
Stage2,Scenario45,gen_curtailment,17:141,0.0
Stage2,Scenario45,gen_curtailment,17:142,0.0
Stage2,Scenario45,gen_curtailment,17:143,0.0
Stage2,Scenario45,gen_curtailment,17:144,0.0
Stage2,Scenario45,gen_curtailment,17:145,0.0
Stage2,Scenario45,gen_curtailment,17:146,0.0
Stage2,Scenario45,gen_curtailment,17:148,0.0
Stage2,Scenario45,gen_curtailment,17:149,0.0
Stage2,Scenario45,gen_curtailment,17:150,0.0
Stage2,Scenario45,gen_curtailment,17:151,0.0
Stage2,Scenario45,gen_curtailment,17:17,0.0
Stage2,Scenario45,gen_curtailment,18:121,0.0
Stage2,Scenario45,gen_curtailment,2:120,0.0
Stage2,Scenario45,gen_curtailment,20:73,3.9599999999999995
Stage2,Scenario45,gen_curtailment,21:156,0.0
Stage2,Scenario45,gen_curtailment,21:74,0.0
Stage2,Scenario45,gen_curtailment,21:75,0.0
Stage2,Scenario45,gen_curtailment,21:76,0.0
Stage2,Scenario45,gen_curtailment,21:77,0.0
Stage2,Scenario45,gen_curtailment,21:78,0.0
Stage2,Scenario45,gen_curtailment,21:79,0.0
Stage2,Scenario45,gen_curtailment,22:18,0.6199999999999983
Stage2,Scenario45,gen_curtailment,22:19,0.11999999999999855
Stage2,Scenario45,gen_curtailment,22:20,0.21999999999999886
Stage2,Scenario45,gen_curtailment,22:21,0.21999999999999886
Stage2,Scenario45,gen_curtailment,22:22,0.21999999999999886
Stage2,Scenario45,gen_curtailment,24:23,0.0
Stage2,Scenario45,gen_curtailment,24:24,0.0
Stage2,Scenario45,gen_curtailment,24:25,0.0
Stage2,Scenario45,gen_curtailment,24:80,0.0
Stage2,Scenario45,gen_curtailment,25:26,0.0799999999999983
Stage2,Scenario45,gen_curtailment,25:27,0.0799999999999983
Stage2,Scenario45,gen_curtailment,25:28,0.07500000000000004
Stage2,Scenario45,gen_curtailment,25:29,0.07500000000000004
Stage2,Scenario45,gen_curtailment,3:115,0.0
Stage2,Scenario45,gen_curtailment,30:30,0.0
Stage2,Scenario45,gen_curtailment,30:31,0.0
Stage2,Scenario45,gen_curtailment,35:116,0.0
Stage2,Scenario45,gen_curtailment,36:152,0.0
Stage2,Scenario45,gen_curtailment,36:32,0.48600000000000015
Stage2,Scenario45,gen_curtailment,36:33,0.21999999999999886
Stage2,Scenario45,gen_curtailment,36:34,0.21999999999999886
Stage2,Scenario45,gen_curtailment,37:81,0.0
Stage2,Scenario45,gen_curtailment,38:111,0.0
Stage2,Scenario45,gen_curtailment,38:35,0.0
Stage2,Scenario45,gen_curtailment,38:36,0.0
Stage2,Scenario45,gen_curtailment,38:82,0.0
Stage2,Scenario45,gen_curtailment,38:83,0.0
Stage2,Scenario45,gen_curtailment,38:84,0.0
Stage2,Scenario45,gen_curtailment,39:37,0.2500000000000002
Stage2,Scenario45,gen_curtailment,41:38,0.0
Stage2,Scenario45,gen_curtailment,44:39,1.6999999999999984
Stage2,Scenario45,gen_curtailment,45:85,0.0
Stage2,Scenario45,gen_curtailment,45:86,0.0
Stage2,Scenario45,gen_curtailment,45:87,0.0
Stage2,Scenario45,gen_curtailment,45:88,0.0
Stage2,Scenario45,gen_curtailment,45:89,0.0
Stage2,Scenario45,gen_curtailment,45:90,0.0
Stage2,Scenario45,gen_curtailment,46:40,0.6199999999999983
Stage2,Scenario45,gen_curtailment,46:41,0.6199999999999983
Stage2,Scenario45,gen_curtailment,46:42,1.3999999999999986
Stage2,Scenario45,gen_curtailment,46:43,0.21999999999999886
Stage2,Scenario45,gen_curtailment,46:44,0.21999999999999886
Stage2,Scenario45,gen_curtailment,46:45,0.21999999999999886
Stage2,Scenario45,gen_curtailment,48:46,0.0
Stage2,Scenario45,gen_curtailment,48:47,0.0
Stage2,Scenario45,gen_curtailment,48:48,0.0
Stage2,Scenario45,gen_curtailment,48:49,0.0
Stage2,Scenario45,gen_curtailment,49:50,0.0
Stage2,Scenario45,gen_curtailment,49:51,0.0
Stage2,Scenario45,gen_curtailment,49:52,0.0
Stage2,Scenario45,gen_curtailment,49:53,0.0
Stage2,Scenario45,gen_curtailment,50:155,0.0
Stage2,Scenario45,gen_curtailment,54:54,0.0
Stage2,Scenario45,gen_curtailment,54:55,0.0
Stage2,Scenario45,gen_curtailment,55:122,0.0
Stage2,Scenario45,gen_curtailment,56:153,0.0
Stage2,Scenario45,gen_curtailment,57:103,0.0
Stage2,Scenario45,gen_curtailment,57:106,0.0
Stage2,Scenario45,gen_curtailment,59:105,0.0
Stage2,Scenario45,gen_curtailment,6:8,0.17599999999999572
Stage2,Scenario45,gen_curtailment,60:102,0.0
Stage2,Scenario45,gen_curtailment,60:123,0.0
Stage2,Scenario45,gen_curtailment,60:124,0.0
Stage2,Scenario45,gen_curtailment,60:125,0.0
Stage2,Scenario45,gen_curtailment,60:126,0.0
Stage2,Scenario45,gen_curtailment,60:127,0.0
Stage2,Scenario45,gen_curtailment,60:128,0.0
Stage2,Scenario45,gen_curtailment,60:129,0.0
Stage2,Scenario45,gen_curtailment,60:130,0.0
Stage2,Scenario45,gen_curtailment,60:131,0.0
Stage2,Scenario45,gen_curtailment,60:132,0.0
Stage2,Scenario45,gen_curtailment,60:133,0.0
Stage2,Scenario45,gen_curtailment,60:134,0.0
Stage2,Scenario45,gen_curtailment,60:138,0.0
Stage2,Scenario45,gen_curtailment,60:157,0.0
Stage2,Scenario45,gen_curtailment,60:56,0.0
Stage2,Scenario45,gen_curtailment,60:99,0.0
Stage2,Scenario45,gen_curtailment,61:100,0.0
Stage2,Scenario45,gen_curtailment,61:101,0.0
Stage2,Scenario45,gen_curtailment,61:91,0.0
Stage2,Scenario45,gen_curtailment,61:97,0.0
Stage2,Scenario45,gen_curtailment,61:98,0.0
Stage2,Scenario45,gen_curtailment,62:57,0.0
Stage2,Scenario45,gen_curtailment,62:58,0.0
Stage2,Scenario45,gen_curtailment,62:59,0.0
Stage2,Scenario45,gen_curtailment,62:60,0.0
Stage2,Scenario45,gen_curtailment,62:61,0.0
Stage2,Scenario45,gen_curtailment,62:62,0.0
Stage2,Scenario45,gen_curtailment,62:63,0.0
Stage2,Scenario45,gen_curtailment,62:64,0.0
Stage2,Scenario45,gen_curtailment,63:65,0.0
Stage2,Scenario45,gen_curtailment,64:154,0.0
Stage2,Scenario45,gen_curtailment,65:66,0.0
Stage2,Scenario45,gen_curtailment,66:110,0.0
Stage2,Scenario45,gen_curtailment,67:135,0.0
Stage2,Scenario45,gen_curtailment,67:136,0.0
Stage2,Scenario45,gen_curtailment,67:137,0.0
Stage2,Scenario45,gen_curtailment,67:139,0.0
Stage2,Scenario45,gen_curtailment,67:140,0.0
Stage2,Scenario45,gen_curtailment,67:147,0.0
Stage2,Scenario45,gen_curtailment,67:96,0.0
Stage2,Scenario45,gen_curtailment,68:67,1.6999999999999984
Stage2,Scenario45,gen_curtailment,69:68,0.21999999999999886
Stage2,Scenario45,gen_curtailment,69:69,0.21999999999999886
Stage2,Scenario45,gen_curtailment,69:92,0.0
Stage2,Scenario45,gen_curtailment,69:93,0.0
Stage2,Scenario45,gen_curtailment,69:94,0.0
Stage2,Scenario45,gen_curtailment,69:95,0.0
Stage2,Scenario45,gen_curtailment,70:70,1.6999999999999984
Stage2,Scenario45,gen_curtailment,70:71,1.6999999999999984
Stage2,Scenario45,gen_curtailment,71:104,0.0
Stage2,Scenario45,gen_curtailment,71:107,0.0
Stage2,Scenario45,gen_curtailment,71:108,0.0
Stage2,Scenario45,load_shed,0,0.0
Stage2,Scenario45,load_shed,1,0.0
Stage2,Scenario45,load_shed,10,0.0
Stage2,Scenario45,load_shed,11,0.0
Stage2,Scenario45,load_shed,12,0.0
Stage2,Scenario45,load_shed,13,1.94
Stage2,Scenario45,load_shed,14,1.3799999999999997
Stage2,Scenario45,load_shed,15,0.0
Stage2,Scenario45,load_shed,16,0.0
Stage2,Scenario45,load_shed,17,0.0
Stage2,Scenario45,load_shed,18,1.1440000000000001
Stage2,Scenario45,load_shed,19,0.0
Stage2,Scenario45,load_shed,2,1.1849999999999994
Stage2,Scenario45,load_shed,20,0.0
Stage2,Scenario45,load_shed,21,0.0
Stage2,Scenario45,load_shed,22,0.0
Stage2,Scenario45,load_shed,23,0.0
Stage2,Scenario45,load_shed,24,0.0
Stage2,Scenario45,load_shed,25,0.0
Stage2,Scenario45,load_shed,26,1.8000000000000003
Stage2,Scenario45,load_shed,27,0.74
Stage2,Scenario45,load_shed,28,0.71
Stage2,Scenario45,load_shed,29,1.36
Stage2,Scenario45,load_shed,3,0.472
Stage2,Scenario45,load_shed,30,0.1499999999999999
Stage2,Scenario45,load_shed,31,1.71
Stage2,Scenario45,load_shed,32,0.0
Stage2,Scenario45,load_shed,33,1.7
Stage2,Scenario45,load_shed,34,0.0
Stage2,Scenario45,load_shed,35,0.0
Stage2,Scenario45,load_shed,36,0.0
Stage2,Scenario45,load_shed,37,1.94
Stage2,Scenario45,load_shed,38,0.0
Stage2,Scenario45,load_shed,39,0.0
Stage2,Scenario45,load_shed,4,0.71
Stage2,Scenario45,load_shed,40,0.0
Stage2,Scenario45,load_shed,41,0.0
Stage2,Scenario45,load_shed,42,1.8099999999999998
Stage2,Scenario45,load_shed,43,1.2799999999999996
Stage2,Scenario45,load_shed,44,0.0
Stage2,Scenario45,load_shed,45,0.0
Stage2,Scenario45,load_shed,46,0.0
Stage2,Scenario45,load_shed,47,0.0
Stage2,Scenario45,load_shed,48,0.0
Stage2,Scenario45,load_shed,49,0.0
Stage2,Scenario45,load_shed,5,1.36
Stage2,Scenario45,load_shed,50,0.0
Stage2,Scenario45,load_shed,51,0.74
Stage2,Scenario45,load_shed,52,0.71
Stage2,Scenario45,load_shed,53,1.36
Stage2,Scenario45,load_shed,54,0.1499999999999999
Stage2,Scenario45,load_shed,55,0.7009999999999998
Stage2,Scenario45,load_shed,56,0.2669999999999999
Stage2,Scenario45,load_shed,57,0.9169999999999998
Stage2,Scenario45,load_shed,58,0.0
Stage2,Scenario45,load_shed,59,0.0
Stage2,Scenario45,load_shed,6,0.0
Stage2,Scenario45,load_shed,60,0.0
Stage2,Scenario45,load_shed,61,0.0
Stage2,Scenario45,load_shed,62,0.0
Stage2,Scenario45,load_shed,63,0.36999999999999966
Stage2,Scenario45,load_shed,64,0.0
Stage2,Scenario45,load_shed,65,0.0
Stage2,Scenario45,load_shed,66,0.0
Stage2,Scenario45,load_shed,67,0.0
Stage2,Scenario45,load_shed,68,0.0
Stage2,Scenario45,load_shed,69,0.0
Stage2,Scenario45,load_shed,7,0.0
Stage2,Scenario45,load_shed,70,0.0
Stage2,Scenario45,load_shed,71,0.0
Stage2,Scenario45,load_shed,72,0.0
Stage2,Scenario45,load_shed,8,1.75
Stage2,Scenario45,load_shed,9,1.9499999999999997
Stage2,Scenario45,load_shed_value,None,30.305999999999994
Stage2,Scenario45,nu,None,2.8523157894736872
Stage2,Scenario45,theta,0,-6.283185307179585
Stage2,Scenario45,theta,1,-6.283185307179586
Stage2,Scenario45,theta,10,6.283185307179586
Stage2,Scenario45,theta,11,6.283185307179586
Stage2,Scenario45,theta,12,0.0
Stage2,Scenario45,theta,13,-6.283185307179586
Stage2,Scenario45,theta,14,-6.283185307179586
Stage2,Scenario45,theta,15,-6.283185307179586
Stage2,Scenario45,theta,16,-6.283185307179586
Stage2,Scenario45,theta,17,-6.283185307179586
Stage2,Scenario45,theta,18,-6.283185307179586
Stage2,Scenario45,theta,19,-6.283185307179586
Stage2,Scenario45,theta,2,6.283185307179586
Stage2,Scenario45,theta,20,6.283185307179586
Stage2,Scenario45,theta,21,6.283185307179586
Stage2,Scenario45,theta,22,-6.2550253071795865
Stage2,Scenario45,theta,23,6.283185307179586
Stage2,Scenario45,theta,24,-6.283185307179586
Stage2,Scenario45,theta,25,-6.283185307179586
Stage2,Scenario45,theta,26,6.283185307179586
Stage2,Scenario45,theta,27,-6.283185307179586
Stage2,Scenario45,theta,28,-6.283185307179586
Stage2,Scenario45,theta,29,-6.283185307179586
Stage2,Scenario45,theta,3,6.283185307179586
Stage2,Scenario45,theta,30,-6.283185307179586
Stage2,Scenario45,theta,31,-6.283185307179586
Stage2,Scenario45,theta,32,-6.283185307179586
Stage2,Scenario45,theta,33,-6.153090307178261
Stage2,Scenario45,theta,34,6.283185307179586
Stage2,Scenario45,theta,35,-6.131775307179586
Stage2,Scenario45,theta,36,-6.283185307179586
Stage2,Scenario45,theta,37,-6.283185307179586
Stage2,Scenario45,theta,38,-6.283185307179586
Stage2,Scenario45,theta,39,-6.283185307179586
Stage2,Scenario45,theta,4,-6.283185307179586
Stage2,Scenario45,theta,40,-6.283185307179586
Stage2,Scenario45,theta,41,-6.283185307179586
Stage2,Scenario45,theta,42,-6.283185307179586
Stage2,Scenario45,theta,43,-6.283185307179586
Stage2,Scenario45,theta,44,6.283185307179586
Stage2,Scenario45,theta,45,6.283185307179586
Stage2,Scenario45,theta,46,-6.283185307179586
Stage2,Scenario45,theta,47,6.283185307179586
Stage2,Scenario45,theta,48,-6.283185307179586
Stage2,Scenario45,theta,49,-6.283185307179586
Stage2,Scenario45,theta,5,-6.283185307179586
Stage2,Scenario45,theta,50,-6.283185307179586
Stage2,Scenario45,theta,51,-6.283185307179586
Stage2,Scenario45,theta,52,-6.283185307179586
Stage2,Scenario45,theta,53,-6.283185307179586
Stage2,Scenario45,theta,54,-6.283185307179586
Stage2,Scenario45,theta,55,-6.283185307179586
Stage2,Scenario45,theta,56,-6.283185307179586
Stage2,Scenario45,theta,57,-6.283185307179586
Stage2,Scenario45,theta,58,6.283185307179586
Stage2,Scenario45,theta,59,-6.283185307179586
Stage2,Scenario45,theta,6,-6.178875307178513
Stage2,Scenario45,theta,60,6.283185307179586
Stage2,Scenario45,theta,61,6.283185307179586
Stage2,Scenario45,theta,62,-6.283185307179586
Stage2,Scenario45,theta,63,-6.267545307179586
Stage2,Scenario45,theta,64,-6.283185307179586
Stage2,Scenario45,theta,65,-6.283185307179586
Stage2,Scenario45,theta,66,6.283185307179586
Stage2,Scenario45,theta,67,-6.063185307180742
Stage2,Scenario45,theta,68,6.283185307179586
Stage2,Scenario45,theta,69,6.283185307179586
Stage2,Scenario45,theta,7,-6.283185307179586
Stage2,Scenario45,theta,70,-6.283185307179586
Stage2,Scenario45,theta,71,6.283185307179586
Stage2,Scenario45,theta,72,0.0
Stage2,Scenario45,theta,8,6.283185307179586
Stage2,Scenario45,theta,9,-6.283185307179586
Stage2,Scenario45,xij,0,0.0
Stage2,Scenario45,xij,1,0.0
Stage2,Scenario45,xij,10,1.0
Stage2,Scenario45,xij,100,0.0
Stage2,Scenario45,xij,101,0.0
Stage2,Scenario45,xij,102,1.0
Stage2,Scenario45,xij,103,0.0
Stage2,Scenario45,xij,104,0.0
Stage2,Scenario45,xij,105,0.0
Stage2,Scenario45,xij,106,0.0
Stage2,Scenario45,xij,107,0.0
Stage2,Scenario45,xij,108,0.0
Stage2,Scenario45,xij,109,0.0
Stage2,Scenario45,xij,11,0.0
Stage2,Scenario45,xij,110,0.0
Stage2,Scenario45,xij,111,0.0
Stage2,Scenario45,xij,112,0.0
Stage2,Scenario45,xij,113,0.0
Stage2,Scenario45,xij,114,0.0
Stage2,Scenario45,xij,115,0.0
Stage2,Scenario45,xij,116,0.0
Stage2,Scenario45,xij,117,0.0
Stage2,Scenario45,xij,118,0.0
Stage2,Scenario45,xij,119,0.0
Stage2,Scenario45,xij,12,0.0
Stage2,Scenario45,xij,13,0.0
Stage2,Scenario45,xij,14,0.0
Stage2,Scenario45,xij,15,0.0
Stage2,Scenario45,xij,16,0.0
Stage2,Scenario45,xij,17,0.0
Stage2,Scenario45,xij,18,0.0
Stage2,Scenario45,xij,19,0.0
Stage2,Scenario45,xij,2,0.0
Stage2,Scenario45,xij,20,0.0
Stage2,Scenario45,xij,21,0.0
Stage2,Scenario45,xij,22,0.0
Stage2,Scenario45,xij,23,0.0
Stage2,Scenario45,xij,24,0.0
Stage2,Scenario45,xij,25,0.0
Stage2,Scenario45,xij,26,0.0
Stage2,Scenario45,xij,27,0.0
Stage2,Scenario45,xij,28,0.0
Stage2,Scenario45,xij,29,0.0
Stage2,Scenario45,xij,3,0.0
Stage2,Scenario45,xij,30,0.0
Stage2,Scenario45,xij,31,1.0
Stage2,Scenario45,xij,32,0.0
Stage2,Scenario45,xij,33,0.0
Stage2,Scenario45,xij,34,0.0
Stage2,Scenario45,xij,35,0.0
Stage2,Scenario45,xij,36,0.0
Stage2,Scenario45,xij,37,0.0
Stage2,Scenario45,xij,38,1.0
Stage2,Scenario45,xij,39,0.0
Stage2,Scenario45,xij,4,0.0
Stage2,Scenario45,xij,40,0.0
Stage2,Scenario45,xij,41,0.0
Stage2,Scenario45,xij,42,0.0
Stage2,Scenario45,xij,43,0.0
Stage2,Scenario45,xij,44,0.0
Stage2,Scenario45,xij,45,0.0
Stage2,Scenario45,xij,46,0.0
Stage2,Scenario45,xij,47,0.0
Stage2,Scenario45,xij,48,0.0
Stage2,Scenario45,xij,49,0.0
Stage2,Scenario45,xij,5,0.0
Stage2,Scenario45,xij,50,0.0
Stage2,Scenario45,xij,51,0.0
Stage2,Scenario45,xij,52,0.0
Stage2,Scenario45,xij,53,0.0
Stage2,Scenario45,xij,54,0.0
Stage2,Scenario45,xij,55,1.0
Stage2,Scenario45,xij,56,0.0
Stage2,Scenario45,xij,57,1.0
Stage2,Scenario45,xij,58,0.0
Stage2,Scenario45,xij,59,0.0
Stage2,Scenario45,xij,6,0.0
Stage2,Scenario45,xij,60,0.0
Stage2,Scenario45,xij,61,0.0
Stage2,Scenario45,xij,62,0.0
Stage2,Scenario45,xij,63,0.0
Stage2,Scenario45,xij,64,0.0
Stage2,Scenario45,xij,65,0.0
Stage2,Scenario45,xij,66,0.0
Stage2,Scenario45,xij,67,0.0
Stage2,Scenario45,xij,68,0.0
Stage2,Scenario45,xij,69,0.0
Stage2,Scenario45,xij,7,0.0
Stage2,Scenario45,xij,70,0.0
Stage2,Scenario45,xij,71,0.0
Stage2,Scenario45,xij,72,0.0
Stage2,Scenario45,xij,73,0.0
Stage2,Scenario45,xij,74,0.0
Stage2,Scenario45,xij,75,0.0
Stage2,Scenario45,xij,76,0.0
Stage2,Scenario45,xij,77,0.0
Stage2,Scenario45,xij,78,0.0
Stage2,Scenario45,xij,79,0.0
Stage2,Scenario45,xij,8,0.0
Stage2,Scenario45,xij,80,0.0
Stage2,Scenario45,xij,81,0.0
Stage2,Scenario45,xij,82,0.0
Stage2,Scenario45,xij,83,0.0
Stage2,Scenario45,xij,84,0.0
Stage2,Scenario45,xij,85,0.0
Stage2,Scenario45,xij,86,0.0
Stage2,Scenario45,xij,87,0.0
Stage2,Scenario45,xij,88,0.0
Stage2,Scenario45,xij,89,0.0
Stage2,Scenario45,xij,9,0.0
Stage2,Scenario45,xij,90,0.0
Stage2,Scenario45,xij,91,0.0
Stage2,Scenario45,xij,92,0.0
Stage2,Scenario45,xij,93,0.0
Stage2,Scenario45,xij,94,0.0
Stage2,Scenario45,xij,95,0.0
Stage2,Scenario45,xij,96,0.0
Stage2,Scenario45,xij,97,0.0
Stage2,Scenario45,xij,98,0.0
Stage2,Scenario45,xij,99,0.0
Stage2,Scenario46,Pij,0,0.0
Stage2,Scenario46,Pij,1,0.0
Stage2,Scenario46,Pij,10,1.7100000000000106
Stage2,Scenario46,Pij,100,0.0
Stage2,Scenario46,Pij,101,0.0
Stage2,Scenario46,Pij,102,0.0
Stage2,Scenario46,Pij,103,0.0
Stage2,Scenario46,Pij,104,0.0
Stage2,Scenario46,Pij,105,0.0
Stage2,Scenario46,Pij,106,0.0
Stage2,Scenario46,Pij,107,0.0
Stage2,Scenario46,Pij,108,0.0
Stage2,Scenario46,Pij,109,0.0
Stage2,Scenario46,Pij,11,0.0
Stage2,Scenario46,Pij,110,0.0
Stage2,Scenario46,Pij,111,0.0
Stage2,Scenario46,Pij,112,0.0
Stage2,Scenario46,Pij,113,0.0
Stage2,Scenario46,Pij,114,0.0
Stage2,Scenario46,Pij,115,0.0
Stage2,Scenario46,Pij,116,0.0
Stage2,Scenario46,Pij,117,0.0
Stage2,Scenario46,Pij,118,0.0
Stage2,Scenario46,Pij,119,0.0
Stage2,Scenario46,Pij,12,0.0
Stage2,Scenario46,Pij,13,0.0
Stage2,Scenario46,Pij,14,0.0
Stage2,Scenario46,Pij,15,0.0
Stage2,Scenario46,Pij,16,0.0
Stage2,Scenario46,Pij,17,0.0
Stage2,Scenario46,Pij,18,0.0
Stage2,Scenario46,Pij,19,0.0
Stage2,Scenario46,Pij,2,0.0
Stage2,Scenario46,Pij,20,0.0
Stage2,Scenario46,Pij,21,0.0
Stage2,Scenario46,Pij,22,0.0
Stage2,Scenario46,Pij,23,0.0
Stage2,Scenario46,Pij,24,0.0
Stage2,Scenario46,Pij,25,0.0
Stage2,Scenario46,Pij,26,-1.8200000000000018
Stage2,Scenario46,Pij,27,0.0
Stage2,Scenario46,Pij,28,0.0
Stage2,Scenario46,Pij,29,0.0
Stage2,Scenario46,Pij,3,0.0
Stage2,Scenario46,Pij,30,0.0
Stage2,Scenario46,Pij,31,0.0
Stage2,Scenario46,Pij,32,0.0
Stage2,Scenario46,Pij,33,0.0
Stage2,Scenario46,Pij,34,0.0
Stage2,Scenario46,Pij,35,0.0
Stage2,Scenario46,Pij,36,0.0
Stage2,Scenario46,Pij,37,0.0
Stage2,Scenario46,Pij,38,-1.28
Stage2,Scenario46,Pij,39,0.0
Stage2,Scenario46,Pij,4,0.0
Stage2,Scenario46,Pij,40,0.0
Stage2,Scenario46,Pij,41,0.0
Stage2,Scenario46,Pij,42,0.0
Stage2,Scenario46,Pij,43,0.0
Stage2,Scenario46,Pij,44,0.0
Stage2,Scenario46,Pij,45,0.0
Stage2,Scenario46,Pij,46,0.0
Stage2,Scenario46,Pij,47,0.0
Stage2,Scenario46,Pij,48,0.0
Stage2,Scenario46,Pij,49,0.0
Stage2,Scenario46,Pij,5,0.0
Stage2,Scenario46,Pij,50,0.0
Stage2,Scenario46,Pij,51,0.0
Stage2,Scenario46,Pij,52,0.0
Stage2,Scenario46,Pij,53,0.0
Stage2,Scenario46,Pij,54,0.0
Stage2,Scenario46,Pij,55,0.0
Stage2,Scenario46,Pij,56,0.0
Stage2,Scenario46,Pij,57,-1.95
Stage2,Scenario46,Pij,58,0.0
Stage2,Scenario46,Pij,59,0.0
Stage2,Scenario46,Pij,6,0.0
Stage2,Scenario46,Pij,60,0.0
Stage2,Scenario46,Pij,61,0.0
Stage2,Scenario46,Pij,62,0.0
Stage2,Scenario46,Pij,63,-0.55
Stage2,Scenario46,Pij,64,0.0
Stage2,Scenario46,Pij,65,0.0
Stage2,Scenario46,Pij,66,0.0
Stage2,Scenario46,Pij,67,0.0
Stage2,Scenario46,Pij,68,0.0
Stage2,Scenario46,Pij,69,0.0
Stage2,Scenario46,Pij,7,0.0
Stage2,Scenario46,Pij,70,0.0
Stage2,Scenario46,Pij,71,0.0
Stage2,Scenario46,Pij,72,0.0
Stage2,Scenario46,Pij,73,0.0
Stage2,Scenario46,Pij,74,0.0
Stage2,Scenario46,Pij,75,0.0
Stage2,Scenario46,Pij,76,0.0
Stage2,Scenario46,Pij,77,0.0
Stage2,Scenario46,Pij,78,0.0
Stage2,Scenario46,Pij,79,0.0
Stage2,Scenario46,Pij,8,0.0
Stage2,Scenario46,Pij,80,0.0
Stage2,Scenario46,Pij,81,0.0
Stage2,Scenario46,Pij,82,0.0
Stage2,Scenario46,Pij,83,0.5300000000000001
Stage2,Scenario46,Pij,84,0.0
Stage2,Scenario46,Pij,85,0.0
Stage2,Scenario46,Pij,86,0.0
Stage2,Scenario46,Pij,87,0.0
Stage2,Scenario46,Pij,88,0.0
Stage2,Scenario46,Pij,89,-0.15000000000000568
Stage2,Scenario46,Pij,9,0.0
Stage2,Scenario46,Pij,90,0.0
Stage2,Scenario46,Pij,91,0.0
Stage2,Scenario46,Pij,92,0.0
Stage2,Scenario46,Pij,93,0.0
Stage2,Scenario46,Pij,94,0.0
Stage2,Scenario46,Pij,95,0.0
Stage2,Scenario46,Pij,96,0.0
Stage2,Scenario46,Pij,97,0.0
Stage2,Scenario46,Pij,98,0.0
Stage2,Scenario46,Pij,99,0.0
Stage2,Scenario46,bus_gen,0:0,0.07999999999999834
Stage2,Scenario46,bus_gen,0:1,0.07999999999999834
Stage2,Scenario46,bus_gen,0:113,0.0
Stage2,Scenario46,bus_gen,0:117,0.0
Stage2,Scenario46,bus_gen,0:118,0.0
Stage2,Scenario46,bus_gen,0:119,0.0
Stage2,Scenario46,bus_gen,0:2,0.56
Stage2,Scenario46,bus_gen,0:3,0.56
Stage2,Scenario46,bus_gen,1:112,0.0
Stage2,Scenario46,bus_gen,1:114,0.0
Stage2,Scenario46,bus_gen,1:4,0.0799999999999983
Stage2,Scenario46,bus_gen,1:5,0.0799999999999983
Stage2,Scenario46,bus_gen,1:6,0.56
Stage2,Scenario46,bus_gen,1:7,0.56
Stage2,Scenario46,bus_gen,12:10,0.4285
Stage2,Scenario46,bus_gen,12:109,0.9359999999999999
Stage2,Scenario46,bus_gen,12:11,0.4285
Stage2,Scenario46,bus_gen,12:12,0.4285
Stage2,Scenario46,bus_gen,12:9,0.4285
Stage2,Scenario46,bus_gen,13:72,0.0
Stage2,Scenario46,bus_gen,14:13,0.049999999999998934
Stage2,Scenario46,bus_gen,14:14,0.049999999999998934
Stage2,Scenario46,bus_gen,14:15,1.2500000000000002
Stage2,Scenario46,bus_gen,15:16,1.2500000000000002
Stage2,Scenario46,bus_gen,17:141,0.09300000000000001
Stage2,Scenario46,bus_gen,17:142,0.09699999999999999
Stage2,Scenario46,bus_gen,17:143,0.094
Stage2,Scenario46,bus_gen,17:144,0.091
Stage2,Scenario46,bus_gen,17:145,0.091
Stage2,Scenario46,bus_gen,17:146,0.09699999999999999
Stage2,Scenario46,bus_gen,17:148,0.11800000000000001
Stage2,Scenario46,bus_gen,17:149,0.11199999999999993
Stage2,Scenario46,bus_gen,17:150,0.10300000000000004
Stage2,Scenario46,bus_gen,17:151,0.045
Stage2,Scenario46,bus_gen,17:17,2.3890000000000002
Stage2,Scenario46,bus_gen,18:121,0.6659999999999997
Stage2,Scenario46,bus_gen,2:120,0.6150000000000007
Stage2,Scenario46,bus_gen,20:73,3.96
Stage2,Scenario46,bus_gen,21:156,0.0
Stage2,Scenario46,bus_gen,21:74,0.0
Stage2,Scenario46,bus_gen,21:75,0.0
Stage2,Scenario46,bus_gen,21:76,0.0
Stage2,Scenario46,bus_gen,21:77,0.0
Stage2,Scenario46,bus_gen,21:78,0.0
Stage2,Scenario46,bus_gen,21:79,0.0
Stage2,Scenario46,bus_gen,22:18,0.6199999999999983
Stage2,Scenario46,bus_gen,22:19,1.3999999999999986
Stage2,Scenario46,bus_gen,22:20,0.21999999999999886
Stage2,Scenario46,bus_gen,22:21,0.21999999999999886
Stage2,Scenario46,bus_gen,22:22,0.21999999999999886
Stage2,Scenario46,bus_gen,24:23,0.0799999999999983
Stage2,Scenario46,bus_gen,24:24,0.0799999999999983
Stage2,Scenario46,bus_gen,24:25,0.76
Stage2,Scenario46,bus_gen,24:80,0.16000000000000347
Stage2,Scenario46,bus_gen,25:26,0.0799999999999984
Stage2,Scenario46,bus_gen,25:27,0.0799999999999984
Stage2,Scenario46,bus_gen,25:28,0.56
Stage2,Scenario46,bus_gen,25:29,0.56
Stage2,Scenario46,bus_gen,3:115,0.268
Stage2,Scenario46,bus_gen,30:30,0.55
Stage2,Scenario46,bus_gen,30:31,0.55
Stage2,Scenario46,bus_gen,35:116,1.95
Stage2,Scenario46,bus_gen,36:152,0.0
Stage2,Scenario46,bus_gen,36:32,3.136
Stage2,Scenario46,bus_gen,36:33,0.21999999999999886
Stage2,Scenario46,bus_gen,36:34,0.21999999999999886
Stage2,Scenario46,bus_gen,37:81,0.0
Stage2,Scenario46,bus_gen,38:111,1.251
Stage2,Scenario46,bus_gen,38:35,0.21999999999999953
Stage2,Scenario46,bus_gen,38:36,0.21999999999999953
Stage2,Scenario46,bus_gen,38:82,0.4790000000000015
Stage2,Scenario46,bus_gen,38:83,0.5
Stage2,Scenario46,bus_gen,38:84,0.5
Stage2,Scenario46,bus_gen,39:37,1.55
Stage2,Scenario46,bus_gen,41:38,3.33
Stage2,Scenario46,bus_gen,44:39,1.6999999999999984
Stage2,Scenario46,bus_gen,45:85,0.0
Stage2,Scenario46,bus_gen,45:86,0.0
Stage2,Scenario46,bus_gen,45:87,0.0
Stage2,Scenario46,bus_gen,45:88,0.0
Stage2,Scenario46,bus_gen,45:89,0.0
Stage2,Scenario46,bus_gen,45:90,0.0
Stage2,Scenario46,bus_gen,46:40,0.6199999999999983
Stage2,Scenario46,bus_gen,46:41,0.6199999999999983
Stage2,Scenario46,bus_gen,46:42,1.3999999999999986
Stage2,Scenario46,bus_gen,46:43,0.21999999999999886
Stage2,Scenario46,bus_gen,46:44,0.21999999999999886
Stage2,Scenario46,bus_gen,46:45,0.21999999999999886
Stage2,Scenario46,bus_gen,48:46,0.0799999999999983
Stage2,Scenario46,bus_gen,48:47,0.0799999999999983
Stage2,Scenario46,bus_gen,48:48,0.46000000000000174
Stage2,Scenario46,bus_gen,48:49,0.46000000000000174
Stage2,Scenario46,bus_gen,49:50,0.2
Stage2,Scenario46,bus_gen,49:51,0.2
Stage2,Scenario46,bus_gen,49:52,0.55
Stage2,Scenario46,bus_gen,49:53,0.55
Stage2,Scenario46,bus_gen,50:155,1.7999999999999998
Stage2,Scenario46,bus_gen,54:54,0.55
Stage2,Scenario46,bus_gen,54:55,0.55
Stage2,Scenario46,bus_gen,55:122,1.0090000000000001
Stage2,Scenario46,bus_gen,56:153,1.483
Stage2,Scenario46,bus_gen,57:103,0.517
Stage2,Scenario46,bus_gen,57:106,0.5159999999999999
Stage2,Scenario46,bus_gen,59:105,0.0
Stage2,Scenario46,bus_gen,6:8,3.136
Stage2,Scenario46,bus_gen,60:102,0.0
Stage2,Scenario46,bus_gen,60:123,0.0
Stage2,Scenario46,bus_gen,60:124,0.0
Stage2,Scenario46,bus_gen,60:125,0.0
Stage2,Scenario46,bus_gen,60:126,0.0
Stage2,Scenario46,bus_gen,60:127,0.0
Stage2,Scenario46,bus_gen,60:128,0.0
Stage2,Scenario46,bus_gen,60:129,0.0
Stage2,Scenario46,bus_gen,60:130,0.0
Stage2,Scenario46,bus_gen,60:131,0.0
Stage2,Scenario46,bus_gen,60:132,0.0
Stage2,Scenario46,bus_gen,60:133,0.0
Stage2,Scenario46,bus_gen,60:134,0.0
Stage2,Scenario46,bus_gen,60:138,0.24300000000000144
Stage2,Scenario46,bus_gen,60:157,0.5
Stage2,Scenario46,bus_gen,60:56,1.9069999999999985
Stage2,Scenario46,bus_gen,60:99,0.0
Stage2,Scenario46,bus_gen,61:100,0.9079999999999998
Stage2,Scenario46,bus_gen,61:101,0.516
Stage2,Scenario46,bus_gen,61:91,0.0
Stage2,Scenario46,bus_gen,61:97,0.516
Stage2,Scenario46,bus_gen,61:98,0.0
Stage2,Scenario46,bus_gen,62:57,0.11999999999999997
Stage2,Scenario46,bus_gen,62:58,0.11999999999999997
Stage2,Scenario46,bus_gen,62:59,0.11999999999999997
Stage2,Scenario46,bus_gen,62:60,0.11999999999999997
Stage2,Scenario46,bus_gen,62:61,0.11999999999999997
Stage2,Scenario46,bus_gen,62:62,0.55
Stage2,Scenario46,bus_gen,62:63,0.55
Stage2,Scenario46,bus_gen,62:64,0.55
Stage2,Scenario46,bus_gen,63:65,1.2500000000000002
Stage2,Scenario46,bus_gen,64:154,0.0
Stage2,Scenario46,bus_gen,65:66,3.33
Stage2,Scenario46,bus_gen,66:110,1.8099999999999998
Stage2,Scenario46,bus_gen,67:135,0.0
Stage2,Scenario46,bus_gen,67:136,0.27
Stage2,Scenario46,bus_gen,67:137,0.0
Stage2,Scenario46,bus_gen,67:139,0.21200000000000002
Stage2,Scenario46,bus_gen,67:140,0.282
Stage2,Scenario46,bus_gen,67:147,0.0
Stage2,Scenario46,bus_gen,67:96,0.516
Stage2,Scenario46,bus_gen,68:67,1.6999999999999984
Stage2,Scenario46,bus_gen,69:68,0.21999999999999886
Stage2,Scenario46,bus_gen,69:69,0.21999999999999886
Stage2,Scenario46,bus_gen,69:92,0.0
Stage2,Scenario46,bus_gen,69:93,0.0
Stage2,Scenario46,bus_gen,69:94,0.0
Stage2,Scenario46,bus_gen,69:95,0.0
Stage2,Scenario46,bus_gen,70:70,1.6999999999999984
Stage2,Scenario46,bus_gen,70:71,1.6999999999999984
Stage2,Scenario46,bus_gen,71:104,0.0
Stage2,Scenario46,bus_gen,71:107,0.0
Stage2,Scenario46,bus_gen,71:108,0.0
Stage2,Scenario46,cvar,None,47.300000000000075
Stage2,Scenario46,gen_curtailment,0:0,0.07999999999999834
Stage2,Scenario46,gen_curtailment,0:1,0.07999999999999834
Stage2,Scenario46,gen_curtailment,0:113,0.0
Stage2,Scenario46,gen_curtailment,0:117,0.0
Stage2,Scenario46,gen_curtailment,0:118,0.0
Stage2,Scenario46,gen_curtailment,0:119,0.0
Stage2,Scenario46,gen_curtailment,0:2,0.020000000000000018
Stage2,Scenario46,gen_curtailment,0:3,0.020000000000000018
Stage2,Scenario46,gen_curtailment,1:112,0.0
Stage2,Scenario46,gen_curtailment,1:114,0.0
Stage2,Scenario46,gen_curtailment,1:4,0.0799999999999983
Stage2,Scenario46,gen_curtailment,1:5,0.0799999999999983
Stage2,Scenario46,gen_curtailment,1:6,0.07500000000000007
Stage2,Scenario46,gen_curtailment,1:7,0.07500000000000007
Stage2,Scenario46,gen_curtailment,12:10,0.0
Stage2,Scenario46,gen_curtailment,12:109,0.0
Stage2,Scenario46,gen_curtailment,12:11,0.0
Stage2,Scenario46,gen_curtailment,12:12,0.0
Stage2,Scenario46,gen_curtailment,12:9,0.0
Stage2,Scenario46,gen_curtailment,13:72,0.0
Stage2,Scenario46,gen_curtailment,14:13,0.0
Stage2,Scenario46,gen_curtailment,14:14,0.0
Stage2,Scenario46,gen_curtailment,14:15,0.0
Stage2,Scenario46,gen_curtailment,15:16,0.25000000000000017
Stage2,Scenario46,gen_curtailment,17:141,0.0
Stage2,Scenario46,gen_curtailment,17:142,0.0
Stage2,Scenario46,gen_curtailment,17:143,0.0
Stage2,Scenario46,gen_curtailment,17:144,0.0
Stage2,Scenario46,gen_curtailment,17:145,0.0
Stage2,Scenario46,gen_curtailment,17:146,0.0
Stage2,Scenario46,gen_curtailment,17:148,0.0
Stage2,Scenario46,gen_curtailment,17:149,0.0
Stage2,Scenario46,gen_curtailment,17:150,0.0
Stage2,Scenario46,gen_curtailment,17:151,0.0
Stage2,Scenario46,gen_curtailment,17:17,0.0
Stage2,Scenario46,gen_curtailment,18:121,0.0
Stage2,Scenario46,gen_curtailment,2:120,0.0
Stage2,Scenario46,gen_curtailment,20:73,2.139999999999998
Stage2,Scenario46,gen_curtailment,21:156,0.0
Stage2,Scenario46,gen_curtailment,21:74,0.0
Stage2,Scenario46,gen_curtailment,21:75,0.0
Stage2,Scenario46,gen_curtailment,21:76,0.0
Stage2,Scenario46,gen_curtailment,21:77,0.0
Stage2,Scenario46,gen_curtailment,21:78,0.0
Stage2,Scenario46,gen_curtailment,21:79,0.0
Stage2,Scenario46,gen_curtailment,22:18,0.6199999999999983
Stage2,Scenario46,gen_curtailment,22:19,0.11999999999999857
Stage2,Scenario46,gen_curtailment,22:20,0.21999999999999886
Stage2,Scenario46,gen_curtailment,22:21,0.21999999999999886
Stage2,Scenario46,gen_curtailment,22:22,0.21999999999999886
Stage2,Scenario46,gen_curtailment,24:23,0.0
Stage2,Scenario46,gen_curtailment,24:24,0.0
Stage2,Scenario46,gen_curtailment,24:25,0.0
Stage2,Scenario46,gen_curtailment,24:80,0.0
Stage2,Scenario46,gen_curtailment,25:26,0.0799999999999984
Stage2,Scenario46,gen_curtailment,25:27,0.0799999999999984
Stage2,Scenario46,gen_curtailment,25:28,0.07500000000000007
Stage2,Scenario46,gen_curtailment,25:29,0.07500000000000007
Stage2,Scenario46,gen_curtailment,3:115,0.0
Stage2,Scenario46,gen_curtailment,30:30,0.0
Stage2,Scenario46,gen_curtailment,30:31,0.0
Stage2,Scenario46,gen_curtailment,35:116,0.0
Stage2,Scenario46,gen_curtailment,36:152,0.0
Stage2,Scenario46,gen_curtailment,36:32,0.4860000000000002
Stage2,Scenario46,gen_curtailment,36:33,0.21999999999999886
Stage2,Scenario46,gen_curtailment,36:34,0.21999999999999886
Stage2,Scenario46,gen_curtailment,37:81,0.0
Stage2,Scenario46,gen_curtailment,38:111,0.0
Stage2,Scenario46,gen_curtailment,38:35,0.0
Stage2,Scenario46,gen_curtailment,38:36,0.0
Stage2,Scenario46,gen_curtailment,38:82,0.0
Stage2,Scenario46,gen_curtailment,38:83,0.0
Stage2,Scenario46,gen_curtailment,38:84,0.0
Stage2,Scenario46,gen_curtailment,39:37,0.0
Stage2,Scenario46,gen_curtailment,41:38,0.0
Stage2,Scenario46,gen_curtailment,44:39,1.6999999999999984
Stage2,Scenario46,gen_curtailment,45:85,0.0
Stage2,Scenario46,gen_curtailment,45:86,0.0
Stage2,Scenario46,gen_curtailment,45:87,0.0
Stage2,Scenario46,gen_curtailment,45:88,0.0
Stage2,Scenario46,gen_curtailment,45:89,0.0
Stage2,Scenario46,gen_curtailment,45:90,0.0
Stage2,Scenario46,gen_curtailment,46:40,0.6199999999999983
Stage2,Scenario46,gen_curtailment,46:41,0.6199999999999983
Stage2,Scenario46,gen_curtailment,46:42,1.3999999999999986
Stage2,Scenario46,gen_curtailment,46:43,0.21999999999999886
Stage2,Scenario46,gen_curtailment,46:44,0.21999999999999886
Stage2,Scenario46,gen_curtailment,46:45,0.21999999999999886
Stage2,Scenario46,gen_curtailment,48:46,0.0
Stage2,Scenario46,gen_curtailment,48:47,0.0
Stage2,Scenario46,gen_curtailment,48:48,0.0
Stage2,Scenario46,gen_curtailment,48:49,0.0
Stage2,Scenario46,gen_curtailment,49:50,0.0
Stage2,Scenario46,gen_curtailment,49:51,0.0
Stage2,Scenario46,gen_curtailment,49:52,0.0
Stage2,Scenario46,gen_curtailment,49:53,0.0
Stage2,Scenario46,gen_curtailment,50:155,0.0
Stage2,Scenario46,gen_curtailment,54:54,0.0
Stage2,Scenario46,gen_curtailment,54:55,0.0
Stage2,Scenario46,gen_curtailment,55:122,0.0
Stage2,Scenario46,gen_curtailment,56:153,0.0
Stage2,Scenario46,gen_curtailment,57:103,0.0
Stage2,Scenario46,gen_curtailment,57:106,0.0
Stage2,Scenario46,gen_curtailment,59:105,0.0
Stage2,Scenario46,gen_curtailment,6:8,0.1759999999999895
Stage2,Scenario46,gen_curtailment,60:102,0.0
Stage2,Scenario46,gen_curtailment,60:123,0.0
Stage2,Scenario46,gen_curtailment,60:124,0.0
Stage2,Scenario46,gen_curtailment,60:125,0.0
Stage2,Scenario46,gen_curtailment,60:126,0.0
Stage2,Scenario46,gen_curtailment,60:127,0.0
Stage2,Scenario46,gen_curtailment,60:128,0.0
Stage2,Scenario46,gen_curtailment,60:129,0.0
Stage2,Scenario46,gen_curtailment,60:130,0.0
Stage2,Scenario46,gen_curtailment,60:131,0.0
Stage2,Scenario46,gen_curtailment,60:132,0.0
Stage2,Scenario46,gen_curtailment,60:133,0.0
Stage2,Scenario46,gen_curtailment,60:134,0.0
Stage2,Scenario46,gen_curtailment,60:138,0.0
Stage2,Scenario46,gen_curtailment,60:157,0.0
Stage2,Scenario46,gen_curtailment,60:56,0.0
Stage2,Scenario46,gen_curtailment,60:99,0.0
Stage2,Scenario46,gen_curtailment,61:100,0.0
Stage2,Scenario46,gen_curtailment,61:101,0.0
Stage2,Scenario46,gen_curtailment,61:91,0.0
Stage2,Scenario46,gen_curtailment,61:97,0.0
Stage2,Scenario46,gen_curtailment,61:98,0.0
Stage2,Scenario46,gen_curtailment,62:57,0.0
Stage2,Scenario46,gen_curtailment,62:58,0.0
Stage2,Scenario46,gen_curtailment,62:59,0.0
Stage2,Scenario46,gen_curtailment,62:60,0.0
Stage2,Scenario46,gen_curtailment,62:61,0.0
Stage2,Scenario46,gen_curtailment,62:62,0.0
Stage2,Scenario46,gen_curtailment,62:63,0.0
Stage2,Scenario46,gen_curtailment,62:64,0.0
Stage2,Scenario46,gen_curtailment,63:65,0.2500000000000002
Stage2,Scenario46,gen_curtailment,64:154,0.0
Stage2,Scenario46,gen_curtailment,65:66,0.0
Stage2,Scenario46,gen_curtailment,66:110,0.0
Stage2,Scenario46,gen_curtailment,67:135,0.0
Stage2,Scenario46,gen_curtailment,67:136,0.0
Stage2,Scenario46,gen_curtailment,67:137,0.0
Stage2,Scenario46,gen_curtailment,67:139,0.0
Stage2,Scenario46,gen_curtailment,67:140,0.0
Stage2,Scenario46,gen_curtailment,67:147,0.0
Stage2,Scenario46,gen_curtailment,67:96,0.0
Stage2,Scenario46,gen_curtailment,68:67,1.6999999999999984
Stage2,Scenario46,gen_curtailment,69:68,0.21999999999999886
Stage2,Scenario46,gen_curtailment,69:69,0.21999999999999886
Stage2,Scenario46,gen_curtailment,69:92,0.0
Stage2,Scenario46,gen_curtailment,69:93,0.0
Stage2,Scenario46,gen_curtailment,69:94,0.0
Stage2,Scenario46,gen_curtailment,69:95,0.0
Stage2,Scenario46,gen_curtailment,70:70,1.6999999999999984
Stage2,Scenario46,gen_curtailment,70:71,1.6999999999999984
Stage2,Scenario46,gen_curtailment,71:104,0.0
Stage2,Scenario46,gen_curtailment,71:107,0.0
Stage2,Scenario46,gen_curtailment,71:108,0.0
Stage2,Scenario46,load_shed,0,0.0
Stage2,Scenario46,load_shed,1,0.0
Stage2,Scenario46,load_shed,10,0.0
Stage2,Scenario46,load_shed,11,0.0
Stage2,Scenario46,load_shed,12,0.0
Stage2,Scenario46,load_shed,13,1.94
Stage2,Scenario46,load_shed,14,0.0
Stage2,Scenario46,load_shed,15,0.0
Stage2,Scenario46,load_shed,16,0.0
Stage2,Scenario46,load_shed,17,0.0
Stage2,Scenario46,load_shed,18,1.1440000000000003
Stage2,Scenario46,load_shed,19,0.0
Stage2,Scenario46,load_shed,2,1.1849999999999994
Stage2,Scenario46,load_shed,20,0.0
Stage2,Scenario46,load_shed,21,0.0
Stage2,Scenario46,load_shed,22,0.0
Stage2,Scenario46,load_shed,23,0.0
Stage2,Scenario46,load_shed,24,0.0
Stage2,Scenario46,load_shed,25,0.0
Stage2,Scenario46,load_shed,26,1.7999999999999998
Stage2,Scenario46,load_shed,27,0.74
Stage2,Scenario46,load_shed,28,0.71
Stage2,Scenario46,load_shed,29,1.36
Stage2,Scenario46,load_shed,3,0.472
Stage2,Scenario46,load_shed,30,0.1499999999999999
Stage2,Scenario46,load_shed,31,1.71
Stage2,Scenario46,load_shed,32,1.75
Stage2,Scenario46,load_shed,33,0.0
Stage2,Scenario46,load_shed,34,0.0
Stage2,Scenario46,load_shed,35,0.0
Stage2,Scenario46,load_shed,36,0.0
Stage2,Scenario46,load_shed,37,1.39
Stage2,Scenario46,load_shed,38,0.0
Stage2,Scenario46,load_shed,39,0.0
Stage2,Scenario46,load_shed,4,0.71
Stage2,Scenario46,load_shed,40,0.0
Stage2,Scenario46,load_shed,41,0.0
Stage2,Scenario46,load_shed,42,1.8099999999999998
Stage2,Scenario46,load_shed,43,1.28
Stage2,Scenario46,load_shed,44,0.0
Stage2,Scenario46,load_shed,45,0.0
Stage2,Scenario46,load_shed,46,0.0
Stage2,Scenario46,load_shed,47,0.0
Stage2,Scenario46,load_shed,48,0.0
Stage2,Scenario46,load_shed,49,0.0
Stage2,Scenario46,load_shed,5,1.36
Stage2,Scenario46,load_shed,50,0.0
Stage2,Scenario46,load_shed,51,0.74
Stage2,Scenario46,load_shed,52,0.71
Stage2,Scenario46,load_shed,53,0.83
Stage2,Scenario46,load_shed,54,0.0
Stage2,Scenario46,load_shed,55,0.8509999999999998
Stage2,Scenario46,load_shed,56,0.2669999999999999
Stage2,Scenario46,load_shed,57,0.9169999999999999
Stage2,Scenario46,load_shed,58,0.0
Stage2,Scenario46,load_shed,59,0.0
Stage2,Scenario46,load_shed,6,0.0
Stage2,Scenario46,load_shed,60,0.0
Stage2,Scenario46,load_shed,61,0.0
Stage2,Scenario46,load_shed,62,0.92
Stage2,Scenario46,load_shed,63,0.0
Stage2,Scenario46,load_shed,64,0.0
Stage2,Scenario46,load_shed,65,0.0
Stage2,Scenario46,load_shed,66,0.0
Stage2,Scenario46,load_shed,67,0.0
Stage2,Scenario46,load_shed,68,0.0
Stage2,Scenario46,load_shed,69,0.0
Stage2,Scenario46,load_shed,7,0.0
Stage2,Scenario46,load_shed,70,0.0
Stage2,Scenario46,load_shed,71,0.0
Stage2,Scenario46,load_shed,72,0.0
Stage2,Scenario46,load_shed,8,1.75
Stage2,Scenario46,load_shed,9,1.95
Stage2,Scenario46,load_shed_value,None,28.445999999999987
Stage2,Scenario46,nu,None,0.9923157894736896
Stage2,Scenario46,theta,0,-6.283185307179585
Stage2,Scenario46,theta,1,-6.283185307179586
Stage2,Scenario46,theta,10,6.283185307179586
Stage2,Scenario46,theta,11,-6.283185307179586
Stage2,Scenario46,theta,12,0.0
Stage2,Scenario46,theta,13,-6.283185307179586
Stage2,Scenario46,theta,14,-6.283185307179585
Stage2,Scenario46,theta,15,-6.283185307179586
Stage2,Scenario46,theta,16,-6.283185307179584
Stage2,Scenario46,theta,17,-6.283185307179586
Stage2,Scenario46,theta,18,-6.283185307179586
Stage2,Scenario46,theta,19,-6.283185307179586
Stage2,Scenario46,theta,2,6.283185307179586
Stage2,Scenario46,theta,20,-6.194005307179586
Stage2,Scenario46,theta,21,6.283185307179586
Stage2,Scenario46,theta,22,-6.2550253071795865
Stage2,Scenario46,theta,23,6.283185307179586
Stage2,Scenario46,theta,24,-6.283185307179586
Stage2,Scenario46,theta,25,-6.283185307179586
Stage2,Scenario46,theta,26,6.283185307179586
Stage2,Scenario46,theta,27,-6.283185307179586
Stage2,Scenario46,theta,28,-6.283185307179586
Stage2,Scenario46,theta,29,-6.283185307179586
Stage2,Scenario46,theta,3,6.283185307179586
Stage2,Scenario46,theta,30,-6.283185307179586
Stage2,Scenario46,theta,31,-6.283185307179586
Stage2,Scenario46,theta,32,-6.283185307179586
Stage2,Scenario46,theta,33,-6.28318530717826
Stage2,Scenario46,theta,34,6.283185307179586
Stage2,Scenario46,theta,35,-6.1169283071795855
Stage2,Scenario46,theta,36,-6.283185307179586
Stage2,Scenario46,theta,37,-6.283185307179586
Stage2,Scenario46,theta,38,-6.283185307179586
Stage2,Scenario46,theta,39,-6.250735307179586
Stage2,Scenario46,theta,4,-6.283185307179586
Stage2,Scenario46,theta,40,-6.283185307179586
Stage2,Scenario46,theta,41,-6.283185307179586
Stage2,Scenario46,theta,42,-6.283185307179586
Stage2,Scenario46,theta,43,-6.283185307179586
Stage2,Scenario46,theta,44,6.283185307179586
Stage2,Scenario46,theta,45,6.283185307179586
Stage2,Scenario46,theta,46,-6.283185307179586
Stage2,Scenario46,theta,47,6.283185307179586
Stage2,Scenario46,theta,48,-6.283185307179586
Stage2,Scenario46,theta,49,-6.181425307179587
Stage2,Scenario46,theta,5,-6.283185307179586
Stage2,Scenario46,theta,50,-6.283185307179586
Stage2,Scenario46,theta,51,-6.283185307179586
Stage2,Scenario46,theta,52,-6.283185307179586
Stage2,Scenario46,theta,53,-6.283185307179586
Stage2,Scenario46,theta,54,-6.283185307179586
Stage2,Scenario46,theta,55,-6.274035307179586
Stage2,Scenario46,theta,56,-6.283185307179586
Stage2,Scenario46,theta,57,-6.283185307179586
Stage2,Scenario46,theta,58,6.283185307179586
Stage2,Scenario46,theta,59,-6.283185307179586
Stage2,Scenario46,theta,6,-6.1788753071785125
Stage2,Scenario46,theta,60,6.283185307179586
Stage2,Scenario46,theta,61,6.283185307179586
Stage2,Scenario46,theta,62,-6.283185307179586
Stage2,Scenario46,theta,63,-6.283185307179586
Stage2,Scenario46,theta,64,-6.283185307179586
Stage2,Scenario46,theta,65,-6.283185307179586
Stage2,Scenario46,theta,66,6.283185307179586
Stage2,Scenario46,theta,67,-6.063185307180742
Stage2,Scenario46,theta,68,6.283185307179586
Stage2,Scenario46,theta,69,6.283185307179586
Stage2,Scenario46,theta,7,-6.283185307179586
Stage2,Scenario46,theta,70,-6.283185307179586
Stage2,Scenario46,theta,71,6.283185307179586
Stage2,Scenario46,theta,72,0.0
Stage2,Scenario46,theta,8,-6.283185307179586
Stage2,Scenario46,theta,9,-6.283185307179586
Stage2,Scenario46,xij,0,0.0
Stage2,Scenario46,xij,1,0.0
Stage2,Scenario46,xij,10,1.0
Stage2,Scenario46,xij,100,0.0
Stage2,Scenario46,xij,101,0.0
Stage2,Scenario46,xij,102,0.0
Stage2,Scenario46,xij,103,0.0
Stage2,Scenario46,xij,104,0.0
Stage2,Scenario46,xij,105,0.0
Stage2,Scenario46,xij,106,0.0
Stage2,Scenario46,xij,107,0.0
Stage2,Scenario46,xij,108,0.0
Stage2,Scenario46,xij,109,0.0
Stage2,Scenario46,xij,11,0.0
Stage2,Scenario46,xij,110,0.0
Stage2,Scenario46,xij,111,0.0
Stage2,Scenario46,xij,112,0.0
Stage2,Scenario46,xij,113,0.0
Stage2,Scenario46,xij,114,0.0
Stage2,Scenario46,xij,115,0.0
Stage2,Scenario46,xij,116,0.0
Stage2,Scenario46,xij,117,0.0
Stage2,Scenario46,xij,118,0.0
Stage2,Scenario46,xij,119,0.0
Stage2,Scenario46,xij,12,0.0
Stage2,Scenario46,xij,13,0.0
Stage2,Scenario46,xij,14,0.0
Stage2,Scenario46,xij,15,1.0
Stage2,Scenario46,xij,16,0.0
Stage2,Scenario46,xij,17,0.0
Stage2,Scenario46,xij,18,0.0
Stage2,Scenario46,xij,19,0.0
Stage2,Scenario46,xij,2,0.0
Stage2,Scenario46,xij,20,0.0
Stage2,Scenario46,xij,21,0.0
Stage2,Scenario46,xij,22,0.0
Stage2,Scenario46,xij,23,0.0
Stage2,Scenario46,xij,24,0.0
Stage2,Scenario46,xij,25,0.0
Stage2,Scenario46,xij,26,1.0
Stage2,Scenario46,xij,27,0.0
Stage2,Scenario46,xij,28,0.0
Stage2,Scenario46,xij,29,0.0
Stage2,Scenario46,xij,3,0.0
Stage2,Scenario46,xij,30,0.0
Stage2,Scenario46,xij,31,0.0
Stage2,Scenario46,xij,32,0.0
Stage2,Scenario46,xij,33,0.0
Stage2,Scenario46,xij,34,0.0
Stage2,Scenario46,xij,35,0.0
Stage2,Scenario46,xij,36,0.0
Stage2,Scenario46,xij,37,0.0
Stage2,Scenario46,xij,38,1.0
Stage2,Scenario46,xij,39,0.0
Stage2,Scenario46,xij,4,0.0
Stage2,Scenario46,xij,40,0.0
Stage2,Scenario46,xij,41,0.0
Stage2,Scenario46,xij,42,0.0
Stage2,Scenario46,xij,43,0.0
Stage2,Scenario46,xij,44,0.0
Stage2,Scenario46,xij,45,0.0
Stage2,Scenario46,xij,46,0.0
Stage2,Scenario46,xij,47,0.0
Stage2,Scenario46,xij,48,0.0
Stage2,Scenario46,xij,49,0.0
Stage2,Scenario46,xij,5,0.0
Stage2,Scenario46,xij,50,0.0
Stage2,Scenario46,xij,51,0.0
Stage2,Scenario46,xij,52,0.0
Stage2,Scenario46,xij,53,0.0
Stage2,Scenario46,xij,54,0.0
Stage2,Scenario46,xij,55,0.0
Stage2,Scenario46,xij,56,0.0
Stage2,Scenario46,xij,57,1.0
Stage2,Scenario46,xij,58,0.0
Stage2,Scenario46,xij,59,0.0
Stage2,Scenario46,xij,6,0.0
Stage2,Scenario46,xij,60,0.0
Stage2,Scenario46,xij,61,0.0
Stage2,Scenario46,xij,62,0.0
Stage2,Scenario46,xij,63,1.0
Stage2,Scenario46,xij,64,0.0
Stage2,Scenario46,xij,65,0.0
Stage2,Scenario46,xij,66,0.0
Stage2,Scenario46,xij,67,0.0
Stage2,Scenario46,xij,68,0.0
Stage2,Scenario46,xij,69,0.0
Stage2,Scenario46,xij,7,0.0
Stage2,Scenario46,xij,70,0.0
Stage2,Scenario46,xij,71,0.0
Stage2,Scenario46,xij,72,0.0
Stage2,Scenario46,xij,73,0.0
Stage2,Scenario46,xij,74,0.0
Stage2,Scenario46,xij,75,0.0
Stage2,Scenario46,xij,76,0.0
Stage2,Scenario46,xij,77,0.0
Stage2,Scenario46,xij,78,0.0
Stage2,Scenario46,xij,79,0.0
Stage2,Scenario46,xij,8,0.0
Stage2,Scenario46,xij,80,0.0
Stage2,Scenario46,xij,81,0.0
Stage2,Scenario46,xij,82,0.0
Stage2,Scenario46,xij,83,1.0
Stage2,Scenario46,xij,84,0.0
Stage2,Scenario46,xij,85,0.0
Stage2,Scenario46,xij,86,0.0
Stage2,Scenario46,xij,87,0.0
Stage2,Scenario46,xij,88,0.0
Stage2,Scenario46,xij,89,1.0
Stage2,Scenario46,xij,9,0.0
Stage2,Scenario46,xij,90,0.0
Stage2,Scenario46,xij,91,0.0
Stage2,Scenario46,xij,92,0.0
Stage2,Scenario46,xij,93,0.0
Stage2,Scenario46,xij,94,0.0
Stage2,Scenario46,xij,95,0.0
Stage2,Scenario46,xij,96,0.0
Stage2,Scenario46,xij,97,0.0
Stage2,Scenario46,xij,98,0.0
Stage2,Scenario46,xij,99,0.0
Stage2,Scenario47,Pij,0,0.0
Stage2,Scenario47,Pij,1,0.0
Stage2,Scenario47,Pij,10,2.3
Stage2,Scenario47,Pij,100,0.0
Stage2,Scenario47,Pij,101,0.0
Stage2,Scenario47,Pij,102,0.0
Stage2,Scenario47,Pij,103,0.0
Stage2,Scenario47,Pij,104,0.0
Stage2,Scenario47,Pij,105,0.0
Stage2,Scenario47,Pij,106,0.0
Stage2,Scenario47,Pij,107,0.0
Stage2,Scenario47,Pij,108,0.0
Stage2,Scenario47,Pij,109,0.0
Stage2,Scenario47,Pij,11,0.0
Stage2,Scenario47,Pij,110,0.0
Stage2,Scenario47,Pij,111,0.0
Stage2,Scenario47,Pij,112,0.0
Stage2,Scenario47,Pij,113,0.0
Stage2,Scenario47,Pij,114,0.0
Stage2,Scenario47,Pij,115,0.0
Stage2,Scenario47,Pij,116,0.0
Stage2,Scenario47,Pij,117,0.0
Stage2,Scenario47,Pij,118,0.0
Stage2,Scenario47,Pij,119,0.0
Stage2,Scenario47,Pij,12,0.0
Stage2,Scenario47,Pij,13,0.5899999999999999
Stage2,Scenario47,Pij,14,0.0
Stage2,Scenario47,Pij,15,0.0
Stage2,Scenario47,Pij,16,0.0
Stage2,Scenario47,Pij,17,0.0
Stage2,Scenario47,Pij,18,0.0
Stage2,Scenario47,Pij,19,0.0
Stage2,Scenario47,Pij,2,0.0
Stage2,Scenario47,Pij,20,0.0
Stage2,Scenario47,Pij,21,0.0
Stage2,Scenario47,Pij,22,-1.3999999999999935
Stage2,Scenario47,Pij,23,0.0
Stage2,Scenario47,Pij,24,0.0
Stage2,Scenario47,Pij,25,0.0
Stage2,Scenario47,Pij,26,0.0
Stage2,Scenario47,Pij,27,0.0
Stage2,Scenario47,Pij,28,0.0
Stage2,Scenario47,Pij,29,0.0
Stage2,Scenario47,Pij,3,0.0
Stage2,Scenario47,Pij,30,0.0
Stage2,Scenario47,Pij,31,0.0
Stage2,Scenario47,Pij,32,0.0
Stage2,Scenario47,Pij,33,0.0
Stage2,Scenario47,Pij,34,0.0
Stage2,Scenario47,Pij,35,0.0
Stage2,Scenario47,Pij,36,0.0
Stage2,Scenario47,Pij,37,0.0
Stage2,Scenario47,Pij,38,-1.28
Stage2,Scenario47,Pij,39,0.0
Stage2,Scenario47,Pij,4,0.0
Stage2,Scenario47,Pij,40,0.0
Stage2,Scenario47,Pij,41,0.0
Stage2,Scenario47,Pij,42,0.0
Stage2,Scenario47,Pij,43,0.0
Stage2,Scenario47,Pij,44,0.0
Stage2,Scenario47,Pij,45,0.0
Stage2,Scenario47,Pij,46,0.0
Stage2,Scenario47,Pij,47,0.0
Stage2,Scenario47,Pij,48,0.0
Stage2,Scenario47,Pij,49,0.0
Stage2,Scenario47,Pij,5,0.0
Stage2,Scenario47,Pij,50,0.0
Stage2,Scenario47,Pij,51,0.0
Stage2,Scenario47,Pij,52,0.0
Stage2,Scenario47,Pij,53,0.0
Stage2,Scenario47,Pij,54,0.0
Stage2,Scenario47,Pij,55,0.0
Stage2,Scenario47,Pij,56,0.0
Stage2,Scenario47,Pij,57,-1.95
Stage2,Scenario47,Pij,58,0.0
Stage2,Scenario47,Pij,59,0.0
Stage2,Scenario47,Pij,6,0.0
Stage2,Scenario47,Pij,60,0.0
Stage2,Scenario47,Pij,61,0.0
Stage2,Scenario47,Pij,62,0.0
Stage2,Scenario47,Pij,63,0.0
Stage2,Scenario47,Pij,64,0.0
Stage2,Scenario47,Pij,65,0.0
Stage2,Scenario47,Pij,66,0.0
Stage2,Scenario47,Pij,67,0.0
Stage2,Scenario47,Pij,68,0.0
Stage2,Scenario47,Pij,69,0.0
Stage2,Scenario47,Pij,7,0.0
Stage2,Scenario47,Pij,70,0.0
Stage2,Scenario47,Pij,71,0.0
Stage2,Scenario47,Pij,72,0.0
Stage2,Scenario47,Pij,73,-1.6999999999999984
Stage2,Scenario47,Pij,74,0.0
Stage2,Scenario47,Pij,75,0.0
Stage2,Scenario47,Pij,76,0.0
Stage2,Scenario47,Pij,77,0.0
Stage2,Scenario47,Pij,78,0.0
Stage2,Scenario47,Pij,79,0.0
Stage2,Scenario47,Pij,8,0.0
Stage2,Scenario47,Pij,80,0.0
Stage2,Scenario47,Pij,81,0.0
Stage2,Scenario47,Pij,82,0.0
Stage2,Scenario47,Pij,83,0.0
Stage2,Scenario47,Pij,84,0.0
Stage2,Scenario47,Pij,85,0.0
Stage2,Scenario47,Pij,86,0.0
Stage2,Scenario47,Pij,87,0.0
Stage2,Scenario47,Pij,88,0.0
Stage2,Scenario47,Pij,89,0.0
Stage2,Scenario47,Pij,9,0.0
Stage2,Scenario47,Pij,90,0.0
Stage2,Scenario47,Pij,91,0.0
Stage2,Scenario47,Pij,92,0.0
Stage2,Scenario47,Pij,93,0.0
Stage2,Scenario47,Pij,94,0.0
Stage2,Scenario47,Pij,95,0.0
Stage2,Scenario47,Pij,96,0.0
Stage2,Scenario47,Pij,97,0.0
Stage2,Scenario47,Pij,98,0.0
Stage2,Scenario47,Pij,99,0.0
Stage2,Scenario47,bus_gen,0:0,0.07999999999999832
Stage2,Scenario47,bus_gen,0:1,0.07999999999999832
Stage2,Scenario47,bus_gen,0:113,0.0
Stage2,Scenario47,bus_gen,0:117,0.0
Stage2,Scenario47,bus_gen,0:118,0.0
Stage2,Scenario47,bus_gen,0:119,0.0
Stage2,Scenario47,bus_gen,0:2,0.56
Stage2,Scenario47,bus_gen,0:3,0.56
Stage2,Scenario47,bus_gen,1:112,0.0
Stage2,Scenario47,bus_gen,1:114,0.0
Stage2,Scenario47,bus_gen,1:4,0.0799999999999983
Stage2,Scenario47,bus_gen,1:5,0.0799999999999983
Stage2,Scenario47,bus_gen,1:6,0.56
Stage2,Scenario47,bus_gen,1:7,0.56
Stage2,Scenario47,bus_gen,12:10,0.2199999999999989
Stage2,Scenario47,bus_gen,12:109,0.370000000000011
Stage2,Scenario47,bus_gen,12:11,0.2199999999999989
Stage2,Scenario47,bus_gen,12:12,0.2199999999999989
Stage2,Scenario47,bus_gen,12:9,0.2199999999999989
Stage2,Scenario47,bus_gen,13:72,0.0
Stage2,Scenario47,bus_gen,14:13,0.12
Stage2,Scenario47,bus_gen,14:14,0.12
Stage2,Scenario47,bus_gen,14:15,1.55
Stage2,Scenario47,bus_gen,15:16,1.2500000000000002
Stage2,Scenario47,bus_gen,17:141,0.09300000000000001
Stage2,Scenario47,bus_gen,17:142,0.09699999999999999
Stage2,Scenario47,bus_gen,17:143,0.094
Stage2,Scenario47,bus_gen,17:144,0.091
Stage2,Scenario47,bus_gen,17:145,0.091
Stage2,Scenario47,bus_gen,17:146,0.09699999999999995
Stage2,Scenario47,bus_gen,17:148,0.11800000000000002
Stage2,Scenario47,bus_gen,17:149,0.11199999999999997
Stage2,Scenario47,bus_gen,17:150,0.10300000000000001
Stage2,Scenario47,bus_gen,17:151,0.045
Stage2,Scenario47,bus_gen,17:17,2.3890000000000002
Stage2,Scenario47,bus_gen,18:121,0.6659999999999999
Stage2,Scenario47,bus_gen,2:120,0.6150000000000007
Stage2,Scenario47,bus_gen,20:73,3.9600000000000004
Stage2,Scenario47,bus_gen,21:156,0.0
Stage2,Scenario47,bus_gen,21:74,0.0
Stage2,Scenario47,bus_gen,21:75,0.0
Stage2,Scenario47,bus_gen,21:76,0.0
Stage2,Scenario47,bus_gen,21:77,0.0
Stage2,Scenario47,bus_gen,21:78,0.0
Stage2,Scenario47,bus_gen,21:79,0.0
Stage2,Scenario47,bus_gen,22:18,0.6199999999999983
Stage2,Scenario47,bus_gen,22:19,1.3999999999999986
Stage2,Scenario47,bus_gen,22:20,0.21999999999999886
Stage2,Scenario47,bus_gen,22:21,0.21999999999999886
Stage2,Scenario47,bus_gen,22:22,0.21999999999999886
Stage2,Scenario47,bus_gen,24:23,0.2
Stage2,Scenario47,bus_gen,24:24,0.2
Stage2,Scenario47,bus_gen,24:25,0.56
Stage2,Scenario47,bus_gen,24:80,0.12
Stage2,Scenario47,bus_gen,25:26,0.0799999999999983
Stage2,Scenario47,bus_gen,25:27,0.0799999999999983
Stage2,Scenario47,bus_gen,25:28,0.56
Stage2,Scenario47,bus_gen,25:29,0.56
Stage2,Scenario47,bus_gen,3:115,0.268
Stage2,Scenario47,bus_gen,30:30,0.55
Stage2,Scenario47,bus_gen,30:31,0.55
Stage2,Scenario47,bus_gen,35:116,1.95
Stage2,Scenario47,bus_gen,36:152,0.0
Stage2,Scenario47,bus_gen,36:32,3.136
Stage2,Scenario47,bus_gen,36:33,0.21999999999999886
Stage2,Scenario47,bus_gen,36:34,0.21999999999999886
Stage2,Scenario47,bus_gen,37:81,0.0
Stage2,Scenario47,bus_gen,38:111,1.251
Stage2,Scenario47,bus_gen,38:35,0.21999999999999886
Stage2,Scenario47,bus_gen,38:36,0.21999999999999886
Stage2,Scenario47,bus_gen,38:82,0.4790000000000023
Stage2,Scenario47,bus_gen,38:83,0.5
Stage2,Scenario47,bus_gen,38:84,0.5
Stage2,Scenario47,bus_gen,39:37,1.2500000000000002
Stage2,Scenario47,bus_gen,41:38,2.9160000000000004
Stage2,Scenario47,bus_gen,44:39,1.6999999999999984
Stage2,Scenario47,bus_gen,45:85,0.0
Stage2,Scenario47,bus_gen,45:86,0.0
Stage2,Scenario47,bus_gen,45:87,0.0
Stage2,Scenario47,bus_gen,45:88,0.0
Stage2,Scenario47,bus_gen,45:89,0.0
Stage2,Scenario47,bus_gen,45:90,0.0
Stage2,Scenario47,bus_gen,46:40,0.6199999999999983
Stage2,Scenario47,bus_gen,46:41,0.6199999999999983
Stage2,Scenario47,bus_gen,46:42,1.3999999999999986
Stage2,Scenario47,bus_gen,46:43,0.21999999999999886
Stage2,Scenario47,bus_gen,46:44,0.21999999999999886
Stage2,Scenario47,bus_gen,46:45,0.21999999999999886
Stage2,Scenario47,bus_gen,48:46,0.0799999999999983
Stage2,Scenario47,bus_gen,48:47,0.0799999999999983
Stage2,Scenario47,bus_gen,48:48,0.46000000000000174
Stage2,Scenario47,bus_gen,48:49,0.46000000000000174
Stage2,Scenario47,bus_gen,49:50,0.2
Stage2,Scenario47,bus_gen,49:51,0.2
Stage2,Scenario47,bus_gen,49:52,0.285
Stage2,Scenario47,bus_gen,49:53,0.285
Stage2,Scenario47,bus_gen,50:155,1.8
Stage2,Scenario47,bus_gen,54:54,0.55
Stage2,Scenario47,bus_gen,54:55,0.55
Stage2,Scenario47,bus_gen,55:122,1.0090000000000001
Stage2,Scenario47,bus_gen,56:153,1.483
Stage2,Scenario47,bus_gen,57:103,0.5169999999999999
Stage2,Scenario47,bus_gen,57:106,0.516
Stage2,Scenario47,bus_gen,59:105,0.0
Stage2,Scenario47,bus_gen,6:8,3.55
Stage2,Scenario47,bus_gen,60:102,0.0
Stage2,Scenario47,bus_gen,60:123,0.0
Stage2,Scenario47,bus_gen,60:124,0.0
Stage2,Scenario47,bus_gen,60:125,0.0
Stage2,Scenario47,bus_gen,60:126,0.67
Stage2,Scenario47,bus_gen,60:127,0.0
Stage2,Scenario47,bus_gen,60:128,0.0
Stage2,Scenario47,bus_gen,60:129,0.0
Stage2,Scenario47,bus_gen,60:130,0.0
Stage2,Scenario47,bus_gen,60:131,0.0
Stage2,Scenario47,bus_gen,60:132,0.0
Stage2,Scenario47,bus_gen,60:133,0.0
Stage2,Scenario47,bus_gen,60:134,0.0
Stage2,Scenario47,bus_gen,60:138,0.0
Stage2,Scenario47,bus_gen,60:157,0.0730000000000014
Stage2,Scenario47,bus_gen,60:56,1.9069999999999987
Stage2,Scenario47,bus_gen,60:99,0.0
Stage2,Scenario47,bus_gen,61:100,0.9079999999999999
Stage2,Scenario47,bus_gen,61:101,0.516
Stage2,Scenario47,bus_gen,61:91,0.0
Stage2,Scenario47,bus_gen,61:97,0.0
Stage2,Scenario47,bus_gen,61:98,0.516
Stage2,Scenario47,bus_gen,62:57,0.12
Stage2,Scenario47,bus_gen,62:58,0.12
Stage2,Scenario47,bus_gen,62:59,0.12
Stage2,Scenario47,bus_gen,62:60,0.12
Stage2,Scenario47,bus_gen,62:61,0.12
Stage2,Scenario47,bus_gen,62:62,0.55
Stage2,Scenario47,bus_gen,62:63,0.55
Stage2,Scenario47,bus_gen,62:64,0.55
Stage2,Scenario47,bus_gen,63:65,1.2500000000000002
Stage2,Scenario47,bus_gen,64:154,0.0
Stage2,Scenario47,bus_gen,65:66,3.33
Stage2,Scenario47,bus_gen,66:110,1.81
Stage2,Scenario47,bus_gen,67:135,0.273
Stage2,Scenario47,bus_gen,67:136,0.17200000000000004
Stage2,Scenario47,bus_gen,67:137,0.28300000000000003
Stage2,Scenario47,bus_gen,67:139,0.27
Stage2,Scenario47,bus_gen,67:140,0.282
Stage2,Scenario47,bus_gen,67:147,0.0
Stage2,Scenario47,bus_gen,67:96,0.0
Stage2,Scenario47,bus_gen,68:67,1.6999999999999984
Stage2,Scenario47,bus_gen,69:68,0.21999999999999886
Stage2,Scenario47,bus_gen,69:69,0.21999999999999886
Stage2,Scenario47,bus_gen,69:92,0.0
Stage2,Scenario47,bus_gen,69:93,0.0
Stage2,Scenario47,bus_gen,69:94,0.0
Stage2,Scenario47,bus_gen,69:95,0.0
Stage2,Scenario47,bus_gen,70:70,1.6999999999999984
Stage2,Scenario47,bus_gen,70:71,1.6999999999999984
Stage2,Scenario47,bus_gen,71:104,0.0
Stage2,Scenario47,bus_gen,71:107,0.0
Stage2,Scenario47,bus_gen,71:108,0.0
Stage2,Scenario47,cvar,None,84.70000000000017
Stage2,Scenario47,gen_curtailment,0:0,0.07999999999999832
Stage2,Scenario47,gen_curtailment,0:1,0.07999999999999832
Stage2,Scenario47,gen_curtailment,0:113,0.0
Stage2,Scenario47,gen_curtailment,0:117,0.0
Stage2,Scenario47,gen_curtailment,0:118,0.0
Stage2,Scenario47,gen_curtailment,0:119,0.0
Stage2,Scenario47,gen_curtailment,0:2,0.020000000000000018
Stage2,Scenario47,gen_curtailment,0:3,0.020000000000000018
Stage2,Scenario47,gen_curtailment,1:112,0.0
Stage2,Scenario47,gen_curtailment,1:114,0.0
Stage2,Scenario47,gen_curtailment,1:4,0.0
Stage2,Scenario47,gen_curtailment,1:5,0.0
Stage2,Scenario47,gen_curtailment,1:6,0.15499999999999836
Stage2,Scenario47,gen_curtailment,1:7,0.15499999999999836
Stage2,Scenario47,gen_curtailment,12:10,0.0
Stage2,Scenario47,gen_curtailment,12:109,0.0
Stage2,Scenario47,gen_curtailment,12:11,0.0
Stage2,Scenario47,gen_curtailment,12:12,0.0
Stage2,Scenario47,gen_curtailment,12:9,0.0
Stage2,Scenario47,gen_curtailment,13:72,0.0
Stage2,Scenario47,gen_curtailment,14:13,0.0
Stage2,Scenario47,gen_curtailment,14:14,0.0
Stage2,Scenario47,gen_curtailment,14:15,0.0
Stage2,Scenario47,gen_curtailment,15:16,0.24999999999999892
Stage2,Scenario47,gen_curtailment,17:141,0.0
Stage2,Scenario47,gen_curtailment,17:142,0.0
Stage2,Scenario47,gen_curtailment,17:143,0.0
Stage2,Scenario47,gen_curtailment,17:144,0.0
Stage2,Scenario47,gen_curtailment,17:145,0.0
Stage2,Scenario47,gen_curtailment,17:146,0.0
Stage2,Scenario47,gen_curtailment,17:148,0.0
Stage2,Scenario47,gen_curtailment,17:149,0.0
Stage2,Scenario47,gen_curtailment,17:150,0.0
Stage2,Scenario47,gen_curtailment,17:151,0.0
Stage2,Scenario47,gen_curtailment,17:17,0.0
Stage2,Scenario47,gen_curtailment,18:121,0.0
Stage2,Scenario47,gen_curtailment,2:120,0.0
Stage2,Scenario47,gen_curtailment,20:73,3.9600000000000004
Stage2,Scenario47,gen_curtailment,21:156,0.0
Stage2,Scenario47,gen_curtailment,21:74,0.0
Stage2,Scenario47,gen_curtailment,21:75,0.0
Stage2,Scenario47,gen_curtailment,21:76,0.0
Stage2,Scenario47,gen_curtailment,21:77,0.0
Stage2,Scenario47,gen_curtailment,21:78,0.0
Stage2,Scenario47,gen_curtailment,21:79,0.0
Stage2,Scenario47,gen_curtailment,22:18,0.0
Stage2,Scenario47,gen_curtailment,22:19,0.0
Stage2,Scenario47,gen_curtailment,22:20,0.0
Stage2,Scenario47,gen_curtailment,22:21,0.0
Stage2,Scenario47,gen_curtailment,22:22,0.0
Stage2,Scenario47,gen_curtailment,24:23,0.0
Stage2,Scenario47,gen_curtailment,24:24,0.0
Stage2,Scenario47,gen_curtailment,24:25,0.0
Stage2,Scenario47,gen_curtailment,24:80,0.0
Stage2,Scenario47,gen_curtailment,25:26,0.0
Stage2,Scenario47,gen_curtailment,25:27,0.0
Stage2,Scenario47,gen_curtailment,25:28,0.15499999999999836
Stage2,Scenario47,gen_curtailment,25:29,0.15499999999999836
Stage2,Scenario47,gen_curtailment,3:115,0.0
Stage2,Scenario47,gen_curtailment,30:30,0.0
Stage2,Scenario47,gen_curtailment,30:31,0.0
Stage2,Scenario47,gen_curtailment,35:116,0.0
Stage2,Scenario47,gen_curtailment,36:152,0.0
Stage2,Scenario47,gen_curtailment,36:32,0.48600000000000027
Stage2,Scenario47,gen_curtailment,36:33,0.21999999999999886
Stage2,Scenario47,gen_curtailment,36:34,0.21999999999999886
Stage2,Scenario47,gen_curtailment,37:81,0.0
Stage2,Scenario47,gen_curtailment,38:111,0.0
Stage2,Scenario47,gen_curtailment,38:35,0.0
Stage2,Scenario47,gen_curtailment,38:36,0.0
Stage2,Scenario47,gen_curtailment,38:82,0.0
Stage2,Scenario47,gen_curtailment,38:83,0.0
Stage2,Scenario47,gen_curtailment,38:84,0.0
Stage2,Scenario47,gen_curtailment,39:37,0.2500000000000002
Stage2,Scenario47,gen_curtailment,41:38,1.2859999999999987
Stage2,Scenario47,gen_curtailment,44:39,0.0
Stage2,Scenario47,gen_curtailment,45:85,0.0
Stage2,Scenario47,gen_curtailment,45:86,0.0
Stage2,Scenario47,gen_curtailment,45:87,0.0
Stage2,Scenario47,gen_curtailment,45:88,0.0
Stage2,Scenario47,gen_curtailment,45:89,0.0
Stage2,Scenario47,gen_curtailment,45:90,0.0
Stage2,Scenario47,gen_curtailment,46:40,0.6199999999999983
Stage2,Scenario47,gen_curtailment,46:41,0.6199999999999983
Stage2,Scenario47,gen_curtailment,46:42,1.3999999999999986
Stage2,Scenario47,gen_curtailment,46:43,0.21999999999999886
Stage2,Scenario47,gen_curtailment,46:44,0.21999999999999886
Stage2,Scenario47,gen_curtailment,46:45,0.21999999999999886
Stage2,Scenario47,gen_curtailment,48:46,0.0
Stage2,Scenario47,gen_curtailment,48:47,0.0
Stage2,Scenario47,gen_curtailment,48:48,0.0
Stage2,Scenario47,gen_curtailment,48:49,0.0
Stage2,Scenario47,gen_curtailment,49:50,0.0
Stage2,Scenario47,gen_curtailment,49:51,0.0
Stage2,Scenario47,gen_curtailment,49:52,0.0
Stage2,Scenario47,gen_curtailment,49:53,0.0
Stage2,Scenario47,gen_curtailment,50:155,0.0
Stage2,Scenario47,gen_curtailment,54:54,0.0
Stage2,Scenario47,gen_curtailment,54:55,0.0
Stage2,Scenario47,gen_curtailment,55:122,0.0
Stage2,Scenario47,gen_curtailment,56:153,0.0
Stage2,Scenario47,gen_curtailment,57:103,0.0
Stage2,Scenario47,gen_curtailment,57:106,0.0
Stage2,Scenario47,gen_curtailment,59:105,0.0
Stage2,Scenario47,gen_curtailment,6:8,0.0
Stage2,Scenario47,gen_curtailment,60:102,0.0
Stage2,Scenario47,gen_curtailment,60:123,0.0
Stage2,Scenario47,gen_curtailment,60:124,0.0
Stage2,Scenario47,gen_curtailment,60:125,0.0
Stage2,Scenario47,gen_curtailment,60:126,0.0
Stage2,Scenario47,gen_curtailment,60:127,0.0
Stage2,Scenario47,gen_curtailment,60:128,0.0
Stage2,Scenario47,gen_curtailment,60:129,0.0
Stage2,Scenario47,gen_curtailment,60:130,0.0
Stage2,Scenario47,gen_curtailment,60:131,0.0
Stage2,Scenario47,gen_curtailment,60:132,0.0
Stage2,Scenario47,gen_curtailment,60:133,0.0
Stage2,Scenario47,gen_curtailment,60:134,0.0
Stage2,Scenario47,gen_curtailment,60:138,0.0
Stage2,Scenario47,gen_curtailment,60:157,0.0
Stage2,Scenario47,gen_curtailment,60:56,0.0
Stage2,Scenario47,gen_curtailment,60:99,0.0
Stage2,Scenario47,gen_curtailment,61:100,0.0
Stage2,Scenario47,gen_curtailment,61:101,0.0
Stage2,Scenario47,gen_curtailment,61:91,0.0
Stage2,Scenario47,gen_curtailment,61:97,0.0
Stage2,Scenario47,gen_curtailment,61:98,0.0
Stage2,Scenario47,gen_curtailment,62:57,0.0
Stage2,Scenario47,gen_curtailment,62:58,0.0
Stage2,Scenario47,gen_curtailment,62:59,0.0
Stage2,Scenario47,gen_curtailment,62:60,0.0
Stage2,Scenario47,gen_curtailment,62:61,0.0
Stage2,Scenario47,gen_curtailment,62:62,0.0
Stage2,Scenario47,gen_curtailment,62:63,0.0
Stage2,Scenario47,gen_curtailment,62:64,0.0
Stage2,Scenario47,gen_curtailment,63:65,0.2500000000000002
Stage2,Scenario47,gen_curtailment,64:154,0.0
Stage2,Scenario47,gen_curtailment,65:66,0.0
Stage2,Scenario47,gen_curtailment,66:110,0.0
Stage2,Scenario47,gen_curtailment,67:135,0.0
Stage2,Scenario47,gen_curtailment,67:136,0.0
Stage2,Scenario47,gen_curtailment,67:137,0.0
Stage2,Scenario47,gen_curtailment,67:139,0.0
Stage2,Scenario47,gen_curtailment,67:140,0.0
Stage2,Scenario47,gen_curtailment,67:147,0.0
Stage2,Scenario47,gen_curtailment,67:96,0.0
Stage2,Scenario47,gen_curtailment,68:67,1.6999999999999984
Stage2,Scenario47,gen_curtailment,69:68,0.21999999999999886
Stage2,Scenario47,gen_curtailment,69:69,0.21999999999999886
Stage2,Scenario47,gen_curtailment,69:92,0.0
Stage2,Scenario47,gen_curtailment,69:93,0.0
Stage2,Scenario47,gen_curtailment,69:94,0.0
Stage2,Scenario47,gen_curtailment,69:95,0.0
Stage2,Scenario47,gen_curtailment,70:70,1.6999999999999984
Stage2,Scenario47,gen_curtailment,70:71,1.6999999999999984
Stage2,Scenario47,gen_curtailment,71:104,0.0
Stage2,Scenario47,gen_curtailment,71:107,0.0
Stage2,Scenario47,gen_curtailment,71:108,0.0
Stage2,Scenario47,load_shed,0,0.0
Stage2,Scenario47,load_shed,1,0.0
Stage2,Scenario47,load_shed,10,0.0
Stage2,Scenario47,load_shed,11,0.0
Stage2,Scenario47,load_shed,12,0.0
Stage2,Scenario47,load_shed,13,1.9400000000000002
Stage2,Scenario47,load_shed,14,1.3800000000000001
Stage2,Scenario47,load_shed,15,0.0
Stage2,Scenario47,load_shed,16,0.0
Stage2,Scenario47,load_shed,17,0.0
Stage2,Scenario47,load_shed,18,1.1440000000000001
Stage2,Scenario47,load_shed,19,0.0
Stage2,Scenario47,load_shed,2,1.1849999999999994
Stage2,Scenario47,load_shed,20,0.0
Stage2,Scenario47,load_shed,21,0.0
Stage2,Scenario47,load_shed,22,0.0
Stage2,Scenario47,load_shed,23,0.0
Stage2,Scenario47,load_shed,24,0.0
Stage2,Scenario47,load_shed,25,0.0
Stage2,Scenario47,load_shed,26,1.8
Stage2,Scenario47,load_shed,27,0.74
Stage2,Scenario47,load_shed,28,0.7100000000000001
Stage2,Scenario47,load_shed,29,1.36
Stage2,Scenario47,load_shed,3,0.472
Stage2,Scenario47,load_shed,30,0.1499999999999999
Stage2,Scenario47,load_shed,31,1.71
Stage2,Scenario47,load_shed,32,1.75
Stage2,Scenario47,load_shed,33,0.0
Stage2,Scenario47,load_shed,34,0.0
Stage2,Scenario47,load_shed,35,0.0
Stage2,Scenario47,load_shed,36,0.0
Stage2,Scenario47,load_shed,37,1.9400000000000002
Stage2,Scenario47,load_shed,38,0.0
Stage2,Scenario47,load_shed,39,0.0
Stage2,Scenario47,load_shed,4,0.7100000000000001
Stage2,Scenario47,load_shed,40,0.0
Stage2,Scenario47,load_shed,41,0.0
Stage2,Scenario47,load_shed,42,1.81
Stage2,Scenario47,load_shed,43,1.28
Stage2,Scenario47,load_shed,44,0.0
Stage2,Scenario47,load_shed,45,0.0
Stage2,Scenario47,load_shed,46,0.0
Stage2,Scenario47,load_shed,47,0.0
Stage2,Scenario47,load_shed,48,0.0
Stage2,Scenario47,load_shed,49,0.0
Stage2,Scenario47,load_shed,5,1.36
Stage2,Scenario47,load_shed,50,0.0
Stage2,Scenario47,load_shed,51,0.74
Stage2,Scenario47,load_shed,52,0.7100000000000001
Stage2,Scenario47,load_shed,53,1.36
Stage2,Scenario47,load_shed,54,0.1499999999999999
Stage2,Scenario47,load_shed,55,0.7009999999999998
Stage2,Scenario47,load_shed,56,0.26699999999999996
Stage2,Scenario47,load_shed,57,0.9169999999999997
Stage2,Scenario47,load_shed,58,0.0
Stage2,Scenario47,load_shed,59,0.0
Stage2,Scenario47,load_shed,6,0.0
Stage2,Scenario47,load_shed,60,0.0
Stage2,Scenario47,load_shed,61,0.0
Stage2,Scenario47,load_shed,62,0.9199999999999999
Stage2,Scenario47,load_shed,63,0.0
Stage2,Scenario47,load_shed,64,0.0
Stage2,Scenario47,load_shed,65,0.0
Stage2,Scenario47,load_shed,66,0.0
Stage2,Scenario47,load_shed,67,0.0
Stage2,Scenario47,load_shed,68,0.0
Stage2,Scenario47,load_shed,69,0.0
Stage2,Scenario47,load_shed,7,0.0
Stage2,Scenario47,load_shed,70,0.0
Stage2,Scenario47,load_shed,71,0.0
Stage2,Scenario47,load_shed,72,0.0
Stage2,Scenario47,load_shed,8,1.75
Stage2,Scenario47,load_shed,9,1.36
Stage2,Scenario47,load_shed_value,None,30.316000000000003
Stage2,Scenario47,nu,None,2.862315789473696
Stage2,Scenario47,theta,0,-6.283185307179586
Stage2,Scenario47,theta,1,-6.283185307179586
Stage2,Scenario47,theta,10,6.283185307179586
Stage2,Scenario47,theta,11,6.283185307179586
Stage2,Scenario47,theta,12,0.0
Stage2,Scenario47,theta,13,-6.283185307179586
Stage2,Scenario47,theta,14,-6.283185307179586
Stage2,Scenario47,theta,15,-6.283185307179586
Stage2,Scenario47,theta,16,-6.283185307179586
Stage2,Scenario47,theta,17,-6.283185307179586
Stage2,Scenario47,theta,18,-6.283185307179586
Stage2,Scenario47,theta,19,0.09363999999883946
Stage2,Scenario47,theta,2,6.283185307179586
Stage2,Scenario47,theta,20,6.280465307179586
Stage2,Scenario47,theta,21,6.280465307179586
Stage2,Scenario47,theta,22,0.12179999999999942
Stage2,Scenario47,theta,23,6.283185307179586
Stage2,Scenario47,theta,24,-6.283185307179586
Stage2,Scenario47,theta,25,-6.283185307179586
Stage2,Scenario47,theta,26,6.283185307179586
Stage2,Scenario47,theta,27,-6.283185307179586
Stage2,Scenario47,theta,28,-6.283185307179586
Stage2,Scenario47,theta,29,-6.283185307179586
Stage2,Scenario47,theta,3,6.283185307179586
Stage2,Scenario47,theta,30,-6.283185307179586
Stage2,Scenario47,theta,31,-6.283185307179586
Stage2,Scenario47,theta,32,-6.283185307179586
Stage2,Scenario47,theta,33,-6.283185307179586
Stage2,Scenario47,theta,34,6.283185307179586
Stage2,Scenario47,theta,35,-6.116928307179586
Stage2,Scenario47,theta,36,-6.283185307179586
Stage2,Scenario47,theta,37,-6.283185307179586
Stage2,Scenario47,theta,38,-6.283185307179586
Stage2,Scenario47,theta,39,-6.283185307179586
Stage2,Scenario47,theta,4,-6.283185307179586
Stage2,Scenario47,theta,40,-6.283185307179586
Stage2,Scenario47,theta,41,-6.283185307179586
Stage2,Scenario47,theta,42,-6.283185307179586
Stage2,Scenario47,theta,43,-6.283185307179586
Stage2,Scenario47,theta,44,-6.238985307179586
Stage2,Scenario47,theta,45,6.283185307179586
Stage2,Scenario47,theta,46,-6.283185307179586
Stage2,Scenario47,theta,47,6.283185307179586
Stage2,Scenario47,theta,48,-6.283185307179586
Stage2,Scenario47,theta,49,-6.283185307179586
Stage2,Scenario47,theta,5,-6.283185307179586
Stage2,Scenario47,theta,50,-6.283185307179586
Stage2,Scenario47,theta,51,-6.283185307179586
Stage2,Scenario47,theta,52,-6.283185307179586
Stage2,Scenario47,theta,53,-6.283185307179586
Stage2,Scenario47,theta,54,-6.283185307179586
Stage2,Scenario47,theta,55,-6.283185307179586
Stage2,Scenario47,theta,56,-6.283185307179586
Stage2,Scenario47,theta,57,-6.283185307179586
Stage2,Scenario47,theta,58,6.283185307179586
Stage2,Scenario47,theta,59,-6.283185307179586
Stage2,Scenario47,theta,6,-6.045535307178514
Stage2,Scenario47,theta,60,6.283185307179586
Stage2,Scenario47,theta,61,6.283185307179586
Stage2,Scenario47,theta,62,-6.283185307179586
Stage2,Scenario47,theta,63,-6.283185307179586
Stage2,Scenario47,theta,64,-6.283185307179586
Stage2,Scenario47,theta,65,-6.283185307179586
Stage2,Scenario47,theta,66,6.283185307179586
Stage2,Scenario47,theta,67,-6.283185307179586
Stage2,Scenario47,theta,68,6.283185307179586
Stage2,Scenario47,theta,69,6.283185307179586
Stage2,Scenario47,theta,7,-6.185835307179587
Stage2,Scenario47,theta,70,-6.063185307180742
Stage2,Scenario47,theta,71,6.283185307179586
Stage2,Scenario47,theta,72,0.0
Stage2,Scenario47,theta,8,6.283185307179586
Stage2,Scenario47,theta,9,-6.283185307179586
Stage2,Scenario47,xij,0,0.0
Stage2,Scenario47,xij,1,0.0
Stage2,Scenario47,xij,10,1.0
Stage2,Scenario47,xij,100,0.0
Stage2,Scenario47,xij,101,0.0
Stage2,Scenario47,xij,102,0.0
Stage2,Scenario47,xij,103,0.0
Stage2,Scenario47,xij,104,0.0
Stage2,Scenario47,xij,105,0.0
Stage2,Scenario47,xij,106,0.0
Stage2,Scenario47,xij,107,0.0
Stage2,Scenario47,xij,108,0.0
Stage2,Scenario47,xij,109,0.0
Stage2,Scenario47,xij,11,0.0
Stage2,Scenario47,xij,110,0.0
Stage2,Scenario47,xij,111,0.0
Stage2,Scenario47,xij,112,0.0
Stage2,Scenario47,xij,113,0.0
Stage2,Scenario47,xij,114,0.0
Stage2,Scenario47,xij,115,0.0
Stage2,Scenario47,xij,116,0.0
Stage2,Scenario47,xij,117,0.0
Stage2,Scenario47,xij,118,0.0
Stage2,Scenario47,xij,119,0.0
Stage2,Scenario47,xij,12,0.0
Stage2,Scenario47,xij,13,1.0
Stage2,Scenario47,xij,14,0.0
Stage2,Scenario47,xij,15,0.0
Stage2,Scenario47,xij,16,0.0
Stage2,Scenario47,xij,17,0.0
Stage2,Scenario47,xij,18,0.0
Stage2,Scenario47,xij,19,0.0
Stage2,Scenario47,xij,2,0.0
Stage2,Scenario47,xij,20,0.0
Stage2,Scenario47,xij,21,0.0
Stage2,Scenario47,xij,22,1.0
Stage2,Scenario47,xij,23,0.0
Stage2,Scenario47,xij,24,0.0
Stage2,Scenario47,xij,25,0.0
Stage2,Scenario47,xij,26,0.0
Stage2,Scenario47,xij,27,0.0
Stage2,Scenario47,xij,28,0.0
Stage2,Scenario47,xij,29,0.0
Stage2,Scenario47,xij,3,0.0
Stage2,Scenario47,xij,30,0.0
Stage2,Scenario47,xij,31,0.0
Stage2,Scenario47,xij,32,0.0
Stage2,Scenario47,xij,33,0.0
Stage2,Scenario47,xij,34,0.0
Stage2,Scenario47,xij,35,0.0
Stage2,Scenario47,xij,36,0.0
Stage2,Scenario47,xij,37,0.0
Stage2,Scenario47,xij,38,1.0
Stage2,Scenario47,xij,39,1.0
Stage2,Scenario47,xij,4,0.0
Stage2,Scenario47,xij,40,0.0
Stage2,Scenario47,xij,41,0.0
Stage2,Scenario47,xij,42,0.0
Stage2,Scenario47,xij,43,0.0
Stage2,Scenario47,xij,44,0.0
Stage2,Scenario47,xij,45,0.0
Stage2,Scenario47,xij,46,0.0
Stage2,Scenario47,xij,47,0.0
Stage2,Scenario47,xij,48,0.0
Stage2,Scenario47,xij,49,0.0
Stage2,Scenario47,xij,5,0.0
Stage2,Scenario47,xij,50,0.0
Stage2,Scenario47,xij,51,0.0
Stage2,Scenario47,xij,52,0.0
Stage2,Scenario47,xij,53,0.0
Stage2,Scenario47,xij,54,0.0
Stage2,Scenario47,xij,55,0.0
Stage2,Scenario47,xij,56,0.0
Stage2,Scenario47,xij,57,1.0
Stage2,Scenario47,xij,58,0.0
Stage2,Scenario47,xij,59,0.0
Stage2,Scenario47,xij,6,0.0
Stage2,Scenario47,xij,60,0.0
Stage2,Scenario47,xij,61,0.0
Stage2,Scenario47,xij,62,0.0
Stage2,Scenario47,xij,63,0.0
Stage2,Scenario47,xij,64,0.0
Stage2,Scenario47,xij,65,0.0
Stage2,Scenario47,xij,66,0.0
Stage2,Scenario47,xij,67,0.0
Stage2,Scenario47,xij,68,0.0
Stage2,Scenario47,xij,69,0.0
Stage2,Scenario47,xij,7,0.0
Stage2,Scenario47,xij,70,0.0
Stage2,Scenario47,xij,71,0.0
Stage2,Scenario47,xij,72,0.0
Stage2,Scenario47,xij,73,1.0
Stage2,Scenario47,xij,74,0.0
Stage2,Scenario47,xij,75,0.0
Stage2,Scenario47,xij,76,0.0
Stage2,Scenario47,xij,77,0.0
Stage2,Scenario47,xij,78,0.0
Stage2,Scenario47,xij,79,0.0
Stage2,Scenario47,xij,8,0.0
Stage2,Scenario47,xij,80,0.0
Stage2,Scenario47,xij,81,0.0
Stage2,Scenario47,xij,82,0.0
Stage2,Scenario47,xij,83,0.0
Stage2,Scenario47,xij,84,0.0
Stage2,Scenario47,xij,85,0.0
Stage2,Scenario47,xij,86,0.0
Stage2,Scenario47,xij,87,0.0
Stage2,Scenario47,xij,88,0.0
Stage2,Scenario47,xij,89,0.0
Stage2,Scenario47,xij,9,0.0
Stage2,Scenario47,xij,90,0.0
Stage2,Scenario47,xij,91,0.0
Stage2,Scenario47,xij,92,0.0
Stage2,Scenario47,xij,93,0.0
Stage2,Scenario47,xij,94,0.0
Stage2,Scenario47,xij,95,0.0
Stage2,Scenario47,xij,96,0.0
Stage2,Scenario47,xij,97,0.0
Stage2,Scenario47,xij,98,0.0
Stage2,Scenario47,xij,99,0.0
Stage2,Scenario48,Pij,0,0.0
Stage2,Scenario48,Pij,1,0.0
Stage2,Scenario48,Pij,10,1.7100000000000044
Stage2,Scenario48,Pij,100,0.0
Stage2,Scenario48,Pij,101,0.0
Stage2,Scenario48,Pij,102,0.0
Stage2,Scenario48,Pij,103,0.0
Stage2,Scenario48,Pij,104,0.0
Stage2,Scenario48,Pij,105,0.0
Stage2,Scenario48,Pij,106,0.0
Stage2,Scenario48,Pij,107,0.0
Stage2,Scenario48,Pij,108,0.0
Stage2,Scenario48,Pij,109,0.0
Stage2,Scenario48,Pij,11,0.0
Stage2,Scenario48,Pij,110,0.0
Stage2,Scenario48,Pij,111,0.0
Stage2,Scenario48,Pij,112,0.0
Stage2,Scenario48,Pij,113,0.0
Stage2,Scenario48,Pij,114,0.0
Stage2,Scenario48,Pij,115,0.0
Stage2,Scenario48,Pij,116,0.0
Stage2,Scenario48,Pij,117,0.0
Stage2,Scenario48,Pij,118,0.0
Stage2,Scenario48,Pij,119,0.0
Stage2,Scenario48,Pij,12,0.0
Stage2,Scenario48,Pij,13,0.0
Stage2,Scenario48,Pij,14,0.0
Stage2,Scenario48,Pij,15,0.0
Stage2,Scenario48,Pij,16,0.0
Stage2,Scenario48,Pij,17,0.0
Stage2,Scenario48,Pij,18,0.0
Stage2,Scenario48,Pij,19,0.0
Stage2,Scenario48,Pij,2,0.0
Stage2,Scenario48,Pij,20,0.0
Stage2,Scenario48,Pij,21,0.0
Stage2,Scenario48,Pij,22,0.0
Stage2,Scenario48,Pij,23,0.0
Stage2,Scenario48,Pij,24,0.0
Stage2,Scenario48,Pij,25,0.0
Stage2,Scenario48,Pij,26,0.0
Stage2,Scenario48,Pij,27,0.0
Stage2,Scenario48,Pij,28,0.0
Stage2,Scenario48,Pij,29,0.0
Stage2,Scenario48,Pij,3,0.0
Stage2,Scenario48,Pij,30,0.0
Stage2,Scenario48,Pij,31,0.0
Stage2,Scenario48,Pij,32,0.0
Stage2,Scenario48,Pij,33,0.0
Stage2,Scenario48,Pij,34,0.0
Stage2,Scenario48,Pij,35,0.0
Stage2,Scenario48,Pij,36,0.0
Stage2,Scenario48,Pij,37,0.0
Stage2,Scenario48,Pij,38,-1.28
Stage2,Scenario48,Pij,39,0.0
Stage2,Scenario48,Pij,4,0.0
Stage2,Scenario48,Pij,40,0.0
Stage2,Scenario48,Pij,41,0.0
Stage2,Scenario48,Pij,42,0.0
Stage2,Scenario48,Pij,43,0.71
Stage2,Scenario48,Pij,44,0.0
Stage2,Scenario48,Pij,45,0.0
Stage2,Scenario48,Pij,46,0.0
Stage2,Scenario48,Pij,47,0.0
Stage2,Scenario48,Pij,48,0.0
Stage2,Scenario48,Pij,49,0.0
Stage2,Scenario48,Pij,5,0.0
Stage2,Scenario48,Pij,50,0.0
Stage2,Scenario48,Pij,51,0.0
Stage2,Scenario48,Pij,52,0.0
Stage2,Scenario48,Pij,53,0.0
Stage2,Scenario48,Pij,54,0.0
Stage2,Scenario48,Pij,55,0.0
Stage2,Scenario48,Pij,56,0.0
Stage2,Scenario48,Pij,57,-1.9500000000000002
Stage2,Scenario48,Pij,58,0.0
Stage2,Scenario48,Pij,59,0.0
Stage2,Scenario48,Pij,6,0.0
Stage2,Scenario48,Pij,60,0.0
Stage2,Scenario48,Pij,61,0.0
Stage2,Scenario48,Pij,62,0.0
Stage2,Scenario48,Pij,63,0.0
Stage2,Scenario48,Pij,64,0.0
Stage2,Scenario48,Pij,65,0.0
Stage2,Scenario48,Pij,66,0.0
Stage2,Scenario48,Pij,67,0.0
Stage2,Scenario48,Pij,68,0.0
Stage2,Scenario48,Pij,69,0.0
Stage2,Scenario48,Pij,7,0.0
Stage2,Scenario48,Pij,70,0.0
Stage2,Scenario48,Pij,71,0.0
Stage2,Scenario48,Pij,72,0.0
Stage2,Scenario48,Pij,73,0.0
Stage2,Scenario48,Pij,74,0.0
Stage2,Scenario48,Pij,75,0.0
Stage2,Scenario48,Pij,76,0.0
Stage2,Scenario48,Pij,77,0.0
Stage2,Scenario48,Pij,78,0.0
Stage2,Scenario48,Pij,79,0.0
Stage2,Scenario48,Pij,8,0.0
Stage2,Scenario48,Pij,80,0.0
Stage2,Scenario48,Pij,81,0.0
Stage2,Scenario48,Pij,82,0.0
Stage2,Scenario48,Pij,83,0.0
Stage2,Scenario48,Pij,84,0.0
Stage2,Scenario48,Pij,85,0.0
Stage2,Scenario48,Pij,86,0.0
Stage2,Scenario48,Pij,87,0.0
Stage2,Scenario48,Pij,88,0.0
Stage2,Scenario48,Pij,89,0.0
Stage2,Scenario48,Pij,9,0.0
Stage2,Scenario48,Pij,90,0.0
Stage2,Scenario48,Pij,91,0.0
Stage2,Scenario48,Pij,92,0.0
Stage2,Scenario48,Pij,93,0.0
Stage2,Scenario48,Pij,94,0.0
Stage2,Scenario48,Pij,95,0.0
Stage2,Scenario48,Pij,96,0.0
Stage2,Scenario48,Pij,97,0.0
Stage2,Scenario48,Pij,98,0.0
Stage2,Scenario48,Pij,99,0.0
Stage2,Scenario48,bus_gen,0:0,0.07999999999999834
Stage2,Scenario48,bus_gen,0:1,0.07999999999999834
Stage2,Scenario48,bus_gen,0:113,0.0
Stage2,Scenario48,bus_gen,0:117,0.0
Stage2,Scenario48,bus_gen,0:118,0.0
Stage2,Scenario48,bus_gen,0:119,0.0
Stage2,Scenario48,bus_gen,0:2,0.56
Stage2,Scenario48,bus_gen,0:3,0.56
Stage2,Scenario48,bus_gen,1:112,0.0
Stage2,Scenario48,bus_gen,1:114,0.0
Stage2,Scenario48,bus_gen,1:4,0.0799999999999983
Stage2,Scenario48,bus_gen,1:5,0.0799999999999983
Stage2,Scenario48,bus_gen,1:6,0.56
Stage2,Scenario48,bus_gen,1:7,0.56
Stage2,Scenario48,bus_gen,12:10,0.4285
Stage2,Scenario48,bus_gen,12:109,0.9359999999999998
Stage2,Scenario48,bus_gen,12:11,0.4285
Stage2,Scenario48,bus_gen,12:12,0.4285
Stage2,Scenario48,bus_gen,12:9,0.4285
Stage2,Scenario48,bus_gen,13:72,0.0
Stage2,Scenario48,bus_gen,14:13,0.11999999999999998
Stage2,Scenario48,bus_gen,14:14,0.11999999999999998
Stage2,Scenario48,bus_gen,14:15,1.55
Stage2,Scenario48,bus_gen,15:16,1.2500000000000002
Stage2,Scenario48,bus_gen,17:141,0.09300000000000001
Stage2,Scenario48,bus_gen,17:142,0.09699999999999999
Stage2,Scenario48,bus_gen,17:143,0.09399999999999994
Stage2,Scenario48,bus_gen,17:144,0.091
Stage2,Scenario48,bus_gen,17:145,0.091
Stage2,Scenario48,bus_gen,17:146,0.09699999999999999
Stage2,Scenario48,bus_gen,17:148,0.11800000000000001
Stage2,Scenario48,bus_gen,17:149,0.11199999999999999
Stage2,Scenario48,bus_gen,17:150,0.10300000000000001
Stage2,Scenario48,bus_gen,17:151,0.045
Stage2,Scenario48,bus_gen,17:17,2.3890000000000002
Stage2,Scenario48,bus_gen,18:121,0.6659999999999999
Stage2,Scenario48,bus_gen,2:120,0.6150000000000007
Stage2,Scenario48,bus_gen,20:73,3.96
Stage2,Scenario48,bus_gen,21:156,0.0
Stage2,Scenario48,bus_gen,21:74,0.0
Stage2,Scenario48,bus_gen,21:75,0.0
Stage2,Scenario48,bus_gen,21:76,0.0
Stage2,Scenario48,bus_gen,21:77,0.0
Stage2,Scenario48,bus_gen,21:78,0.0
Stage2,Scenario48,bus_gen,21:79,0.0
Stage2,Scenario48,bus_gen,22:18,0.6199999999999983
Stage2,Scenario48,bus_gen,22:19,1.3999999999999986
Stage2,Scenario48,bus_gen,22:20,0.21999999999999886
Stage2,Scenario48,bus_gen,22:21,0.21999999999999886
Stage2,Scenario48,bus_gen,22:22,0.21999999999999886
Stage2,Scenario48,bus_gen,24:23,0.2
Stage2,Scenario48,bus_gen,24:24,0.2
Stage2,Scenario48,bus_gen,24:25,0.76
Stage2,Scenario48,bus_gen,24:80,0.5
Stage2,Scenario48,bus_gen,25:26,0.0799999999999983
Stage2,Scenario48,bus_gen,25:27,0.0799999999999983
Stage2,Scenario48,bus_gen,25:28,0.56
Stage2,Scenario48,bus_gen,25:29,0.56
Stage2,Scenario48,bus_gen,3:115,0.268
Stage2,Scenario48,bus_gen,30:30,0.55
Stage2,Scenario48,bus_gen,30:31,0.55
Stage2,Scenario48,bus_gen,35:116,1.9500000000000002
Stage2,Scenario48,bus_gen,36:152,0.0
Stage2,Scenario48,bus_gen,36:32,3.136
Stage2,Scenario48,bus_gen,36:33,0.21999999999999886
Stage2,Scenario48,bus_gen,36:34,0.21999999999999886
Stage2,Scenario48,bus_gen,37:81,0.0
Stage2,Scenario48,bus_gen,38:111,1.251
Stage2,Scenario48,bus_gen,38:35,0.55
Stage2,Scenario48,bus_gen,38:36,0.55
Stage2,Scenario48,bus_gen,38:82,0.5
Stage2,Scenario48,bus_gen,38:83,0.0
Stage2,Scenario48,bus_gen,38:84,0.31899999999999995
Stage2,Scenario48,bus_gen,39:37,1.25
Stage2,Scenario48,bus_gen,41:38,3.33
Stage2,Scenario48,bus_gen,44:39,1.6999999999999984
Stage2,Scenario48,bus_gen,45:85,0.0
Stage2,Scenario48,bus_gen,45:86,0.0
Stage2,Scenario48,bus_gen,45:87,0.0
Stage2,Scenario48,bus_gen,45:88,0.0
Stage2,Scenario48,bus_gen,45:89,0.0
Stage2,Scenario48,bus_gen,45:90,0.0
Stage2,Scenario48,bus_gen,46:40,0.6199999999999983
Stage2,Scenario48,bus_gen,46:41,0.6199999999999983
Stage2,Scenario48,bus_gen,46:42,1.3999999999999986
Stage2,Scenario48,bus_gen,46:43,0.21999999999999886
Stage2,Scenario48,bus_gen,46:44,0.21999999999999886
Stage2,Scenario48,bus_gen,46:45,0.21999999999999886
Stage2,Scenario48,bus_gen,48:46,0.2
Stage2,Scenario48,bus_gen,48:47,0.2
Stage2,Scenario48,bus_gen,48:48,0.34
Stage2,Scenario48,bus_gen,48:49,0.34
Stage2,Scenario48,bus_gen,49:50,0.2
Stage2,Scenario48,bus_gen,49:51,0.2
Stage2,Scenario48,bus_gen,49:52,0.285
Stage2,Scenario48,bus_gen,49:53,0.285
Stage2,Scenario48,bus_gen,50:155,1.7999999999999998
Stage2,Scenario48,bus_gen,54:54,0.55
Stage2,Scenario48,bus_gen,54:55,0.55
Stage2,Scenario48,bus_gen,55:122,1.0090000000000001
Stage2,Scenario48,bus_gen,56:153,1.483
Stage2,Scenario48,bus_gen,57:103,0.517
Stage2,Scenario48,bus_gen,57:106,0.5159999999999999
Stage2,Scenario48,bus_gen,59:105,0.0
Stage2,Scenario48,bus_gen,6:8,3.136
Stage2,Scenario48,bus_gen,60:102,0.0
Stage2,Scenario48,bus_gen,60:123,0.0
Stage2,Scenario48,bus_gen,60:124,0.08900000000000141
Stage2,Scenario48,bus_gen,60:125,0.654
Stage2,Scenario48,bus_gen,60:126,0.0
Stage2,Scenario48,bus_gen,60:127,0.0
Stage2,Scenario48,bus_gen,60:128,0.0
Stage2,Scenario48,bus_gen,60:129,0.0
Stage2,Scenario48,bus_gen,60:130,0.0
Stage2,Scenario48,bus_gen,60:131,0.0
Stage2,Scenario48,bus_gen,60:132,0.0
Stage2,Scenario48,bus_gen,60:133,0.0
Stage2,Scenario48,bus_gen,60:134,0.0
Stage2,Scenario48,bus_gen,60:138,0.0
Stage2,Scenario48,bus_gen,60:157,0.0
Stage2,Scenario48,bus_gen,60:56,1.9069999999999985
Stage2,Scenario48,bus_gen,60:99,0.0
Stage2,Scenario48,bus_gen,61:100,0.927
Stage2,Scenario48,bus_gen,61:101,0.0
Stage2,Scenario48,bus_gen,61:91,0.0
Stage2,Scenario48,bus_gen,61:97,0.516
Stage2,Scenario48,bus_gen,61:98,0.4969999999999999
Stage2,Scenario48,bus_gen,62:57,0.11999999999999998
Stage2,Scenario48,bus_gen,62:58,0.11999999999999998
Stage2,Scenario48,bus_gen,62:59,0.11999999999999998
Stage2,Scenario48,bus_gen,62:60,0.11999999999999998
Stage2,Scenario48,bus_gen,62:61,0.11999999999999998
Stage2,Scenario48,bus_gen,62:62,0.5499999999999999
Stage2,Scenario48,bus_gen,62:63,0.5499999999999999
Stage2,Scenario48,bus_gen,62:64,0.5499999999999999
Stage2,Scenario48,bus_gen,63:65,1.2500000000000002
Stage2,Scenario48,bus_gen,64:154,0.0
Stage2,Scenario48,bus_gen,65:66,3.33
Stage2,Scenario48,bus_gen,66:110,1.8099999999999998
Stage2,Scenario48,bus_gen,67:135,0.0
Stage2,Scenario48,bus_gen,67:136,0.21099999999999997
Stage2,Scenario48,bus_gen,67:137,0.28300000000000003
Stage2,Scenario48,bus_gen,67:139,0.27
Stage2,Scenario48,bus_gen,67:140,0.0
Stage2,Scenario48,bus_gen,67:147,0.0
Stage2,Scenario48,bus_gen,67:96,0.516
Stage2,Scenario48,bus_gen,68:67,1.6999999999999984
Stage2,Scenario48,bus_gen,69:68,0.21999999999999886
Stage2,Scenario48,bus_gen,69:69,0.21999999999999886
Stage2,Scenario48,bus_gen,69:92,0.0
Stage2,Scenario48,bus_gen,69:93,0.0
Stage2,Scenario48,bus_gen,69:94,0.0
Stage2,Scenario48,bus_gen,69:95,0.0
Stage2,Scenario48,bus_gen,70:70,1.6999999999999984
Stage2,Scenario48,bus_gen,70:71,1.6999999999999984
Stage2,Scenario48,bus_gen,71:104,0.0
Stage2,Scenario48,bus_gen,71:107,0.0
Stage2,Scenario48,bus_gen,71:108,0.0
Stage2,Scenario48,cvar,None,84.90000000000006
Stage2,Scenario48,gen_curtailment,0:0,0.07999999999999834
Stage2,Scenario48,gen_curtailment,0:1,0.07999999999999834
Stage2,Scenario48,gen_curtailment,0:113,0.0
Stage2,Scenario48,gen_curtailment,0:117,0.0
Stage2,Scenario48,gen_curtailment,0:118,0.0
Stage2,Scenario48,gen_curtailment,0:119,0.0
Stage2,Scenario48,gen_curtailment,0:2,0.020000000000000018
Stage2,Scenario48,gen_curtailment,0:3,0.020000000000000018
Stage2,Scenario48,gen_curtailment,1:112,0.0
Stage2,Scenario48,gen_curtailment,1:114,0.0
Stage2,Scenario48,gen_curtailment,1:4,0.0
Stage2,Scenario48,gen_curtailment,1:5,0.0
Stage2,Scenario48,gen_curtailment,1:6,0.15499999999999836
Stage2,Scenario48,gen_curtailment,1:7,0.15499999999999836
Stage2,Scenario48,gen_curtailment,12:10,0.0
Stage2,Scenario48,gen_curtailment,12:109,0.0
Stage2,Scenario48,gen_curtailment,12:11,0.0
Stage2,Scenario48,gen_curtailment,12:12,0.0
Stage2,Scenario48,gen_curtailment,12:9,0.0
Stage2,Scenario48,gen_curtailment,13:72,0.0
Stage2,Scenario48,gen_curtailment,14:13,0.0
Stage2,Scenario48,gen_curtailment,14:14,0.0
Stage2,Scenario48,gen_curtailment,14:15,0.0
Stage2,Scenario48,gen_curtailment,15:16,0.24999999999999944
Stage2,Scenario48,gen_curtailment,17:141,0.0
Stage2,Scenario48,gen_curtailment,17:142,0.0
Stage2,Scenario48,gen_curtailment,17:143,0.0
Stage2,Scenario48,gen_curtailment,17:144,0.0
Stage2,Scenario48,gen_curtailment,17:145,0.0
Stage2,Scenario48,gen_curtailment,17:146,0.0
Stage2,Scenario48,gen_curtailment,17:148,0.0
Stage2,Scenario48,gen_curtailment,17:149,0.0
Stage2,Scenario48,gen_curtailment,17:150,0.0
Stage2,Scenario48,gen_curtailment,17:151,0.0
Stage2,Scenario48,gen_curtailment,17:17,0.0
Stage2,Scenario48,gen_curtailment,18:121,0.0
Stage2,Scenario48,gen_curtailment,2:120,0.0
Stage2,Scenario48,gen_curtailment,20:73,3.96
Stage2,Scenario48,gen_curtailment,21:156,0.0
Stage2,Scenario48,gen_curtailment,21:74,0.0
Stage2,Scenario48,gen_curtailment,21:75,0.0
Stage2,Scenario48,gen_curtailment,21:76,0.0
Stage2,Scenario48,gen_curtailment,21:77,0.0
Stage2,Scenario48,gen_curtailment,21:78,0.0
Stage2,Scenario48,gen_curtailment,21:79,0.0
Stage2,Scenario48,gen_curtailment,22:18,0.6199999999999983
Stage2,Scenario48,gen_curtailment,22:19,0.11999999999999854
Stage2,Scenario48,gen_curtailment,22:20,0.21999999999999886
Stage2,Scenario48,gen_curtailment,22:21,0.21999999999999886
Stage2,Scenario48,gen_curtailment,22:22,0.21999999999999886
Stage2,Scenario48,gen_curtailment,24:23,0.0
Stage2,Scenario48,gen_curtailment,24:24,0.0
Stage2,Scenario48,gen_curtailment,24:25,0.0
Stage2,Scenario48,gen_curtailment,24:80,0.0
Stage2,Scenario48,gen_curtailment,25:26,0.0
Stage2,Scenario48,gen_curtailment,25:27,0.0
Stage2,Scenario48,gen_curtailment,25:28,0.15499999999999836
Stage2,Scenario48,gen_curtailment,25:29,0.15499999999999836
Stage2,Scenario48,gen_curtailment,3:115,0.0
Stage2,Scenario48,gen_curtailment,30:30,0.0
Stage2,Scenario48,gen_curtailment,30:31,0.0
Stage2,Scenario48,gen_curtailment,35:116,0.0
Stage2,Scenario48,gen_curtailment,36:152,0.0
Stage2,Scenario48,gen_curtailment,36:32,0.4860000000000002
Stage2,Scenario48,gen_curtailment,36:33,0.21999999999999886
Stage2,Scenario48,gen_curtailment,36:34,0.21999999999999886
Stage2,Scenario48,gen_curtailment,37:81,0.0
Stage2,Scenario48,gen_curtailment,38:111,0.0
Stage2,Scenario48,gen_curtailment,38:35,0.0
Stage2,Scenario48,gen_curtailment,38:36,0.0
Stage2,Scenario48,gen_curtailment,38:82,0.0
Stage2,Scenario48,gen_curtailment,38:83,0.0
Stage2,Scenario48,gen_curtailment,38:84,0.0
Stage2,Scenario48,gen_curtailment,39:37,0.25
Stage2,Scenario48,gen_curtailment,41:38,0.0
Stage2,Scenario48,gen_curtailment,44:39,1.6999999999999984
Stage2,Scenario48,gen_curtailment,45:85,0.0
Stage2,Scenario48,gen_curtailment,45:86,0.0
Stage2,Scenario48,gen_curtailment,45:87,0.0
Stage2,Scenario48,gen_curtailment,45:88,0.0
Stage2,Scenario48,gen_curtailment,45:89,0.0
Stage2,Scenario48,gen_curtailment,45:90,0.0
Stage2,Scenario48,gen_curtailment,46:40,0.6199999999999983
Stage2,Scenario48,gen_curtailment,46:41,0.6199999999999983
Stage2,Scenario48,gen_curtailment,46:42,1.3999999999999986
Stage2,Scenario48,gen_curtailment,46:43,0.21999999999999886
Stage2,Scenario48,gen_curtailment,46:44,0.21999999999999886
Stage2,Scenario48,gen_curtailment,46:45,0.21999999999999886
Stage2,Scenario48,gen_curtailment,48:46,0.0
Stage2,Scenario48,gen_curtailment,48:47,0.0
Stage2,Scenario48,gen_curtailment,48:48,0.0
Stage2,Scenario48,gen_curtailment,48:49,0.0
Stage2,Scenario48,gen_curtailment,49:50,0.0
Stage2,Scenario48,gen_curtailment,49:51,0.0
Stage2,Scenario48,gen_curtailment,49:52,0.0
Stage2,Scenario48,gen_curtailment,49:53,0.0
Stage2,Scenario48,gen_curtailment,50:155,0.0
Stage2,Scenario48,gen_curtailment,54:54,0.0
Stage2,Scenario48,gen_curtailment,54:55,0.0
Stage2,Scenario48,gen_curtailment,55:122,0.0
Stage2,Scenario48,gen_curtailment,56:153,0.0
Stage2,Scenario48,gen_curtailment,57:103,0.0
Stage2,Scenario48,gen_curtailment,57:106,0.0
Stage2,Scenario48,gen_curtailment,59:105,0.0
Stage2,Scenario48,gen_curtailment,6:8,0.17599999999999572
Stage2,Scenario48,gen_curtailment,60:102,0.0
Stage2,Scenario48,gen_curtailment,60:123,0.0
Stage2,Scenario48,gen_curtailment,60:124,0.0
Stage2,Scenario48,gen_curtailment,60:125,0.0
Stage2,Scenario48,gen_curtailment,60:126,0.0
Stage2,Scenario48,gen_curtailment,60:127,0.0
Stage2,Scenario48,gen_curtailment,60:128,0.0
Stage2,Scenario48,gen_curtailment,60:129,0.0
Stage2,Scenario48,gen_curtailment,60:130,0.0
Stage2,Scenario48,gen_curtailment,60:131,0.0
Stage2,Scenario48,gen_curtailment,60:132,0.0
Stage2,Scenario48,gen_curtailment,60:133,0.0
Stage2,Scenario48,gen_curtailment,60:134,0.0
Stage2,Scenario48,gen_curtailment,60:138,0.0
Stage2,Scenario48,gen_curtailment,60:157,0.0
Stage2,Scenario48,gen_curtailment,60:56,0.0
Stage2,Scenario48,gen_curtailment,60:99,0.0
Stage2,Scenario48,gen_curtailment,61:100,0.0
Stage2,Scenario48,gen_curtailment,61:101,0.0
Stage2,Scenario48,gen_curtailment,61:91,0.0
Stage2,Scenario48,gen_curtailment,61:97,0.0
Stage2,Scenario48,gen_curtailment,61:98,0.0
Stage2,Scenario48,gen_curtailment,62:57,0.0
Stage2,Scenario48,gen_curtailment,62:58,0.0
Stage2,Scenario48,gen_curtailment,62:59,0.0
Stage2,Scenario48,gen_curtailment,62:60,0.0
Stage2,Scenario48,gen_curtailment,62:61,0.0
Stage2,Scenario48,gen_curtailment,62:62,0.0
Stage2,Scenario48,gen_curtailment,62:63,0.0
Stage2,Scenario48,gen_curtailment,62:64,0.0
Stage2,Scenario48,gen_curtailment,63:65,0.2500000000000002
Stage2,Scenario48,gen_curtailment,64:154,0.0
Stage2,Scenario48,gen_curtailment,65:66,0.0
Stage2,Scenario48,gen_curtailment,66:110,0.0
Stage2,Scenario48,gen_curtailment,67:135,0.0
Stage2,Scenario48,gen_curtailment,67:136,0.0
Stage2,Scenario48,gen_curtailment,67:137,0.0
Stage2,Scenario48,gen_curtailment,67:139,0.0
Stage2,Scenario48,gen_curtailment,67:140,0.0
Stage2,Scenario48,gen_curtailment,67:147,0.0
Stage2,Scenario48,gen_curtailment,67:96,0.0
Stage2,Scenario48,gen_curtailment,68:67,1.6999999999999984
Stage2,Scenario48,gen_curtailment,69:68,0.21999999999999886
Stage2,Scenario48,gen_curtailment,69:69,0.21999999999999886
Stage2,Scenario48,gen_curtailment,69:92,0.0
Stage2,Scenario48,gen_curtailment,69:93,0.0
Stage2,Scenario48,gen_curtailment,69:94,0.0
Stage2,Scenario48,gen_curtailment,69:95,0.0
Stage2,Scenario48,gen_curtailment,70:70,1.6999999999999984
Stage2,Scenario48,gen_curtailment,70:71,1.6999999999999984
Stage2,Scenario48,gen_curtailment,71:104,0.0
Stage2,Scenario48,gen_curtailment,71:107,0.0
Stage2,Scenario48,gen_curtailment,71:108,0.0
Stage2,Scenario48,load_shed,0,0.0
Stage2,Scenario48,load_shed,1,0.0
Stage2,Scenario48,load_shed,10,0.0
Stage2,Scenario48,load_shed,11,0.0
Stage2,Scenario48,load_shed,12,0.0
Stage2,Scenario48,load_shed,13,1.94
Stage2,Scenario48,load_shed,14,1.3799999999999997
Stage2,Scenario48,load_shed,15,0.0
Stage2,Scenario48,load_shed,16,0.0
Stage2,Scenario48,load_shed,17,0.0
Stage2,Scenario48,load_shed,18,1.1440000000000001
Stage2,Scenario48,load_shed,19,0.0
Stage2,Scenario48,load_shed,2,1.1849999999999994
Stage2,Scenario48,load_shed,20,0.0
Stage2,Scenario48,load_shed,21,0.0
Stage2,Scenario48,load_shed,22,0.0
Stage2,Scenario48,load_shed,23,0.0
Stage2,Scenario48,load_shed,24,0.1300000000000001
Stage2,Scenario48,load_shed,25,0.0
Stage2,Scenario48,load_shed,26,1.7999999999999998
Stage2,Scenario48,load_shed,27,0.74
Stage2,Scenario48,load_shed,28,0.0
Stage2,Scenario48,load_shed,29,1.36
Stage2,Scenario48,load_shed,3,0.47200000000000003
Stage2,Scenario48,load_shed,30,0.1499999999999999
Stage2,Scenario48,load_shed,31,1.71
Stage2,Scenario48,load_shed,32,1.75
Stage2,Scenario48,load_shed,33,0.0
Stage2,Scenario48,load_shed,34,0.0
Stage2,Scenario48,load_shed,35,0.0
Stage2,Scenario48,load_shed,36,0.0
Stage2,Scenario48,load_shed,37,1.94
Stage2,Scenario48,load_shed,38,0.0
Stage2,Scenario48,load_shed,39,0.0
Stage2,Scenario48,load_shed,4,0.71
Stage2,Scenario48,load_shed,40,0.0
Stage2,Scenario48,load_shed,41,0.0
Stage2,Scenario48,load_shed,42,1.8099999999999998
Stage2,Scenario48,load_shed,43,1.28
Stage2,Scenario48,load_shed,44,0.0
Stage2,Scenario48,load_shed,45,0.0
Stage2,Scenario48,load_shed,46,0.0
Stage2,Scenario48,load_shed,47,0.0
Stage2,Scenario48,load_shed,48,0.0
Stage2,Scenario48,load_shed,49,0.0
Stage2,Scenario48,load_shed,5,1.36
Stage2,Scenario48,load_shed,50,0.0
Stage2,Scenario48,load_shed,51,0.74
Stage2,Scenario48,load_shed,52,0.71
Stage2,Scenario48,load_shed,53,1.36
Stage2,Scenario48,load_shed,54,0.1499999999999999
Stage2,Scenario48,load_shed,55,0.7009999999999998
Stage2,Scenario48,load_shed,56,0.2669999999999999
Stage2,Scenario48,load_shed,57,0.9169999999999998
Stage2,Scenario48,load_shed,58,0.0
Stage2,Scenario48,load_shed,59,0.0
Stage2,Scenario48,load_shed,6,0.0
Stage2,Scenario48,load_shed,60,0.0
Stage2,Scenario48,load_shed,61,0.0
Stage2,Scenario48,load_shed,62,0.9199999999999998
Stage2,Scenario48,load_shed,63,0.0
Stage2,Scenario48,load_shed,64,0.0
Stage2,Scenario48,load_shed,65,0.0
Stage2,Scenario48,load_shed,66,0.0
Stage2,Scenario48,load_shed,67,0.0
Stage2,Scenario48,load_shed,68,0.0
Stage2,Scenario48,load_shed,69,0.0
Stage2,Scenario48,load_shed,7,0.0
Stage2,Scenario48,load_shed,70,0.0
Stage2,Scenario48,load_shed,71,0.0
Stage2,Scenario48,load_shed,72,0.0
Stage2,Scenario48,load_shed,8,1.75
Stage2,Scenario48,load_shed,9,1.95
Stage2,Scenario48,load_shed_value,None,30.32599999999999
Stage2,Scenario48,nu,None,2.872315789473691
Stage2,Scenario48,theta,0,-6.283185307179585
Stage2,Scenario48,theta,1,-6.283185307179586
Stage2,Scenario48,theta,10,6.283185307179586
Stage2,Scenario48,theta,11,6.283185307179586
Stage2,Scenario48,theta,12,0.0
Stage2,Scenario48,theta,13,-6.283185307179586
Stage2,Scenario48,theta,14,-6.283185307179586
Stage2,Scenario48,theta,15,-6.283185307179586
Stage2,Scenario48,theta,16,-6.283185307179586
Stage2,Scenario48,theta,17,-6.283185307179586
Stage2,Scenario48,theta,18,-6.283185307179586
Stage2,Scenario48,theta,19,-6.283185307179585
Stage2,Scenario48,theta,2,6.283185307179586
Stage2,Scenario48,theta,20,6.283185307179586
Stage2,Scenario48,theta,21,6.283185307179586
Stage2,Scenario48,theta,22,-6.2550253071795865
Stage2,Scenario48,theta,23,6.283185307179586
Stage2,Scenario48,theta,24,-6.2228353071795866
Stage2,Scenario48,theta,25,-6.283185307179586
Stage2,Scenario48,theta,26,6.283185307179586
Stage2,Scenario48,theta,27,-6.283185307179586
Stage2,Scenario48,theta,28,-6.283185307179586
Stage2,Scenario48,theta,29,-6.283185307179586
Stage2,Scenario48,theta,3,6.283185307179586
Stage2,Scenario48,theta,30,-6.283185307179586
Stage2,Scenario48,theta,31,-6.283185307179586
Stage2,Scenario48,theta,32,-6.283185307179586
Stage2,Scenario48,theta,33,-6.283185307179586
Stage2,Scenario48,theta,34,-6.283185307179586
Stage2,Scenario48,theta,35,-6.116928307179586
Stage2,Scenario48,theta,36,-6.283185307179586
Stage2,Scenario48,theta,37,-6.283185307179586
Stage2,Scenario48,theta,38,-6.283185307179586
Stage2,Scenario48,theta,39,-6.283185307179586
Stage2,Scenario48,theta,4,-6.283185307179586
Stage2,Scenario48,theta,40,-6.283185307179586
Stage2,Scenario48,theta,41,-6.283185307179586
Stage2,Scenario48,theta,42,-6.283185307179586
Stage2,Scenario48,theta,43,-6.283185307179586
Stage2,Scenario48,theta,44,6.283185307179586
Stage2,Scenario48,theta,45,6.283185307179586
Stage2,Scenario48,theta,46,-6.283185307179586
Stage2,Scenario48,theta,47,6.283185307179586
Stage2,Scenario48,theta,48,-6.283185307179586
Stage2,Scenario48,theta,49,-6.283185307179586
Stage2,Scenario48,theta,5,-6.283185307179586
Stage2,Scenario48,theta,50,-6.283185307179586
Stage2,Scenario48,theta,51,-6.283185307179586
Stage2,Scenario48,theta,52,-6.283185307179586
Stage2,Scenario48,theta,53,-6.283185307179586
Stage2,Scenario48,theta,54,-6.283185307179586
Stage2,Scenario48,theta,55,-6.283185307179586
Stage2,Scenario48,theta,56,-6.283185307179586
Stage2,Scenario48,theta,57,-6.283185307179586
Stage2,Scenario48,theta,58,6.283185307179586
Stage2,Scenario48,theta,59,-6.283185307179586
Stage2,Scenario48,theta,6,-6.178875307178513
Stage2,Scenario48,theta,60,6.283185307179586
Stage2,Scenario48,theta,61,6.283185307179586
Stage2,Scenario48,theta,62,-6.283185307179586
Stage2,Scenario48,theta,63,-6.283185307179586
Stage2,Scenario48,theta,64,-6.283185307179586
Stage2,Scenario48,theta,65,-6.283185307179586
Stage2,Scenario48,theta,66,6.283185307179586
Stage2,Scenario48,theta,67,-6.063185307180742
Stage2,Scenario48,theta,68,6.283185307179586
Stage2,Scenario48,theta,69,6.283185307179586
Stage2,Scenario48,theta,7,-6.283185307179586
Stage2,Scenario48,theta,70,-6.283185307179586
Stage2,Scenario48,theta,71,6.283185307179586
Stage2,Scenario48,theta,72,0.0
Stage2,Scenario48,theta,8,6.283185307179586
Stage2,Scenario48,theta,9,-6.283185307179586
Stage2,Scenario48,xij,0,0.0
Stage2,Scenario48,xij,1,0.0
Stage2,Scenario48,xij,10,1.0
Stage2,Scenario48,xij,100,0.0
Stage2,Scenario48,xij,101,0.0
Stage2,Scenario48,xij,102,0.0
Stage2,Scenario48,xij,103,0.0
Stage2,Scenario48,xij,104,0.0
Stage2,Scenario48,xij,105,0.0
Stage2,Scenario48,xij,106,0.0
Stage2,Scenario48,xij,107,0.0
Stage2,Scenario48,xij,108,0.0
Stage2,Scenario48,xij,109,0.0
Stage2,Scenario48,xij,11,0.0
Stage2,Scenario48,xij,110,0.0
Stage2,Scenario48,xij,111,0.0
Stage2,Scenario48,xij,112,0.0
Stage2,Scenario48,xij,113,0.0
Stage2,Scenario48,xij,114,0.0
Stage2,Scenario48,xij,115,0.0
Stage2,Scenario48,xij,116,0.0
Stage2,Scenario48,xij,117,0.0
Stage2,Scenario48,xij,118,0.0
Stage2,Scenario48,xij,119,0.0
Stage2,Scenario48,xij,12,0.0
Stage2,Scenario48,xij,13,0.0
Stage2,Scenario48,xij,14,0.0
Stage2,Scenario48,xij,15,0.0
Stage2,Scenario48,xij,16,0.0
Stage2,Scenario48,xij,17,0.0
Stage2,Scenario48,xij,18,0.0
Stage2,Scenario48,xij,19,0.0
Stage2,Scenario48,xij,2,0.0
Stage2,Scenario48,xij,20,0.0
Stage2,Scenario48,xij,21,0.0
Stage2,Scenario48,xij,22,0.0
Stage2,Scenario48,xij,23,0.0
Stage2,Scenario48,xij,24,0.0
Stage2,Scenario48,xij,25,0.0
Stage2,Scenario48,xij,26,0.0
Stage2,Scenario48,xij,27,0.0
Stage2,Scenario48,xij,28,0.0
Stage2,Scenario48,xij,29,1.0
Stage2,Scenario48,xij,3,0.0
Stage2,Scenario48,xij,30,0.0
Stage2,Scenario48,xij,31,0.0
Stage2,Scenario48,xij,32,0.0
Stage2,Scenario48,xij,33,0.0
Stage2,Scenario48,xij,34,0.0
Stage2,Scenario48,xij,35,0.0
Stage2,Scenario48,xij,36,0.0
Stage2,Scenario48,xij,37,0.0
Stage2,Scenario48,xij,38,1.0
Stage2,Scenario48,xij,39,0.0
Stage2,Scenario48,xij,4,0.0
Stage2,Scenario48,xij,40,0.0
Stage2,Scenario48,xij,41,0.0
Stage2,Scenario48,xij,42,0.0
Stage2,Scenario48,xij,43,1.0
Stage2,Scenario48,xij,44,0.0
Stage2,Scenario48,xij,45,0.0
Stage2,Scenario48,xij,46,0.0
Stage2,Scenario48,xij,47,0.0
Stage2,Scenario48,xij,48,0.0
Stage2,Scenario48,xij,49,0.0
Stage2,Scenario48,xij,5,0.0
Stage2,Scenario48,xij,50,0.0
Stage2,Scenario48,xij,51,0.0
Stage2,Scenario48,xij,52,0.0
Stage2,Scenario48,xij,53,0.0
Stage2,Scenario48,xij,54,0.0
Stage2,Scenario48,xij,55,0.0
Stage2,Scenario48,xij,56,0.0
Stage2,Scenario48,xij,57,1.0
Stage2,Scenario48,xij,58,1.0
Stage2,Scenario48,xij,59,0.0
Stage2,Scenario48,xij,6,0.0
Stage2,Scenario48,xij,60,0.0
Stage2,Scenario48,xij,61,0.0
Stage2,Scenario48,xij,62,0.0
Stage2,Scenario48,xij,63,0.0
Stage2,Scenario48,xij,64,0.0
Stage2,Scenario48,xij,65,0.0
Stage2,Scenario48,xij,66,0.0
Stage2,Scenario48,xij,67,0.0
Stage2,Scenario48,xij,68,0.0
Stage2,Scenario48,xij,69,0.0
Stage2,Scenario48,xij,7,0.0
Stage2,Scenario48,xij,70,0.0
Stage2,Scenario48,xij,71,0.0
Stage2,Scenario48,xij,72,0.0
Stage2,Scenario48,xij,73,0.0
Stage2,Scenario48,xij,74,0.0
Stage2,Scenario48,xij,75,0.0
Stage2,Scenario48,xij,76,0.0
Stage2,Scenario48,xij,77,0.0
Stage2,Scenario48,xij,78,0.0
Stage2,Scenario48,xij,79,0.0
Stage2,Scenario48,xij,8,0.0
Stage2,Scenario48,xij,80,0.0
Stage2,Scenario48,xij,81,0.0
Stage2,Scenario48,xij,82,0.0
Stage2,Scenario48,xij,83,0.0
Stage2,Scenario48,xij,84,0.0
Stage2,Scenario48,xij,85,0.0
Stage2,Scenario48,xij,86,0.0
Stage2,Scenario48,xij,87,0.0
Stage2,Scenario48,xij,88,0.0
Stage2,Scenario48,xij,89,0.0
Stage2,Scenario48,xij,9,0.0
Stage2,Scenario48,xij,90,0.0
Stage2,Scenario48,xij,91,0.0
Stage2,Scenario48,xij,92,0.0
Stage2,Scenario48,xij,93,0.0
Stage2,Scenario48,xij,94,0.0
Stage2,Scenario48,xij,95,0.0
Stage2,Scenario48,xij,96,0.0
Stage2,Scenario48,xij,97,0.0
Stage2,Scenario48,xij,98,0.0
Stage2,Scenario48,xij,99,0.0
Stage2,Scenario49,Pij,0,0.0
Stage2,Scenario49,Pij,1,0.0
Stage2,Scenario49,Pij,10,1.7100000000000044
Stage2,Scenario49,Pij,100,0.0
Stage2,Scenario49,Pij,101,0.0
Stage2,Scenario49,Pij,102,0.0
Stage2,Scenario49,Pij,103,0.0
Stage2,Scenario49,Pij,104,0.0
Stage2,Scenario49,Pij,105,0.0
Stage2,Scenario49,Pij,106,0.0
Stage2,Scenario49,Pij,107,0.0
Stage2,Scenario49,Pij,108,0.0
Stage2,Scenario49,Pij,109,0.0
Stage2,Scenario49,Pij,11,0.0
Stage2,Scenario49,Pij,110,0.0
Stage2,Scenario49,Pij,111,0.0
Stage2,Scenario49,Pij,112,0.0
Stage2,Scenario49,Pij,113,0.0
Stage2,Scenario49,Pij,114,0.0
Stage2,Scenario49,Pij,115,0.0
Stage2,Scenario49,Pij,116,0.0
Stage2,Scenario49,Pij,117,0.0
Stage2,Scenario49,Pij,118,0.0
Stage2,Scenario49,Pij,119,0.0
Stage2,Scenario49,Pij,12,0.0
Stage2,Scenario49,Pij,13,0.0
Stage2,Scenario49,Pij,14,0.0
Stage2,Scenario49,Pij,15,0.0
Stage2,Scenario49,Pij,16,0.0
Stage2,Scenario49,Pij,17,0.0
Stage2,Scenario49,Pij,18,0.0
Stage2,Scenario49,Pij,19,0.0
Stage2,Scenario49,Pij,2,0.0
Stage2,Scenario49,Pij,20,0.0
Stage2,Scenario49,Pij,21,0.0
Stage2,Scenario49,Pij,22,0.0
Stage2,Scenario49,Pij,23,0.0
Stage2,Scenario49,Pij,24,0.0
Stage2,Scenario49,Pij,25,0.0
Stage2,Scenario49,Pij,26,0.0
Stage2,Scenario49,Pij,27,0.0
Stage2,Scenario49,Pij,28,0.0
Stage2,Scenario49,Pij,29,0.0
Stage2,Scenario49,Pij,3,0.0
Stage2,Scenario49,Pij,30,0.0
Stage2,Scenario49,Pij,31,0.0
Stage2,Scenario49,Pij,32,0.0
Stage2,Scenario49,Pij,33,0.0
Stage2,Scenario49,Pij,34,0.0
Stage2,Scenario49,Pij,35,0.0
Stage2,Scenario49,Pij,36,0.0
Stage2,Scenario49,Pij,37,0.0
Stage2,Scenario49,Pij,38,-1.28
Stage2,Scenario49,Pij,39,0.0
Stage2,Scenario49,Pij,4,0.0
Stage2,Scenario49,Pij,40,0.0
Stage2,Scenario49,Pij,41,0.0
Stage2,Scenario49,Pij,42,0.0
Stage2,Scenario49,Pij,43,0.71
Stage2,Scenario49,Pij,44,0.0
Stage2,Scenario49,Pij,45,0.0
Stage2,Scenario49,Pij,46,0.0
Stage2,Scenario49,Pij,47,0.0
Stage2,Scenario49,Pij,48,0.0
Stage2,Scenario49,Pij,49,0.0
Stage2,Scenario49,Pij,5,0.0
Stage2,Scenario49,Pij,50,0.0
Stage2,Scenario49,Pij,51,0.0
Stage2,Scenario49,Pij,52,0.0
Stage2,Scenario49,Pij,53,0.0
Stage2,Scenario49,Pij,54,0.0
Stage2,Scenario49,Pij,55,0.0
Stage2,Scenario49,Pij,56,0.0
Stage2,Scenario49,Pij,57,-1.95
Stage2,Scenario49,Pij,58,0.0
Stage2,Scenario49,Pij,59,0.0
Stage2,Scenario49,Pij,6,0.0
Stage2,Scenario49,Pij,60,0.0
Stage2,Scenario49,Pij,61,0.0
Stage2,Scenario49,Pij,62,0.0
Stage2,Scenario49,Pij,63,0.0
Stage2,Scenario49,Pij,64,0.0
Stage2,Scenario49,Pij,65,0.0
Stage2,Scenario49,Pij,66,0.0
Stage2,Scenario49,Pij,67,0.0
Stage2,Scenario49,Pij,68,0.0
Stage2,Scenario49,Pij,69,0.0
Stage2,Scenario49,Pij,7,0.0
Stage2,Scenario49,Pij,70,0.0
Stage2,Scenario49,Pij,71,0.0
Stage2,Scenario49,Pij,72,0.0
Stage2,Scenario49,Pij,73,0.0
Stage2,Scenario49,Pij,74,0.0
Stage2,Scenario49,Pij,75,0.0
Stage2,Scenario49,Pij,76,0.0
Stage2,Scenario49,Pij,77,0.0
Stage2,Scenario49,Pij,78,0.0
Stage2,Scenario49,Pij,79,0.0
Stage2,Scenario49,Pij,8,0.0
Stage2,Scenario49,Pij,80,-0.48000000000000576
Stage2,Scenario49,Pij,81,0.0
Stage2,Scenario49,Pij,82,0.0
Stage2,Scenario49,Pij,83,0.0
Stage2,Scenario49,Pij,84,0.0
Stage2,Scenario49,Pij,85,0.0
Stage2,Scenario49,Pij,86,0.0
Stage2,Scenario49,Pij,87,0.0
Stage2,Scenario49,Pij,88,0.0
Stage2,Scenario49,Pij,89,0.0
Stage2,Scenario49,Pij,9,0.0
Stage2,Scenario49,Pij,90,-0.7009999999999998
Stage2,Scenario49,Pij,91,0.0
Stage2,Scenario49,Pij,92,0.0
Stage2,Scenario49,Pij,93,0.0
Stage2,Scenario49,Pij,94,0.0
Stage2,Scenario49,Pij,95,0.0
Stage2,Scenario49,Pij,96,0.0
Stage2,Scenario49,Pij,97,0.0
Stage2,Scenario49,Pij,98,0.0
Stage2,Scenario49,Pij,99,0.0
Stage2,Scenario49,bus_gen,0:0,0.0799999999999983
Stage2,Scenario49,bus_gen,0:1,0.0799999999999983
Stage2,Scenario49,bus_gen,0:113,0.0
Stage2,Scenario49,bus_gen,0:117,0.0
Stage2,Scenario49,bus_gen,0:118,0.0
Stage2,Scenario49,bus_gen,0:119,0.0
Stage2,Scenario49,bus_gen,0:2,0.56
Stage2,Scenario49,bus_gen,0:3,0.56
Stage2,Scenario49,bus_gen,1:112,0.0
Stage2,Scenario49,bus_gen,1:114,0.0
Stage2,Scenario49,bus_gen,1:4,0.0799999999999983
Stage2,Scenario49,bus_gen,1:5,0.0799999999999983
Stage2,Scenario49,bus_gen,1:6,0.56
Stage2,Scenario49,bus_gen,1:7,0.56
Stage2,Scenario49,bus_gen,12:10,0.4285
Stage2,Scenario49,bus_gen,12:109,0.936
Stage2,Scenario49,bus_gen,12:11,0.4285
Stage2,Scenario49,bus_gen,12:12,0.4285
Stage2,Scenario49,bus_gen,12:9,0.4285
Stage2,Scenario49,bus_gen,13:72,0.0
Stage2,Scenario49,bus_gen,14:13,0.1200000000000001
Stage2,Scenario49,bus_gen,14:14,0.1200000000000001
Stage2,Scenario49,bus_gen,14:15,1.55
Stage2,Scenario49,bus_gen,15:16,1.2500000000000002
Stage2,Scenario49,bus_gen,17:141,0.09300000000000001
Stage2,Scenario49,bus_gen,17:142,0.09699999999999999
Stage2,Scenario49,bus_gen,17:143,0.094
Stage2,Scenario49,bus_gen,17:144,0.091
Stage2,Scenario49,bus_gen,17:145,0.091
Stage2,Scenario49,bus_gen,17:146,0.09699999999999999
Stage2,Scenario49,bus_gen,17:148,0.11800000000000001
Stage2,Scenario49,bus_gen,17:149,0.11199999999999999
Stage2,Scenario49,bus_gen,17:150,0.10300000000000001
Stage2,Scenario49,bus_gen,17:151,0.04499999999999996
Stage2,Scenario49,bus_gen,17:17,2.3890000000000002
Stage2,Scenario49,bus_gen,18:121,0.6660000000000004
Stage2,Scenario49,bus_gen,2:120,0.6150000000000007
Stage2,Scenario49,bus_gen,20:73,3.96
Stage2,Scenario49,bus_gen,21:156,0.0
Stage2,Scenario49,bus_gen,21:74,0.0
Stage2,Scenario49,bus_gen,21:75,0.0
Stage2,Scenario49,bus_gen,21:76,0.0
Stage2,Scenario49,bus_gen,21:77,0.0
Stage2,Scenario49,bus_gen,21:78,0.0
Stage2,Scenario49,bus_gen,21:79,0.0
Stage2,Scenario49,bus_gen,22:18,0.6199999999999983
Stage2,Scenario49,bus_gen,22:19,1.3999999999999986
Stage2,Scenario49,bus_gen,22:20,0.21999999999999886
Stage2,Scenario49,bus_gen,22:21,0.21999999999999886
Stage2,Scenario49,bus_gen,22:22,0.21999999999999886
Stage2,Scenario49,bus_gen,24:23,0.2
Stage2,Scenario49,bus_gen,24:24,0.2
Stage2,Scenario49,bus_gen,24:25,0.76
Stage2,Scenario49,bus_gen,24:80,0.5000000000000002
Stage2,Scenario49,bus_gen,25:26,0.0799999999999983
Stage2,Scenario49,bus_gen,25:27,0.0799999999999983
Stage2,Scenario49,bus_gen,25:28,0.5599999999999999
Stage2,Scenario49,bus_gen,25:29,0.5599999999999999
Stage2,Scenario49,bus_gen,3:115,0.268
Stage2,Scenario49,bus_gen,30:30,0.55
Stage2,Scenario49,bus_gen,30:31,0.55
Stage2,Scenario49,bus_gen,35:116,1.95
Stage2,Scenario49,bus_gen,36:152,0.0
Stage2,Scenario49,bus_gen,36:32,3.136
Stage2,Scenario49,bus_gen,36:33,0.21999999999999886
Stage2,Scenario49,bus_gen,36:34,0.21999999999999886
Stage2,Scenario49,bus_gen,37:81,0.0
Stage2,Scenario49,bus_gen,38:111,1.0699999999999998
Stage2,Scenario49,bus_gen,38:35,0.55
Stage2,Scenario49,bus_gen,38:36,0.55
Stage2,Scenario49,bus_gen,38:82,0.0
Stage2,Scenario49,bus_gen,38:83,0.5
Stage2,Scenario49,bus_gen,38:84,0.5
Stage2,Scenario49,bus_gen,39:37,1.2500000000000002
Stage2,Scenario49,bus_gen,41:38,3.33
Stage2,Scenario49,bus_gen,44:39,1.6999999999999984
Stage2,Scenario49,bus_gen,45:85,0.0
Stage2,Scenario49,bus_gen,45:86,0.0
Stage2,Scenario49,bus_gen,45:87,0.0
Stage2,Scenario49,bus_gen,45:88,0.0
Stage2,Scenario49,bus_gen,45:89,0.0
Stage2,Scenario49,bus_gen,45:90,0.0
Stage2,Scenario49,bus_gen,46:40,0.6199999999999983
Stage2,Scenario49,bus_gen,46:41,0.6199999999999983
Stage2,Scenario49,bus_gen,46:42,1.3999999999999986
Stage2,Scenario49,bus_gen,46:43,0.21999999999999872
Stage2,Scenario49,bus_gen,46:44,0.21999999999999872
Stage2,Scenario49,bus_gen,46:45,0.21999999999999872
Stage2,Scenario49,bus_gen,48:46,0.0799999999999983
Stage2,Scenario49,bus_gen,48:47,0.0799999999999983
Stage2,Scenario49,bus_gen,48:48,0.21999999999999886
Stage2,Scenario49,bus_gen,48:49,0.21999999999999886
Stage2,Scenario49,bus_gen,49:50,0.2
Stage2,Scenario49,bus_gen,49:51,0.2
Stage2,Scenario49,bus_gen,49:52,0.285
Stage2,Scenario49,bus_gen,49:53,0.285
Stage2,Scenario49,bus_gen,50:155,2.2800000000000056
Stage2,Scenario49,bus_gen,54:54,0.55
Stage2,Scenario49,bus_gen,54:55,0.55
Stage2,Scenario49,bus_gen,55:122,1.0090000000000001
Stage2,Scenario49,bus_gen,56:153,1.483
Stage2,Scenario49,bus_gen,57:103,0.517
Stage2,Scenario49,bus_gen,57:106,0.5159999999999999
Stage2,Scenario49,bus_gen,59:105,0.0
Stage2,Scenario49,bus_gen,6:8,3.136
Stage2,Scenario49,bus_gen,60:102,0.0
Stage2,Scenario49,bus_gen,60:123,0.0
Stage2,Scenario49,bus_gen,60:124,0.0
Stage2,Scenario49,bus_gen,60:125,0.0
Stage2,Scenario49,bus_gen,60:126,0.0
Stage2,Scenario49,bus_gen,60:127,0.0
Stage2,Scenario49,bus_gen,60:128,0.0
Stage2,Scenario49,bus_gen,60:129,0.0
Stage2,Scenario49,bus_gen,60:130,0.0
Stage2,Scenario49,bus_gen,60:131,0.0
Stage2,Scenario49,bus_gen,60:132,0.0
Stage2,Scenario49,bus_gen,60:133,0.652
Stage2,Scenario49,bus_gen,60:134,0.0
Stage2,Scenario49,bus_gen,60:138,0.09100000000000141
Stage2,Scenario49,bus_gen,60:157,0.0
Stage2,Scenario49,bus_gen,60:56,1.9069999999999985
Stage2,Scenario49,bus_gen,60:99,0.0
Stage2,Scenario49,bus_gen,61:100,0.9269999999999999
Stage2,Scenario49,bus_gen,61:101,0.4969999999999999
Stage2,Scenario49,bus_gen,61:91,0.0
Stage2,Scenario49,bus_gen,61:97,0.516
Stage2,Scenario49,bus_gen,61:98,0.0
Stage2,Scenario49,bus_gen,62:57,0.11999999999999998
Stage2,Scenario49,bus_gen,62:58,0.11999999999999998
Stage2,Scenario49,bus_gen,62:59,0.11999999999999998
Stage2,Scenario49,bus_gen,62:60,0.11999999999999998
Stage2,Scenario49,bus_gen,62:61,0.11999999999999998
Stage2,Scenario49,bus_gen,62:62,0.55
Stage2,Scenario49,bus_gen,62:63,0.55
Stage2,Scenario49,bus_gen,62:64,0.55
Stage2,Scenario49,bus_gen,63:65,1.2500000000000002
Stage2,Scenario49,bus_gen,64:154,0.0
Stage2,Scenario49,bus_gen,65:66,3.33
Stage2,Scenario49,bus_gen,66:110,1.8100000000000003
Stage2,Scenario49,bus_gen,67:135,0.273
Stage2,Scenario49,bus_gen,67:136,0.0
Stage2,Scenario49,bus_gen,67:137,0.28300000000000003
Stage2,Scenario49,bus_gen,67:139,0.0
Stage2,Scenario49,bus_gen,67:140,0.20799999999999996
Stage2,Scenario49,bus_gen,67:147,0.0
Stage2,Scenario49,bus_gen,67:96,0.516
Stage2,Scenario49,bus_gen,68:67,1.6999999999999984
Stage2,Scenario49,bus_gen,69:68,0.21999999999999886
Stage2,Scenario49,bus_gen,69:69,0.21999999999999886
Stage2,Scenario49,bus_gen,69:92,0.0
Stage2,Scenario49,bus_gen,69:93,0.0
Stage2,Scenario49,bus_gen,69:94,0.0
Stage2,Scenario49,bus_gen,69:95,0.0
Stage2,Scenario49,bus_gen,70:70,1.6999999999999984
Stage2,Scenario49,bus_gen,70:71,1.6999999999999984
Stage2,Scenario49,bus_gen,71:104,0.0
Stage2,Scenario49,bus_gen,71:107,0.0
Stage2,Scenario49,bus_gen,71:108,0.0
Stage2,Scenario49,cvar,None,84.89999999999996
Stage2,Scenario49,gen_curtailment,0:0,0.0
Stage2,Scenario49,gen_curtailment,0:1,0.0
Stage2,Scenario49,gen_curtailment,0:113,0.0
Stage2,Scenario49,gen_curtailment,0:117,0.0
Stage2,Scenario49,gen_curtailment,0:118,0.0
Stage2,Scenario49,gen_curtailment,0:119,0.0
Stage2,Scenario49,gen_curtailment,0:2,0.09999999999999831
Stage2,Scenario49,gen_curtailment,0:3,0.09999999999999831
Stage2,Scenario49,gen_curtailment,1:112,0.0
Stage2,Scenario49,gen_curtailment,1:114,0.0
Stage2,Scenario49,gen_curtailment,1:4,0.0799999999999983
Stage2,Scenario49,gen_curtailment,1:5,0.0799999999999983
Stage2,Scenario49,gen_curtailment,1:6,0.07500000000000007
Stage2,Scenario49,gen_curtailment,1:7,0.07500000000000007
Stage2,Scenario49,gen_curtailment,12:10,0.0
Stage2,Scenario49,gen_curtailment,12:109,0.0
Stage2,Scenario49,gen_curtailment,12:11,0.0
Stage2,Scenario49,gen_curtailment,12:12,0.0
Stage2,Scenario49,gen_curtailment,12:9,0.0
Stage2,Scenario49,gen_curtailment,13:72,0.0
Stage2,Scenario49,gen_curtailment,14:13,0.0
Stage2,Scenario49,gen_curtailment,14:14,0.0
Stage2,Scenario49,gen_curtailment,14:15,0.0
Stage2,Scenario49,gen_curtailment,15:16,0.2500000000000002
Stage2,Scenario49,gen_curtailment,17:141,0.0
Stage2,Scenario49,gen_curtailment,17:142,0.0
Stage2,Scenario49,gen_curtailment,17:143,0.0
Stage2,Scenario49,gen_curtailment,17:144,0.0
Stage2,Scenario49,gen_curtailment,17:145,0.0
Stage2,Scenario49,gen_curtailment,17:146,0.0
Stage2,Scenario49,gen_curtailment,17:148,0.0
Stage2,Scenario49,gen_curtailment,17:149,0.0
Stage2,Scenario49,gen_curtailment,17:150,0.0
Stage2,Scenario49,gen_curtailment,17:151,0.0
Stage2,Scenario49,gen_curtailment,17:17,0.0
Stage2,Scenario49,gen_curtailment,18:121,0.0
Stage2,Scenario49,gen_curtailment,2:120,0.0
Stage2,Scenario49,gen_curtailment,20:73,3.96
Stage2,Scenario49,gen_curtailment,21:156,0.0
Stage2,Scenario49,gen_curtailment,21:74,0.0
Stage2,Scenario49,gen_curtailment,21:75,0.0
Stage2,Scenario49,gen_curtailment,21:76,0.0
Stage2,Scenario49,gen_curtailment,21:77,0.0
Stage2,Scenario49,gen_curtailment,21:78,0.0
Stage2,Scenario49,gen_curtailment,21:79,0.0
Stage2,Scenario49,gen_curtailment,22:18,0.0
Stage2,Scenario49,gen_curtailment,22:19,1.3999999999999935
Stage2,Scenario49,gen_curtailment,22:20,0.0
Stage2,Scenario49,gen_curtailment,22:21,0.0
Stage2,Scenario49,gen_curtailment,22:22,0.0
Stage2,Scenario49,gen_curtailment,24:23,0.0
Stage2,Scenario49,gen_curtailment,24:24,0.0
Stage2,Scenario49,gen_curtailment,24:25,0.0
Stage2,Scenario49,gen_curtailment,24:80,0.0
Stage2,Scenario49,gen_curtailment,25:26,0.0
Stage2,Scenario49,gen_curtailment,25:27,0.0
Stage2,Scenario49,gen_curtailment,25:28,0.15499999999999825
Stage2,Scenario49,gen_curtailment,25:29,0.15499999999999825
Stage2,Scenario49,gen_curtailment,3:115,0.0
Stage2,Scenario49,gen_curtailment,30:30,0.0
Stage2,Scenario49,gen_curtailment,30:31,0.0
Stage2,Scenario49,gen_curtailment,35:116,0.0
Stage2,Scenario49,gen_curtailment,36:152,0.0
Stage2,Scenario49,gen_curtailment,36:32,0.48600000000000027
Stage2,Scenario49,gen_curtailment,36:33,0.21999999999999886
Stage2,Scenario49,gen_curtailment,36:34,0.21999999999999886
Stage2,Scenario49,gen_curtailment,37:81,0.0
Stage2,Scenario49,gen_curtailment,38:111,0.0
Stage2,Scenario49,gen_curtailment,38:35,0.0
Stage2,Scenario49,gen_curtailment,38:36,0.0
Stage2,Scenario49,gen_curtailment,38:82,0.0
Stage2,Scenario49,gen_curtailment,38:83,0.0
Stage2,Scenario49,gen_curtailment,38:84,0.0
Stage2,Scenario49,gen_curtailment,39:37,0.2500000000000002
Stage2,Scenario49,gen_curtailment,41:38,0.0
Stage2,Scenario49,gen_curtailment,44:39,1.6999999999999984
Stage2,Scenario49,gen_curtailment,45:85,0.0
Stage2,Scenario49,gen_curtailment,45:86,0.0
Stage2,Scenario49,gen_curtailment,45:87,0.0
Stage2,Scenario49,gen_curtailment,45:88,0.0
Stage2,Scenario49,gen_curtailment,45:89,0.0
Stage2,Scenario49,gen_curtailment,45:90,0.0
Stage2,Scenario49,gen_curtailment,46:40,0.6199999999999981
Stage2,Scenario49,gen_curtailment,46:41,0.6199999999999984
Stage2,Scenario49,gen_curtailment,46:42,1.3999999999999986
Stage2,Scenario49,gen_curtailment,46:43,0.21999999999999872
Stage2,Scenario49,gen_curtailment,46:44,0.21999999999999872
Stage2,Scenario49,gen_curtailment,46:45,0.21999999999999872
Stage2,Scenario49,gen_curtailment,48:46,0.0
Stage2,Scenario49,gen_curtailment,48:47,0.0
Stage2,Scenario49,gen_curtailment,48:48,0.0
Stage2,Scenario49,gen_curtailment,48:49,0.0
Stage2,Scenario49,gen_curtailment,49:50,0.0
Stage2,Scenario49,gen_curtailment,49:51,0.0
Stage2,Scenario49,gen_curtailment,49:52,0.0
Stage2,Scenario49,gen_curtailment,49:53,0.0
Stage2,Scenario49,gen_curtailment,50:155,0.0
Stage2,Scenario49,gen_curtailment,54:54,0.0
Stage2,Scenario49,gen_curtailment,54:55,0.0
Stage2,Scenario49,gen_curtailment,55:122,0.0
Stage2,Scenario49,gen_curtailment,56:153,0.0
Stage2,Scenario49,gen_curtailment,57:103,0.0
Stage2,Scenario49,gen_curtailment,57:106,0.0
Stage2,Scenario49,gen_curtailment,59:105,0.0
Stage2,Scenario49,gen_curtailment,6:8,0.17599999999999572
Stage2,Scenario49,gen_curtailment,60:102,0.0
Stage2,Scenario49,gen_curtailment,60:123,0.0
Stage2,Scenario49,gen_curtailment,60:124,0.0
Stage2,Scenario49,gen_curtailment,60:125,0.0
Stage2,Scenario49,gen_curtailment,60:126,0.0
Stage2,Scenario49,gen_curtailment,60:127,0.0
Stage2,Scenario49,gen_curtailment,60:128,0.0
Stage2,Scenario49,gen_curtailment,60:129,0.0
Stage2,Scenario49,gen_curtailment,60:130,0.0
Stage2,Scenario49,gen_curtailment,60:131,0.0
Stage2,Scenario49,gen_curtailment,60:132,0.0
Stage2,Scenario49,gen_curtailment,60:133,0.0
Stage2,Scenario49,gen_curtailment,60:134,0.0
Stage2,Scenario49,gen_curtailment,60:138,0.0
Stage2,Scenario49,gen_curtailment,60:157,0.0
Stage2,Scenario49,gen_curtailment,60:56,0.0
Stage2,Scenario49,gen_curtailment,60:99,0.0
Stage2,Scenario49,gen_curtailment,61:100,0.0
Stage2,Scenario49,gen_curtailment,61:101,0.0
Stage2,Scenario49,gen_curtailment,61:91,0.0
Stage2,Scenario49,gen_curtailment,61:97,0.0
Stage2,Scenario49,gen_curtailment,61:98,0.0
Stage2,Scenario49,gen_curtailment,62:57,0.0
Stage2,Scenario49,gen_curtailment,62:58,0.0
Stage2,Scenario49,gen_curtailment,62:59,0.0
Stage2,Scenario49,gen_curtailment,62:60,0.0
Stage2,Scenario49,gen_curtailment,62:61,0.0
Stage2,Scenario49,gen_curtailment,62:62,0.0
Stage2,Scenario49,gen_curtailment,62:63,0.0
Stage2,Scenario49,gen_curtailment,62:64,0.0
Stage2,Scenario49,gen_curtailment,63:65,0.2500000000000002
Stage2,Scenario49,gen_curtailment,64:154,0.0
Stage2,Scenario49,gen_curtailment,65:66,0.0
Stage2,Scenario49,gen_curtailment,66:110,0.0
Stage2,Scenario49,gen_curtailment,67:135,0.0
Stage2,Scenario49,gen_curtailment,67:136,0.0
Stage2,Scenario49,gen_curtailment,67:137,0.0
Stage2,Scenario49,gen_curtailment,67:139,0.0
Stage2,Scenario49,gen_curtailment,67:140,0.0
Stage2,Scenario49,gen_curtailment,67:147,0.0
Stage2,Scenario49,gen_curtailment,67:96,0.0
Stage2,Scenario49,gen_curtailment,68:67,1.6999999999999984
Stage2,Scenario49,gen_curtailment,69:68,0.21999999999999886
Stage2,Scenario49,gen_curtailment,69:69,0.21999999999999886
Stage2,Scenario49,gen_curtailment,69:92,0.0
Stage2,Scenario49,gen_curtailment,69:93,0.0
Stage2,Scenario49,gen_curtailment,69:94,0.0
Stage2,Scenario49,gen_curtailment,69:95,0.0
Stage2,Scenario49,gen_curtailment,70:70,1.6999999999999984
Stage2,Scenario49,gen_curtailment,70:71,1.6999999999999984
Stage2,Scenario49,gen_curtailment,71:104,0.0
Stage2,Scenario49,gen_curtailment,71:107,0.0
Stage2,Scenario49,gen_curtailment,71:108,0.0
Stage2,Scenario49,load_shed,0,0.0
Stage2,Scenario49,load_shed,1,0.0
Stage2,Scenario49,load_shed,10,0.0
Stage2,Scenario49,load_shed,11,0.0
Stage2,Scenario49,load_shed,12,0.0
Stage2,Scenario49,load_shed,13,1.9399999999999997
Stage2,Scenario49,load_shed,14,1.3799999999999997
Stage2,Scenario49,load_shed,15,0.0
Stage2,Scenario49,load_shed,16,0.0
Stage2,Scenario49,load_shed,17,0.0
Stage2,Scenario49,load_shed,18,1.1439999999999997
Stage2,Scenario49,load_shed,19,0.0
Stage2,Scenario49,load_shed,2,1.1849999999999994
Stage2,Scenario49,load_shed,20,0.0
Stage2,Scenario49,load_shed,21,0.0
Stage2,Scenario49,load_shed,22,0.0
Stage2,Scenario49,load_shed,23,0.0
Stage2,Scenario49,load_shed,24,0.1299999999999998
Stage2,Scenario49,load_shed,25,0.0
Stage2,Scenario49,load_shed,26,1.8000000000000003
Stage2,Scenario49,load_shed,27,0.74
Stage2,Scenario49,load_shed,28,0.0
Stage2,Scenario49,load_shed,29,1.36
Stage2,Scenario49,load_shed,3,0.47200000000000003
Stage2,Scenario49,load_shed,30,0.1499999999999999
Stage2,Scenario49,load_shed,31,1.71
Stage2,Scenario49,load_shed,32,1.75
Stage2,Scenario49,load_shed,33,0.0
Stage2,Scenario49,load_shed,34,0.0
Stage2,Scenario49,load_shed,35,0.0
Stage2,Scenario49,load_shed,36,0.0
Stage2,Scenario49,load_shed,37,1.9399999999999997
Stage2,Scenario49,load_shed,38,0.0
Stage2,Scenario49,load_shed,39,0.0
Stage2,Scenario49,load_shed,4,0.71
Stage2,Scenario49,load_shed,40,0.0
Stage2,Scenario49,load_shed,41,0.0
Stage2,Scenario49,load_shed,42,1.8100000000000003
Stage2,Scenario49,load_shed,43,1.28
Stage2,Scenario49,load_shed,44,0.0
Stage2,Scenario49,load_shed,45,0.0
Stage2,Scenario49,load_shed,46,0.0
Stage2,Scenario49,load_shed,47,0.0
Stage2,Scenario49,load_shed,48,0.0
Stage2,Scenario49,load_shed,49,0.0
Stage2,Scenario49,load_shed,5,1.36
Stage2,Scenario49,load_shed,50,0.0
Stage2,Scenario49,load_shed,51,0.74
Stage2,Scenario49,load_shed,52,0.71
Stage2,Scenario49,load_shed,53,1.36
Stage2,Scenario49,load_shed,54,0.1499999999999999
Stage2,Scenario49,load_shed,55,0.0
Stage2,Scenario49,load_shed,56,0.9679999999999997
Stage2,Scenario49,load_shed,57,0.9169999999999997
Stage2,Scenario49,load_shed,58,0.0
Stage2,Scenario49,load_shed,59,0.0
Stage2,Scenario49,load_shed,6,0.0
Stage2,Scenario49,load_shed,60,0.0
Stage2,Scenario49,load_shed,61,0.0
Stage2,Scenario49,load_shed,62,0.9199999999999997
Stage2,Scenario49,load_shed,63,0.0
Stage2,Scenario49,load_shed,64,0.0
Stage2,Scenario49,load_shed,65,0.0
Stage2,Scenario49,load_shed,66,0.0
Stage2,Scenario49,load_shed,67,0.0
Stage2,Scenario49,load_shed,68,0.0
Stage2,Scenario49,load_shed,69,0.0
Stage2,Scenario49,load_shed,7,0.0
Stage2,Scenario49,load_shed,70,0.0
Stage2,Scenario49,load_shed,71,0.0
Stage2,Scenario49,load_shed,72,0.0
Stage2,Scenario49,load_shed,8,1.75
Stage2,Scenario49,load_shed,9,1.95
Stage2,Scenario49,load_shed_value,None,30.325999999999993
Stage2,Scenario49,nu,None,2.872315789473686
Stage2,Scenario49,theta,0,-6.283185307179585
Stage2,Scenario49,theta,1,-6.283185307179586
Stage2,Scenario49,theta,10,6.283185307179586
Stage2,Scenario49,theta,11,-6.2550253071795865
Stage2,Scenario49,theta,12,0.0
Stage2,Scenario49,theta,13,-6.283185307179586
Stage2,Scenario49,theta,14,-6.283185307179586
Stage2,Scenario49,theta,15,-6.283185307179586
Stage2,Scenario49,theta,16,-6.283185307179586
Stage2,Scenario49,theta,17,-6.283185307179586
Stage2,Scenario49,theta,18,-6.283185307179585
Stage2,Scenario49,theta,19,-6.283185307179586
Stage2,Scenario49,theta,2,6.283185307179586
Stage2,Scenario49,theta,20,6.283185307179586
Stage2,Scenario49,theta,21,6.283185307179586
Stage2,Scenario49,theta,22,-6.2550253071795865
Stage2,Scenario49,theta,23,6.283185307179586
Stage2,Scenario49,theta,24,-6.2228353071795866
Stage2,Scenario49,theta,25,-6.283185307179586
Stage2,Scenario49,theta,26,6.283185307179586
Stage2,Scenario49,theta,27,-6.283185307179586
Stage2,Scenario49,theta,28,-6.283185307179586
Stage2,Scenario49,theta,29,-6.283185307179586
Stage2,Scenario49,theta,3,6.283185307179586
Stage2,Scenario49,theta,30,-6.283185307179586
Stage2,Scenario49,theta,31,-6.283185307179586
Stage2,Scenario49,theta,32,-6.283185307179586
Stage2,Scenario49,theta,33,-6.283185307179586
Stage2,Scenario49,theta,34,6.283185307179586
Stage2,Scenario49,theta,35,-6.116928307179586
Stage2,Scenario49,theta,36,-6.283185307179586
Stage2,Scenario49,theta,37,-6.283185307179586
Stage2,Scenario49,theta,38,-6.283185307179586
Stage2,Scenario49,theta,39,-6.283185307179586
Stage2,Scenario49,theta,4,-6.283185307179586
Stage2,Scenario49,theta,40,-6.283185307179586
Stage2,Scenario49,theta,41,-6.283185307179586
Stage2,Scenario49,theta,42,-6.283185307179586
Stage2,Scenario49,theta,43,-6.283185307179586
Stage2,Scenario49,theta,44,6.283185307179586
Stage2,Scenario49,theta,45,6.283185307179586
Stage2,Scenario49,theta,46,-6.283185307179586
Stage2,Scenario49,theta,47,6.283185307179586
Stage2,Scenario49,theta,48,-6.283185307179586
Stage2,Scenario49,theta,49,-6.283185307179586
Stage2,Scenario49,theta,5,-6.283185307179586
Stage2,Scenario49,theta,50,-6.181905307179585
Stage2,Scenario49,theta,51,-6.283185307179586
Stage2,Scenario49,theta,52,-6.283185307179586
Stage2,Scenario49,theta,53,-6.283185307179586
Stage2,Scenario49,theta,54,-6.283185307179586
Stage2,Scenario49,theta,55,-6.283185307179586
Stage2,Scenario49,theta,56,-6.167520307179586
Stage2,Scenario49,theta,57,-6.283185307179586
Stage2,Scenario49,theta,58,6.283185307179586
Stage2,Scenario49,theta,59,-6.283185307179586
Stage2,Scenario49,theta,6,-6.178875307178513
Stage2,Scenario49,theta,60,6.283185307179586
Stage2,Scenario49,theta,61,6.283185307179586
Stage2,Scenario49,theta,62,-6.283185307179586
Stage2,Scenario49,theta,63,-6.283185307179586
Stage2,Scenario49,theta,64,-6.283185307179586
Stage2,Scenario49,theta,65,-6.283185307179586
Stage2,Scenario49,theta,66,6.283185307179586
Stage2,Scenario49,theta,67,-6.283185307179586
Stage2,Scenario49,theta,68,6.283185307179586
Stage2,Scenario49,theta,69,6.283185307179586
Stage2,Scenario49,theta,7,-6.283185307179586
Stage2,Scenario49,theta,70,-6.063185307180742
Stage2,Scenario49,theta,71,6.283185307179586
Stage2,Scenario49,theta,72,0.0
Stage2,Scenario49,theta,8,6.283185307179586
Stage2,Scenario49,theta,9,-6.283185307179586
Stage2,Scenario49,xij,0,0.0
Stage2,Scenario49,xij,1,0.0
Stage2,Scenario49,xij,10,1.0
Stage2,Scenario49,xij,100,0.0
Stage2,Scenario49,xij,101,0.0
Stage2,Scenario49,xij,102,0.0
Stage2,Scenario49,xij,103,0.0
Stage2,Scenario49,xij,104,0.0
Stage2,Scenario49,xij,105,0.0
Stage2,Scenario49,xij,106,0.0
Stage2,Scenario49,xij,107,0.0
Stage2,Scenario49,xij,108,0.0
Stage2,Scenario49,xij,109,0.0
Stage2,Scenario49,xij,11,0.0
Stage2,Scenario49,xij,110,0.0
Stage2,Scenario49,xij,111,0.0
Stage2,Scenario49,xij,112,0.0
Stage2,Scenario49,xij,113,0.0
Stage2,Scenario49,xij,114,0.0
Stage2,Scenario49,xij,115,0.0
Stage2,Scenario49,xij,116,0.0
Stage2,Scenario49,xij,117,0.0
Stage2,Scenario49,xij,118,0.0
Stage2,Scenario49,xij,119,0.0
Stage2,Scenario49,xij,12,0.0
Stage2,Scenario49,xij,13,0.0
Stage2,Scenario49,xij,14,0.0
Stage2,Scenario49,xij,15,0.0
Stage2,Scenario49,xij,16,0.0
Stage2,Scenario49,xij,17,0.0
Stage2,Scenario49,xij,18,0.0
Stage2,Scenario49,xij,19,0.0
Stage2,Scenario49,xij,2,0.0
Stage2,Scenario49,xij,20,0.0
Stage2,Scenario49,xij,21,1.0
Stage2,Scenario49,xij,22,0.0
Stage2,Scenario49,xij,23,0.0
Stage2,Scenario49,xij,24,0.0
Stage2,Scenario49,xij,25,0.0
Stage2,Scenario49,xij,26,0.0
Stage2,Scenario49,xij,27,0.0
Stage2,Scenario49,xij,28,0.0
Stage2,Scenario49,xij,29,0.0
Stage2,Scenario49,xij,3,0.0
Stage2,Scenario49,xij,30,0.0
Stage2,Scenario49,xij,31,0.0
Stage2,Scenario49,xij,32,0.0
Stage2,Scenario49,xij,33,0.0
Stage2,Scenario49,xij,34,0.0
Stage2,Scenario49,xij,35,0.0
Stage2,Scenario49,xij,36,0.0
Stage2,Scenario49,xij,37,0.0
Stage2,Scenario49,xij,38,1.0
Stage2,Scenario49,xij,39,0.0
Stage2,Scenario49,xij,4,0.0
Stage2,Scenario49,xij,40,0.0
Stage2,Scenario49,xij,41,0.0
Stage2,Scenario49,xij,42,0.0
Stage2,Scenario49,xij,43,1.0
Stage2,Scenario49,xij,44,0.0
Stage2,Scenario49,xij,45,0.0
Stage2,Scenario49,xij,46,0.0
Stage2,Scenario49,xij,47,0.0
Stage2,Scenario49,xij,48,0.0
Stage2,Scenario49,xij,49,0.0
Stage2,Scenario49,xij,5,0.0
Stage2,Scenario49,xij,50,0.0
Stage2,Scenario49,xij,51,0.0
Stage2,Scenario49,xij,52,0.0
Stage2,Scenario49,xij,53,0.0
Stage2,Scenario49,xij,54,0.0
Stage2,Scenario49,xij,55,0.0
Stage2,Scenario49,xij,56,0.0
Stage2,Scenario49,xij,57,1.0
Stage2,Scenario49,xij,58,0.0
Stage2,Scenario49,xij,59,0.0
Stage2,Scenario49,xij,6,0.0
Stage2,Scenario49,xij,60,0.0
Stage2,Scenario49,xij,61,0.0
Stage2,Scenario49,xij,62,0.0
Stage2,Scenario49,xij,63,0.0
Stage2,Scenario49,xij,64,0.0
Stage2,Scenario49,xij,65,0.0
Stage2,Scenario49,xij,66,0.0
Stage2,Scenario49,xij,67,0.0
Stage2,Scenario49,xij,68,0.0
Stage2,Scenario49,xij,69,0.0
Stage2,Scenario49,xij,7,0.0
Stage2,Scenario49,xij,70,0.0
Stage2,Scenario49,xij,71,0.0
Stage2,Scenario49,xij,72,0.0
Stage2,Scenario49,xij,73,0.0
Stage2,Scenario49,xij,74,0.0
Stage2,Scenario49,xij,75,0.0
Stage2,Scenario49,xij,76,0.0
Stage2,Scenario49,xij,77,0.0
Stage2,Scenario49,xij,78,0.0
Stage2,Scenario49,xij,79,0.0
Stage2,Scenario49,xij,8,0.0
Stage2,Scenario49,xij,80,1.0
Stage2,Scenario49,xij,81,0.0
Stage2,Scenario49,xij,82,0.0
Stage2,Scenario49,xij,83,0.0
Stage2,Scenario49,xij,84,0.0
Stage2,Scenario49,xij,85,0.0
Stage2,Scenario49,xij,86,0.0
Stage2,Scenario49,xij,87,0.0
Stage2,Scenario49,xij,88,0.0
Stage2,Scenario49,xij,89,0.0
Stage2,Scenario49,xij,9,0.0
Stage2,Scenario49,xij,90,1.0
Stage2,Scenario49,xij,91,0.0
Stage2,Scenario49,xij,92,0.0
Stage2,Scenario49,xij,93,0.0
Stage2,Scenario49,xij,94,0.0
Stage2,Scenario49,xij,95,0.0
Stage2,Scenario49,xij,96,0.0
Stage2,Scenario49,xij,97,0.0
Stage2,Scenario49,xij,98,0.0
Stage2,Scenario49,xij,99,0.0
Stage2,Scenario5,Pij,0,0.21516944480275343
Stage2,Scenario5,Pij,1,-0.43826399675386396
Stage2,Scenario5,Pij,10,1.1765205327671167
Stage2,Scenario5,Pij,100,-1.7125905308220613
Stage2,Scenario5,Pij,101,-2.1231903194336765
Stage2,Scenario5,Pij,102,-2.371667955646167
Stage2,Scenario5,Pij,103,0.0
Stage2,Scenario5,Pij,104,-2.414120787076496
Stage2,Scenario5,Pij,105,2.5257887427226575
Stage2,Scenario5,Pij,106,-4.772140161937514
Stage2,Scenario5,Pij,107,0.5272818868576847
Stage2,Scenario5,Pij,108,3.1253217982381405
Stage2,Scenario5,Pij,109,0.0935380398243457
Stage2,Scenario5,Pij,11,0.7094794672328835
Stage2,Scenario5,Pij,110,0.09029137362607709
Stage2,Scenario5,Pij,111,0.09029137362607709
Stage2,Scenario5,Pij,112,0.2996409434288423
Stage2,Scenario5,Pij,113,0.2996409434288423
Stage2,Scenario5,Pij,114,-0.3403590565711577
Stage2,Scenario5,Pij,115,-0.3403590565711577
Stage2,Scenario5,Pij,116,-0.5335380398243434
Stage2,Scenario5,Pij,117,-1.3376448991853482
Stage2,Scenario5,Pij,118,2.5307390509859866
Stage2,Scenario5,Pij,119,-1.3376448991853482
Stage2,Scenario5,Pij,12,-0.4065218273208318
Stage2,Scenario5,Pij,13,-0.12695763991205153
Stage2,Scenario5,Pij,14,-0.7979878413748274
Stage2,Scenario5,Pij,15,-1.4522123129669524
Stage2,Scenario5,Pij,16,-1.3508092770138258
Stage2,Scenario5,Pij,17,-2.0147020905506623
Stage2,Scenario5,Pij,18,0.0
Stage2,Scenario5,Pij,19,-2.148797118388653
Stage2,Scenario5,Pij,2,0.4230945519511071
Stage2,Scenario5,Pij,20,-1.5242604873426595
Stage2,Scenario5,Pij,21,-1.9426539161749534
Stage2,Scenario5,Pij,22,-1.3249761663968147
Stage2,Scenario5,Pij,23,0.28671567905415557
Stage2,Scenario5,Pij,24,-4.088797118388653
Stage2,Scenario5,Pij,25,1.73949300368741
Stage2,Scenario5,Pij,26,-2.9186304745070153
Stage2,Scenario5,Pij,27,-2.9186304745070153
Stage2,Scenario5,Pij,28,2.7177679453266212
Stage2,Scenario5,Pij,29,-5.0
Stage2,Scenario5,Pij,3,0.16681772440629583
Stage2,Scenario5,Pij,30,2.900695885298756
Stage2,Scenario5,Pij,31,-1.3778620116122111
Stage2,Scenario5,Pij,32,-3.6221379883877884
Stage2,Scenario5,Pij,33,-0.8959310058061055
Stage2,Scenario5,Pij,34,-0.8959310058061055
Stage2,Scenario5,Pij,35,0.545347942649378
Stage2,Scenario5,Pij,36,0.545347942649378
Stage2,Scenario5,Pij,37,-0.09465205735062199
Stage2,Scenario5,Pij,38,-0.09465205735062199
Stage2,Scenario5,Pij,39,-4.96676785981159
Stage2,Scenario5,Pij,4,0.35835172039645435
Stage2,Scenario5,Pij,40,0.5130658027269852
Stage2,Scenario5,Pij,41,-0.029584916754409694
Stage2,Scenario5,Pij,42,-0.5719145374928697
Stage2,Scenario5,Pij,43,0.24149945424727598
Stage2,Scenario5,Pij,44,0.032693366173094485
Stage2,Scenario5,Pij,45,0.24772171707249235
Stage2,Scenario5,Pij,46,0.4273272786757867
Stage2,Scenario5,Pij,47,-2.089762348935772
Stage2,Scenario5,Pij,48,-0.7073066338269055
Stage2,Scenario5,Pij,49,-0.46850054575272393
Stage2,Scenario5,Pij,5,0.479503948572757
Stage2,Scenario5,Pij,50,-1.1122782829275077
Stage2,Scenario5,Pij,51,-0.8100000000000024
Stage2,Scenario5,Pij,52,-1.4088528085859273
Stage2,Scenario5,Pij,53,-1.1111471914140747
Stage2,Scenario5,Pij,54,-1.1503042700649577
Stage2,Scenario5,Pij,55,-2.288527893672088
Stage2,Scenario5,Pij,56,-1.7434406788573296
Stage2,Scenario5,Pij,57,-2.898485341236979
Stage2,Scenario5,Pij,58,-2.8937449489222873
Stage2,Scenario5,Pij,59,0.0
Stage2,Scenario5,Pij,6,-2.7177679453266212
Stage2,Scenario5,Pij,60,-0.8420968673704352
Stage2,Scenario5,Pij,61,-2.3449163675386346
Stage2,Scenario5,Pij,62,-2.149841816292722
Stage2,Scenario5,Pij,63,-1.940000000000004
Stage2,Scenario5,Pij,64,-1.2373310592978608
Stage2,Scenario5,Pij,65,0.0
Stage2,Scenario5,Pij,66,-2.6357156105837554
Stage2,Scenario5,Pij,67,2.089762348935772
Stage2,Scenario5,Pij,68,-2.9913501921432286
Stage2,Scenario5,Pij,69,0.06401913284536431
Stage2,Scenario5,Pij,7,-0.5731822755937042
Stage2,Scenario5,Pij,70,-1.1237159968450505
Stage2,Scenario5,Pij,71,-1.354568392571193
Stage2,Scenario5,Pij,72,-0.5618579984225253
Stage2,Scenario5,Pij,73,-0.5618579984225253
Stage2,Scenario5,Pij,74,-0.8729904335773179
Stage2,Scenario5,Pij,75,-0.8729904335773179
Stage2,Scenario5,Pij,76,-1.5129904335773177
Stage2,Scenario5,Pij,77,-1.5129904335773177
Stage2,Scenario5,Pij,78,-1.6454316074288071
Stage2,Scenario5,Pij,79,0.2220076339352053
Stage2,Scenario5,Pij,8,-0.28690544804889284
Stage2,Scenario5,Pij,80,-0.5776539785553428
Stage2,Scenario5,Pij,81,-0.12435365537986819
Stage2,Scenario5,Pij,82,-0.13162363382839715
Stage2,Scenario5,Pij,83,-0.01636873223640345
Stage2,Scenario5,Pij,84,0.1481347641673148
Stage2,Scenario5,Pij,85,-2.5257887427226575
Stage2,Scenario5,Pij,86,-0.8716236338283971
Stage2,Scenario5,Pij,87,-0.8343536553798683
Stage2,Scenario5,Pij,88,-1.3763687322364035
Stage2,Scenario5,Pij,89,-0.8100000000000024
Stage2,Scenario5,Pij,9,-1.0016482796035457
Stage2,Scenario5,Pij,90,-1.3214053641168184
Stage2,Scenario5,Pij,91,-1.1985946358831838
Stage2,Scenario5,Pij,92,-1.9385567816135678
Stage2,Scenario5,Pij,93,-1.8563374521643348
Stage2,Scenario5,Pij,94,-2.2048757084653485
Stage2,Scenario5,Pij,95,-2.121441315034107
Stage2,Scenario5,Pij,96,-1.4852421706452397
Stage2,Scenario5,Pij,97,-2.6581903194336767
Stage2,Scenario5,Pij,98,-1.6334425119774738
Stage2,Scenario5,Pij,99,-2.3443362552209686
Stage2,Scenario5,bus_gen,0:0,0.0799999999999983
Stage2,Scenario5,bus_gen,0:1,0.0799999999999983
Stage2,Scenario5,bus_gen,0:113,0.0
Stage2,Scenario5,bus_gen,0:117,0.0
Stage2,Scenario5,bus_gen,0:118,0.0
Stage2,Scenario5,bus_gen,0:119,0.0
Stage2,Scenario5,bus_gen,0:2,0.56
Stage2,Scenario5,bus_gen,0:3,0.56
Stage2,Scenario5,bus_gen,1:112,0.0
Stage2,Scenario5,bus_gen,1:114,0.0
Stage2,Scenario5,bus_gen,1:4,0.0799999999999983
Stage2,Scenario5,bus_gen,1:5,0.0799999999999983
Stage2,Scenario5,bus_gen,1:6,0.56
Stage2,Scenario5,bus_gen,1:7,0.56
Stage2,Scenario5,bus_gen,12:10,0.55
Stage2,Scenario5,bus_gen,12:109,0.936
Stage2,Scenario5,bus_gen,12:11,0.55
Stage2,Scenario5,bus_gen,12:12,0.55
Stage2,Scenario5,bus_gen,12:9,0.55
Stage2,Scenario5,bus_gen,13:72,0.0
Stage2,Scenario5,bus_gen,14:13,0.12
Stage2,Scenario5,bus_gen,14:14,0.12
Stage2,Scenario5,bus_gen,14:15,1.55
Stage2,Scenario5,bus_gen,15:16,1.2500000000000002
Stage2,Scenario5,bus_gen,17:141,0.093
Stage2,Scenario5,bus_gen,17:142,0.09699999999999999
Stage2,Scenario5,bus_gen,17:143,0.09399999999999999
Stage2,Scenario5,bus_gen,17:144,0.091
Stage2,Scenario5,bus_gen,17:145,0.091
Stage2,Scenario5,bus_gen,17:146,0.09699999999999999
Stage2,Scenario5,bus_gen,17:148,0.11800000000000005
Stage2,Scenario5,bus_gen,17:149,0.112
Stage2,Scenario5,bus_gen,17:150,0.10300000000000001
Stage2,Scenario5,bus_gen,17:151,0.045
Stage2,Scenario5,bus_gen,17:17,1.9750000000000003
Stage2,Scenario5,bus_gen,18:121,0.0
Stage2,Scenario5,bus_gen,2:120,0.0
Stage2,Scenario5,bus_gen,20:73,4.0
Stage2,Scenario5,bus_gen,21:156,7.135
Stage2,Scenario5,bus_gen,21:74,0.0
Stage2,Scenario5,bus_gen,21:75,0.5
Stage2,Scenario5,bus_gen,21:76,0.45390584819937807
Stage2,Scenario5,bus_gen,21:77,0.0
Stage2,Scenario5,bus_gen,21:78,0.0
Stage2,Scenario5,bus_gen,21:79,0.5
Stage2,Scenario5,bus_gen,22:18,0.9199999999999984
Stage2,Scenario5,bus_gen,22:19,1.3999999999999986
Stage2,Scenario5,bus_gen,22:20,0.55
Stage2,Scenario5,bus_gen,22:21,0.55
Stage2,Scenario5,bus_gen,22:22,0.55
Stage2,Scenario5,bus_gen,24:23,0.0799999999999983
Stage2,Scenario5,bus_gen,24:24,0.0799999999999983
Stage2,Scenario5,bus_gen,24:25,0.56
Stage2,Scenario5,bus_gen,24:80,0.0
Stage2,Scenario5,bus_gen,25:26,0.0799999999999983
Stage2,Scenario5,bus_gen,25:27,0.0799999999999983
Stage2,Scenario5,bus_gen,25:28,0.56
Stage2,Scenario5,bus_gen,25:29,0.56
Stage2,Scenario5,bus_gen,3:115,0.0
Stage2,Scenario5,bus_gen,30:30,0.21999999999999886
Stage2,Scenario5,bus_gen,30:31,0.21999999999999886
Stage2,Scenario5,bus_gen,35:116,2.0
Stage2,Scenario5,bus_gen,36:152,0.0
Stage2,Scenario5,bus_gen,36:32,3.136
Stage2,Scenario5,bus_gen,36:33,0.55
Stage2,Scenario5,bus_gen,36:34,0.55
Stage2,Scenario5,bus_gen,37:81,0.0
Stage2,Scenario5,bus_gen,38:111,0.0
Stage2,Scenario5,bus_gen,38:35,0.55
Stage2,Scenario5,bus_gen,38:36,0.55
Stage2,Scenario5,bus_gen,38:82,0.0
Stage2,Scenario5,bus_gen,38:83,0.0
Stage2,Scenario5,bus_gen,38:84,0.0
Stage2,Scenario5,bus_gen,39:37,1.2500000000000002
Stage2,Scenario5,bus_gen,41:38,3.33
Stage2,Scenario5,bus_gen,44:39,2.1139999999999985
Stage2,Scenario5,bus_gen,45:85,0.5
Stage2,Scenario5,bus_gen,45:86,0.5
Stage2,Scenario5,bus_gen,45:87,0.5
Stage2,Scenario5,bus_gen,45:88,0.5
Stage2,Scenario5,bus_gen,45:89,0.5
Stage2,Scenario5,bus_gen,45:90,0.5
Stage2,Scenario5,bus_gen,46:40,0.7699999999999985
Stage2,Scenario5,bus_gen,46:41,0.7699999999999985
Stage2,Scenario5,bus_gen,46:42,1.7999999999999987
Stage2,Scenario5,bus_gen,46:43,0.55
Stage2,Scenario5,bus_gen,46:44,0.55
Stage2,Scenario5,bus_gen,46:45,0.55
Stage2,Scenario5,bus_gen,48:46,0.0799999999999983
Stage2,Scenario5,bus_gen,48:47,0.0799999999999983
Stage2,Scenario5,bus_gen,48:48,0.21999999999999886
Stage2,Scenario5,bus_gen,48:49,0.21999999999999886
Stage2,Scenario5,bus_gen,49:50,0.0799999999999983
Stage2,Scenario5,bus_gen,49:51,0.0799999999999983
Stage2,Scenario5,bus_gen,49:52,0.21999999999999886
Stage2,Scenario5,bus_gen,49:53,0.21999999999999886
Stage2,Scenario5,bus_gen,50:155,0.0
Stage2,Scenario5,bus_gen,54:54,0.21999999999999886
Stage2,Scenario5,bus_gen,54:55,0.21999999999999886
Stage2,Scenario5,bus_gen,55:122,0.0
Stage2,Scenario5,bus_gen,56:153,0.0
Stage2,Scenario5,bus_gen,57:103,0.517
Stage2,Scenario5,bus_gen,57:106,0.5159999999999999
Stage2,Scenario5,bus_gen,59:105,0.0
Stage2,Scenario5,bus_gen,6:8,3.136
Stage2,Scenario5,bus_gen,60:102,0.9329999999999999
Stage2,Scenario5,bus_gen,60:123,0.0
Stage2,Scenario5,bus_gen,60:124,0.0
Stage2,Scenario5,bus_gen,60:125,0.0
Stage2,Scenario5,bus_gen,60:126,0.0
Stage2,Scenario5,bus_gen,60:127,0.0
Stage2,Scenario5,bus_gen,60:128,0.0
Stage2,Scenario5,bus_gen,60:129,0.0
Stage2,Scenario5,bus_gen,60:130,0.0
Stage2,Scenario5,bus_gen,60:131,0.0
Stage2,Scenario5,bus_gen,60:132,0.0
Stage2,Scenario5,bus_gen,60:133,0.0
Stage2,Scenario5,bus_gen,60:134,0.0
Stage2,Scenario5,bus_gen,60:138,0.0
Stage2,Scenario5,bus_gen,60:157,0.47209415180065367
Stage2,Scenario5,bus_gen,60:56,1.6999999999999986
Stage2,Scenario5,bus_gen,60:99,0.9510000000000001
Stage2,Scenario5,bus_gen,61:100,0.927
Stage2,Scenario5,bus_gen,61:101,0.516
Stage2,Scenario5,bus_gen,61:91,0.0
Stage2,Scenario5,bus_gen,61:97,0.516
Stage2,Scenario5,bus_gen,61:98,0.516
Stage2,Scenario5,bus_gen,62:57,0.049999999999998934
Stage2,Scenario5,bus_gen,62:58,0.049999999999998934
Stage2,Scenario5,bus_gen,62:59,0.049999999999998934
Stage2,Scenario5,bus_gen,62:60,0.049999999999998934
Stage2,Scenario5,bus_gen,62:61,0.049999999999998934
Stage2,Scenario5,bus_gen,62:62,0.21999999999999886
Stage2,Scenario5,bus_gen,62:63,0.21999999999999886
Stage2,Scenario5,bus_gen,62:64,0.21999999999999886
Stage2,Scenario5,bus_gen,63:65,1.2500000000000002
Stage2,Scenario5,bus_gen,64:154,7.991
Stage2,Scenario5,bus_gen,65:66,2.9160000000000004
Stage2,Scenario5,bus_gen,66:110,1.8820000000000001
Stage2,Scenario5,bus_gen,67:135,0.0
Stage2,Scenario5,bus_gen,67:136,0.0
Stage2,Scenario5,bus_gen,67:137,0.0
Stage2,Scenario5,bus_gen,67:139,0.0
Stage2,Scenario5,bus_gen,67:140,0.0
Stage2,Scenario5,bus_gen,67:147,0.0
Stage2,Scenario5,bus_gen,67:96,0.0
Stage2,Scenario5,bus_gen,68:67,1.6999999999999986
Stage2,Scenario5,bus_gen,69:68,0.21999999999999886
Stage2,Scenario5,bus_gen,69:69,0.21999999999999886
Stage2,Scenario5,bus_gen,69:92,0.0
Stage2,Scenario5,bus_gen,69:93,0.0
Stage2,Scenario5,bus_gen,69:94,0.0
Stage2,Scenario5,bus_gen,69:95,0.0
Stage2,Scenario5,bus_gen,70:70,1.6999999999999986
Stage2,Scenario5,bus_gen,70:71,1.6999999999999986
Stage2,Scenario5,bus_gen,71:104,0.0
Stage2,Scenario5,bus_gen,71:107,0.0
Stage2,Scenario5,bus_gen,71:108,0.0
Stage2,Scenario5,cvar,None,27.4536842105263
Stage2,Scenario5,gen_curtailment,0:0,0.0
Stage2,Scenario5,gen_curtailment,0:1,0.0
Stage2,Scenario5,gen_curtailment,0:113,0.0
Stage2,Scenario5,gen_curtailment,0:117,0.0
Stage2,Scenario5,gen_curtailment,0:118,0.0
Stage2,Scenario5,gen_curtailment,0:119,0.0
Stage2,Scenario5,gen_curtailment,0:2,0.0
Stage2,Scenario5,gen_curtailment,0:3,0.0
Stage2,Scenario5,gen_curtailment,1:112,0.0
Stage2,Scenario5,gen_curtailment,1:114,0.0
Stage2,Scenario5,gen_curtailment,1:4,0.0
Stage2,Scenario5,gen_curtailment,1:5,0.0
Stage2,Scenario5,gen_curtailment,1:6,0.0
Stage2,Scenario5,gen_curtailment,1:7,0.0
Stage2,Scenario5,gen_curtailment,12:10,0.0
Stage2,Scenario5,gen_curtailment,12:109,0.0
Stage2,Scenario5,gen_curtailment,12:11,0.0
Stage2,Scenario5,gen_curtailment,12:12,0.0
Stage2,Scenario5,gen_curtailment,12:9,0.0
Stage2,Scenario5,gen_curtailment,13:72,0.0
Stage2,Scenario5,gen_curtailment,14:13,0.0
Stage2,Scenario5,gen_curtailment,14:14,0.0
Stage2,Scenario5,gen_curtailment,14:15,0.0
Stage2,Scenario5,gen_curtailment,15:16,0.0
Stage2,Scenario5,gen_curtailment,17:141,0.0
Stage2,Scenario5,gen_curtailment,17:142,0.0
Stage2,Scenario5,gen_curtailment,17:143,0.0
Stage2,Scenario5,gen_curtailment,17:144,0.0
Stage2,Scenario5,gen_curtailment,17:145,0.0
Stage2,Scenario5,gen_curtailment,17:146,0.0
Stage2,Scenario5,gen_curtailment,17:148,0.0
Stage2,Scenario5,gen_curtailment,17:149,0.0
Stage2,Scenario5,gen_curtailment,17:150,0.0
Stage2,Scenario5,gen_curtailment,17:151,0.0
Stage2,Scenario5,gen_curtailment,17:17,0.0
Stage2,Scenario5,gen_curtailment,18:121,0.0
Stage2,Scenario5,gen_curtailment,2:120,0.0
Stage2,Scenario5,gen_curtailment,20:73,0.0
Stage2,Scenario5,gen_curtailment,21:156,0.0
Stage2,Scenario5,gen_curtailment,21:74,0.0
Stage2,Scenario5,gen_curtailment,21:75,0.0
Stage2,Scenario5,gen_curtailment,21:76,0.0
Stage2,Scenario5,gen_curtailment,21:77,0.0
Stage2,Scenario5,gen_curtailment,21:78,0.0
Stage2,Scenario5,gen_curtailment,21:79,0.0
Stage2,Scenario5,gen_curtailment,22:18,0.0
Stage2,Scenario5,gen_curtailment,22:19,0.0
Stage2,Scenario5,gen_curtailment,22:20,0.0
Stage2,Scenario5,gen_curtailment,22:21,0.0
Stage2,Scenario5,gen_curtailment,22:22,0.0
Stage2,Scenario5,gen_curtailment,24:23,0.0
Stage2,Scenario5,gen_curtailment,24:24,0.0
Stage2,Scenario5,gen_curtailment,24:25,0.0
Stage2,Scenario5,gen_curtailment,24:80,0.0
Stage2,Scenario5,gen_curtailment,25:26,0.0
Stage2,Scenario5,gen_curtailment,25:27,0.0
Stage2,Scenario5,gen_curtailment,25:28,0.0
Stage2,Scenario5,gen_curtailment,25:29,0.0
Stage2,Scenario5,gen_curtailment,3:115,0.0
Stage2,Scenario5,gen_curtailment,30:30,0.0
Stage2,Scenario5,gen_curtailment,30:31,0.0
Stage2,Scenario5,gen_curtailment,35:116,0.0
Stage2,Scenario5,gen_curtailment,36:152,0.0
Stage2,Scenario5,gen_curtailment,36:32,0.0
Stage2,Scenario5,gen_curtailment,36:33,0.0
Stage2,Scenario5,gen_curtailment,36:34,0.0
Stage2,Scenario5,gen_curtailment,37:81,0.0
Stage2,Scenario5,gen_curtailment,38:111,0.0
Stage2,Scenario5,gen_curtailment,38:35,0.0
Stage2,Scenario5,gen_curtailment,38:36,0.0
Stage2,Scenario5,gen_curtailment,38:82,0.0
Stage2,Scenario5,gen_curtailment,38:83,0.0
Stage2,Scenario5,gen_curtailment,38:84,0.0
Stage2,Scenario5,gen_curtailment,39:37,0.0
Stage2,Scenario5,gen_curtailment,41:38,0.0
Stage2,Scenario5,gen_curtailment,44:39,0.0
Stage2,Scenario5,gen_curtailment,45:85,0.0
Stage2,Scenario5,gen_curtailment,45:86,0.0
Stage2,Scenario5,gen_curtailment,45:87,0.0
Stage2,Scenario5,gen_curtailment,45:88,0.0
Stage2,Scenario5,gen_curtailment,45:89,0.0
Stage2,Scenario5,gen_curtailment,45:90,0.0
Stage2,Scenario5,gen_curtailment,46:40,0.0
Stage2,Scenario5,gen_curtailment,46:41,0.0
Stage2,Scenario5,gen_curtailment,46:42,0.0
Stage2,Scenario5,gen_curtailment,46:43,0.0
Stage2,Scenario5,gen_curtailment,46:44,0.0
Stage2,Scenario5,gen_curtailment,46:45,0.0
Stage2,Scenario5,gen_curtailment,48:46,0.0
Stage2,Scenario5,gen_curtailment,48:47,0.0
Stage2,Scenario5,gen_curtailment,48:48,0.0
Stage2,Scenario5,gen_curtailment,48:49,0.0
Stage2,Scenario5,gen_curtailment,49:50,0.0
Stage2,Scenario5,gen_curtailment,49:51,0.0
Stage2,Scenario5,gen_curtailment,49:52,0.0
Stage2,Scenario5,gen_curtailment,49:53,0.0
Stage2,Scenario5,gen_curtailment,50:155,0.0
Stage2,Scenario5,gen_curtailment,54:54,0.0
Stage2,Scenario5,gen_curtailment,54:55,0.0
Stage2,Scenario5,gen_curtailment,55:122,0.0
Stage2,Scenario5,gen_curtailment,56:153,0.0
Stage2,Scenario5,gen_curtailment,57:103,0.0
Stage2,Scenario5,gen_curtailment,57:106,0.0
Stage2,Scenario5,gen_curtailment,59:105,0.0
Stage2,Scenario5,gen_curtailment,6:8,0.0
Stage2,Scenario5,gen_curtailment,60:102,0.0
Stage2,Scenario5,gen_curtailment,60:123,0.0
Stage2,Scenario5,gen_curtailment,60:124,0.0
Stage2,Scenario5,gen_curtailment,60:125,0.0
Stage2,Scenario5,gen_curtailment,60:126,0.0
Stage2,Scenario5,gen_curtailment,60:127,0.0
Stage2,Scenario5,gen_curtailment,60:128,0.0
Stage2,Scenario5,gen_curtailment,60:129,0.0
Stage2,Scenario5,gen_curtailment,60:130,0.0
Stage2,Scenario5,gen_curtailment,60:131,0.0
Stage2,Scenario5,gen_curtailment,60:132,0.0
Stage2,Scenario5,gen_curtailment,60:133,0.0
Stage2,Scenario5,gen_curtailment,60:134,0.0
Stage2,Scenario5,gen_curtailment,60:138,0.0
Stage2,Scenario5,gen_curtailment,60:157,0.0
Stage2,Scenario5,gen_curtailment,60:56,0.0
Stage2,Scenario5,gen_curtailment,60:99,0.0
Stage2,Scenario5,gen_curtailment,61:100,0.0
Stage2,Scenario5,gen_curtailment,61:101,0.0
Stage2,Scenario5,gen_curtailment,61:91,0.0
Stage2,Scenario5,gen_curtailment,61:97,0.0
Stage2,Scenario5,gen_curtailment,61:98,0.0
Stage2,Scenario5,gen_curtailment,62:57,0.0
Stage2,Scenario5,gen_curtailment,62:58,0.0
Stage2,Scenario5,gen_curtailment,62:59,0.0
Stage2,Scenario5,gen_curtailment,62:60,0.0
Stage2,Scenario5,gen_curtailment,62:61,0.0
Stage2,Scenario5,gen_curtailment,62:62,0.0
Stage2,Scenario5,gen_curtailment,62:63,0.0
Stage2,Scenario5,gen_curtailment,62:64,0.0
Stage2,Scenario5,gen_curtailment,63:65,0.0
Stage2,Scenario5,gen_curtailment,64:154,0.0
Stage2,Scenario5,gen_curtailment,65:66,0.0
Stage2,Scenario5,gen_curtailment,66:110,0.0
Stage2,Scenario5,gen_curtailment,67:135,0.0
Stage2,Scenario5,gen_curtailment,67:136,0.0
Stage2,Scenario5,gen_curtailment,67:137,0.0
Stage2,Scenario5,gen_curtailment,67:139,0.0
Stage2,Scenario5,gen_curtailment,67:140,0.0
Stage2,Scenario5,gen_curtailment,67:147,0.0
Stage2,Scenario5,gen_curtailment,67:96,0.0
Stage2,Scenario5,gen_curtailment,68:67,0.0
Stage2,Scenario5,gen_curtailment,69:68,0.0
Stage2,Scenario5,gen_curtailment,69:69,0.0
Stage2,Scenario5,gen_curtailment,69:92,0.0
Stage2,Scenario5,gen_curtailment,69:93,0.0
Stage2,Scenario5,gen_curtailment,69:94,0.0
Stage2,Scenario5,gen_curtailment,69:95,0.0
Stage2,Scenario5,gen_curtailment,70:70,0.0
Stage2,Scenario5,gen_curtailment,70:71,0.0
Stage2,Scenario5,gen_curtailment,71:104,0.0
Stage2,Scenario5,gen_curtailment,71:107,0.0
Stage2,Scenario5,gen_curtailment,71:108,0.0
Stage2,Scenario5,load_shed,0,0.0
Stage2,Scenario5,load_shed,1,0.0
Stage2,Scenario5,load_shed,10,0.0
Stage2,Scenario5,load_shed,11,0.0
Stage2,Scenario5,load_shed,12,0.0
Stage2,Scenario5,load_shed,13,0.0
Stage2,Scenario5,load_shed,14,0.0
Stage2,Scenario5,load_shed,15,0.0
Stage2,Scenario5,load_shed,16,0.0
Stage2,Scenario5,load_shed,17,0.0
Stage2,Scenario5,load_shed,18,0.0
Stage2,Scenario5,load_shed,19,0.0
Stage2,Scenario5,load_shed,2,0.0
Stage2,Scenario5,load_shed,20,0.0
Stage2,Scenario5,load_shed,21,0.0
Stage2,Scenario5,load_shed,22,0.0
Stage2,Scenario5,load_shed,23,0.0
Stage2,Scenario5,load_shed,24,0.0
Stage2,Scenario5,load_shed,25,0.0
Stage2,Scenario5,load_shed,26,0.0
Stage2,Scenario5,load_shed,27,0.0
Stage2,Scenario5,load_shed,28,0.0
Stage2,Scenario5,load_shed,29,0.0
Stage2,Scenario5,load_shed,3,0.0
Stage2,Scenario5,load_shed,30,0.0
Stage2,Scenario5,load_shed,31,0.0
Stage2,Scenario5,load_shed,32,0.0
Stage2,Scenario5,load_shed,33,0.0
Stage2,Scenario5,load_shed,34,0.0
Stage2,Scenario5,load_shed,35,0.0
Stage2,Scenario5,load_shed,36,0.0
Stage2,Scenario5,load_shed,37,0.0
Stage2,Scenario5,load_shed,38,0.0
Stage2,Scenario5,load_shed,39,0.0
Stage2,Scenario5,load_shed,4,0.0
Stage2,Scenario5,load_shed,40,0.0
Stage2,Scenario5,load_shed,41,0.0
Stage2,Scenario5,load_shed,42,0.0
Stage2,Scenario5,load_shed,43,0.0
Stage2,Scenario5,load_shed,44,0.0
Stage2,Scenario5,load_shed,45,0.0
Stage2,Scenario5,load_shed,46,0.0
Stage2,Scenario5,load_shed,47,0.0
Stage2,Scenario5,load_shed,48,0.0
Stage2,Scenario5,load_shed,49,0.0
Stage2,Scenario5,load_shed,5,0.0
Stage2,Scenario5,load_shed,50,0.0
Stage2,Scenario5,load_shed,51,0.0
Stage2,Scenario5,load_shed,52,0.0
Stage2,Scenario5,load_shed,53,0.0
Stage2,Scenario5,load_shed,54,0.0
Stage2,Scenario5,load_shed,55,0.0
Stage2,Scenario5,load_shed,56,0.0
Stage2,Scenario5,load_shed,57,0.0
Stage2,Scenario5,load_shed,58,0.0
Stage2,Scenario5,load_shed,59,0.0
Stage2,Scenario5,load_shed,6,0.0
Stage2,Scenario5,load_shed,60,0.0
Stage2,Scenario5,load_shed,61,0.0
Stage2,Scenario5,load_shed,62,0.0
Stage2,Scenario5,load_shed,63,0.0
Stage2,Scenario5,load_shed,64,0.0
Stage2,Scenario5,load_shed,65,0.0
Stage2,Scenario5,load_shed,66,0.0
Stage2,Scenario5,load_shed,67,0.0
Stage2,Scenario5,load_shed,68,0.0
Stage2,Scenario5,load_shed,69,0.0
Stage2,Scenario5,load_shed,7,0.0
Stage2,Scenario5,load_shed,70,0.0
Stage2,Scenario5,load_shed,71,0.0
Stage2,Scenario5,load_shed,72,0.0
Stage2,Scenario5,load_shed,8,0.0
Stage2,Scenario5,load_shed,9,0.0
Stage2,Scenario5,load_shed_value,None,0.0
Stage2,Scenario5,nu,None,0.0
Stage2,Scenario5,theta,0,-0.23422264614525562
Stage2,Scenario5,theta,1,-0.23723501837249417
Stage2,Scenario5,theta,10,-0.12976800467459831
Stage2,Scenario5,theta,11,-0.07316450339244765
Stage2,Scenario5,theta,12,0.0
Stage2,Scenario5,theta,13,-0.039518525702274876
Stage2,Scenario5,theta,14,0.23129188534534167
Stage2,Scenario5,theta,15,0.20172050428265573
Stage2,Scenario5,theta,16,0.3317205042826557
Stage2,Scenario5,theta,17,0.35101057244522665
Stage2,Scenario5,theta,18,0.1350044989207843
Stage2,Scenario5,theta,19,0.1131905812148092
Stage2,Scenario5,theta,2,-0.14174894283019035
Stage2,Scenario5,theta,20,0.3743047785961854
Stage2,Scenario5,theta,21,0.7120449930633737
Stage2,Scenario5,theta,22,0.11527292647652286
Stage2,Scenario5,theta,23,0.08996795218835739
Stage2,Scenario5,theta,24,-0.42901842335498125
Stage2,Scenario5,theta,25,-0.4286042345204195
Stage2,Scenario5,theta,26,-0.30834445594398574
Stage2,Scenario5,theta,27,-0.4327562920244025
Stage2,Scenario5,theta,28,-0.44954587696599974
Stage2,Scenario5,theta,29,-0.47616680419833807
Stage2,Scenario5,theta,3,-0.25842086937209374
Stage2,Scenario5,theta,30,-0.6410671155230826
Stage2,Scenario5,theta,31,-0.5916571155230824
Stage2,Scenario5,theta,32,-0.35919640210640436
Stage2,Scenario5,theta,33,-0.4083178289397601
Stage2,Scenario5,theta,34,-0.25967207666038417
Stage2,Scenario5,theta,35,-0.16119296874589525
Stage2,Scenario5,theta,36,-0.12077231911211436
Stage2,Scenario5,theta,37,-0.11492904792099826
Stage2,Scenario5,theta,38,-0.021503675929061668
Stage2,Scenario5,theta,39,-0.0004690479209980281
Stage2,Scenario5,theta,4,-0.27018568306109975
Stage2,Scenario5,theta,40,0.07730605707472597
Stage2,Scenario5,theta,41,0.09303808103055668
Stage2,Scenario5,theta,42,-0.0019414879764414073
Stage2,Scenario5,theta,43,0.03297812936665131
Stage2,Scenario5,theta,44,0.10764638898954235
Stage2,Scenario5,theta,45,0.21953573829470124
Stage2,Scenario5,theta,46,0.0662639189053523
Stage2,Scenario5,theta,47,-0.1301713180737218
Stage2,Scenario5,theta,48,-0.25975346637442065
Stage2,Scenario5,theta,49,-0.26286157324951354
Stage2,Scenario5,theta,5,-0.3060385486886134
Stage2,Scenario5,theta,50,-0.1378684768992433
Stage2,Scenario5,theta,51,-0.24614537175330709
Stage2,Scenario5,theta,52,-0.24918340566713185
Stage2,Scenario5,theta,53,-0.25971877666012405
Stage2,Scenario5,theta,54,-0.4229383989144289
Stage2,Scenario5,theta,55,-0.3735283989144288
Stage2,Scenario5,theta,56,-0.15549651383515375
Stage2,Scenario5,theta,57,-0.17576028399370344
Stage2,Scenario5,theta,58,0.012227418910052152
Stage2,Scenario5,theta,59,0.005113802526104522
Stage2,Scenario5,theta,6,-0.19411826171949148
Stage2,Scenario5,theta,60,0.08351904310102365
Stage2,Scenario5,theta,61,0.12387141232626657
Stage2,Scenario5,theta,62,0.20882128592686866
Stage2,Scenario5,theta,63,0.2491396411728535
Stage2,Scenario5,theta,64,0.3732152853832289
Stage2,Scenario5,theta,65,0.329460780207895
Stage2,Scenario5,theta,66,0.23701215777512674
Stage2,Scenario5,theta,67,0.22502652003797305
Stage2,Scenario5,theta,68,0.32711320449361697
Stage2,Scenario5,theta,69,0.3633937912016726
Stage2,Scenario5,theta,7,-0.2658860142182856
Stage2,Scenario5,theta,70,0.23251441928253852
Stage2,Scenario5,theta,71,0.07748027130529048
Stage2,Scenario5,theta,72,0.24455322337520663
Stage2,Scenario5,theta,8,-0.19880991271034842
Stage2,Scenario5,theta,9,-0.24493800363279716
Stage2,Scenario5,xij,0,1.0
Stage2,Scenario5,xij,1,1.0
Stage2,Scenario5,xij,10,1.0
Stage2,Scenario5,xij,100,1.0
Stage2,Scenario5,xij,101,1.0
Stage2,Scenario5,xij,102,1.0
Stage2,Scenario5,xij,103,0.0
Stage2,Scenario5,xij,104,1.0
Stage2,Scenario5,xij,105,1.0
Stage2,Scenario5,xij,106,1.0
Stage2,Scenario5,xij,107,1.0
Stage2,Scenario5,xij,108,1.0
Stage2,Scenario5,xij,109,1.0
Stage2,Scenario5,xij,11,1.0
Stage2,Scenario5,xij,110,1.0
Stage2,Scenario5,xij,111,1.0
Stage2,Scenario5,xij,112,1.0
Stage2,Scenario5,xij,113,1.0
Stage2,Scenario5,xij,114,1.0
Stage2,Scenario5,xij,115,1.0
Stage2,Scenario5,xij,116,1.0
Stage2,Scenario5,xij,117,1.0
Stage2,Scenario5,xij,118,1.0
Stage2,Scenario5,xij,119,1.0
Stage2,Scenario5,xij,12,1.0
Stage2,Scenario5,xij,13,1.0
Stage2,Scenario5,xij,14,1.0
Stage2,Scenario5,xij,15,1.0
Stage2,Scenario5,xij,16,1.0
Stage2,Scenario5,xij,17,1.0
Stage2,Scenario5,xij,18,0.0
Stage2,Scenario5,xij,19,1.0
Stage2,Scenario5,xij,2,1.0
Stage2,Scenario5,xij,20,1.0
Stage2,Scenario5,xij,21,1.0
Stage2,Scenario5,xij,22,1.0
Stage2,Scenario5,xij,23,1.0
Stage2,Scenario5,xij,24,1.0
Stage2,Scenario5,xij,25,1.0
Stage2,Scenario5,xij,26,1.0
Stage2,Scenario5,xij,27,1.0
Stage2,Scenario5,xij,28,1.0
Stage2,Scenario5,xij,29,1.0
Stage2,Scenario5,xij,3,1.0
Stage2,Scenario5,xij,30,1.0
Stage2,Scenario5,xij,31,1.0
Stage2,Scenario5,xij,32,1.0
Stage2,Scenario5,xij,33,1.0
Stage2,Scenario5,xij,34,1.0
Stage2,Scenario5,xij,35,1.0
Stage2,Scenario5,xij,36,1.0
Stage2,Scenario5,xij,37,1.0
Stage2,Scenario5,xij,38,1.0
Stage2,Scenario5,xij,39,1.0
Stage2,Scenario5,xij,4,1.0
Stage2,Scenario5,xij,40,1.0
Stage2,Scenario5,xij,41,1.0
Stage2,Scenario5,xij,42,1.0
Stage2,Scenario5,xij,43,1.0
Stage2,Scenario5,xij,44,1.0
Stage2,Scenario5,xij,45,1.0
Stage2,Scenario5,xij,46,1.0
Stage2,Scenario5,xij,47,1.0
Stage2,Scenario5,xij,48,1.0
Stage2,Scenario5,xij,49,1.0
Stage2,Scenario5,xij,5,1.0
Stage2,Scenario5,xij,50,1.0
Stage2,Scenario5,xij,51,1.0
Stage2,Scenario5,xij,52,1.0
Stage2,Scenario5,xij,53,1.0
Stage2,Scenario5,xij,54,1.0
Stage2,Scenario5,xij,55,1.0
Stage2,Scenario5,xij,56,1.0
Stage2,Scenario5,xij,57,1.0
Stage2,Scenario5,xij,58,1.0
Stage2,Scenario5,xij,59,0.0
Stage2,Scenario5,xij,6,1.0
Stage2,Scenario5,xij,60,1.0
Stage2,Scenario5,xij,61,1.0
Stage2,Scenario5,xij,62,1.0
Stage2,Scenario5,xij,63,1.0
Stage2,Scenario5,xij,64,1.0
Stage2,Scenario5,xij,65,0.0
Stage2,Scenario5,xij,66,1.0
Stage2,Scenario5,xij,67,1.0
Stage2,Scenario5,xij,68,1.0
Stage2,Scenario5,xij,69,1.0
Stage2,Scenario5,xij,7,1.0
Stage2,Scenario5,xij,70,1.0
Stage2,Scenario5,xij,71,1.0
Stage2,Scenario5,xij,72,1.0
Stage2,Scenario5,xij,73,1.0
Stage2,Scenario5,xij,74,1.0
Stage2,Scenario5,xij,75,1.0
Stage2,Scenario5,xij,76,1.0
Stage2,Scenario5,xij,77,1.0
Stage2,Scenario5,xij,78,1.0
Stage2,Scenario5,xij,79,1.0
Stage2,Scenario5,xij,8,1.0
Stage2,Scenario5,xij,80,1.0
Stage2,Scenario5,xij,81,1.0
Stage2,Scenario5,xij,82,1.0
Stage2,Scenario5,xij,83,1.0
Stage2,Scenario5,xij,84,1.0
Stage2,Scenario5,xij,85,1.0
Stage2,Scenario5,xij,86,1.0
Stage2,Scenario5,xij,87,1.0
Stage2,Scenario5,xij,88,1.0
Stage2,Scenario5,xij,89,1.0
Stage2,Scenario5,xij,9,1.0
Stage2,Scenario5,xij,90,1.0
Stage2,Scenario5,xij,91,1.0
Stage2,Scenario5,xij,92,1.0
Stage2,Scenario5,xij,93,1.0
Stage2,Scenario5,xij,94,1.0
Stage2,Scenario5,xij,95,1.0
Stage2,Scenario5,xij,96,1.0
Stage2,Scenario5,xij,97,1.0
Stage2,Scenario5,xij,98,1.0
Stage2,Scenario5,xij,99,1.0
Stage2,Scenario6,Pij,0,-0.24247180697199242
Stage2,Scenario6,Pij,1,0.10283551072970246
Stage2,Scenario6,Pij,10,1.7803695665144026
Stage2,Scenario6,Pij,100,2.4996332718560152
Stage2,Scenario6,Pij,101,-0.3421062495900872
Stage2,Scenario6,Pij,102,1.0209848297377542
Stage2,Scenario6,Pij,103,-0.11615190436044266
Stage2,Scenario6,Pij,104,-0.11615190436044266
Stage2,Scenario6,Pij,105,-3.0486810210168778
Stage2,Scenario6,Pij,106,-0.039499914675143195
Stage2,Scenario6,Pij,107,0.9683784948228106
Stage2,Scenario6,Pij,108,1.0468653317852579
Stage2,Scenario6,Pij,109,-1.086365246460401
Stage2,Scenario6,Pij,11,0.10563043348559745
Stage2,Scenario6,Pij,110,-1.410665472409355
Stage2,Scenario6,Pij,111,-1.410665472409355
Stage2,Scenario6,Pij,112,-0.4208107525885945
Stage2,Scenario6,Pij,113,-0.4208107525885945
Stage2,Scenario6,Pij,114,-1.0608107525885946
Stage2,Scenario6,Pij,115,-1.0608107525885946
Stage2,Scenario6,Pij,116,-1.3536347535395967
Stage2,Scenario6,Pij,117,4.5014847444128785
Stage2,Scenario6,Pij,118,3.454196276603968
Stage2,Scenario6,Pij,119,4.5014847444128785
Stage2,Scenario6,Pij,12,-0.05878673591713891
Stage2,Scenario6,Pij,13,0.1291563024315416
Stage2,Scenario6,Pij,14,-0.7527006420250015
Stage2,Scenario6,Pij,15,-1.0443874626297005
Stage2,Scenario6,Pij,16,-1.1275423513433664
Stage2,Scenario6,Pij,17,-1.4235398146171003
Stage2,Scenario6,Pij,18,-1.2653559264370307
Stage2,Scenario6,Pij,19,-0.6148870669313387
Stage2,Scenario6,Pij,2,0.7396362962422864
Stage2,Scenario6,Pij,20,-0.7395904322970608
Stage2,Scenario6,Pij,21,-1.7283368449497403
Stage2,Scenario6,Pij,22,-1.518946358734091
Stage2,Scenario6,Pij,23,0.0
Stage2,Scenario6,Pij,24,-2.554887066931339
Stage2,Scenario6,Pij,25,1.1035961062319304
Stage2,Scenario6,Pij,26,-2.364028134551183
Stage2,Scenario6,Pij,27,-2.364028134551183
Stage2,Scenario6,Pij,28,1.804460162870433
Stage2,Scenario6,Pij,29,-2.418428475310513
Stage2,Scenario6,Pij,3,0.3764029576622991
Stage2,Scenario6,Pij,30,1.2171375146111054
Stage2,Scenario6,Pij,31,-2.0038656311435936
Stage2,Scenario6,Pij,32,-0.4145628441669196
Stage2,Scenario6,Pij,33,-1.6794328155717966
Stage2,Scenario6,Pij,34,-1.6794328155717966
Stage2,Scenario6,Pij,35,0.0
Stage2,Scenario6,Pij,36,-0.5928624853888942
Stage2,Scenario6,Pij,37,-0.9364312426944471
Stage2,Scenario6,Pij,38,-0.9364312426944471
Stage2,Scenario6,Pij,39,0.4145628441669196
Stage2,Scenario6,Pij,4,0.6001252353657052
Stage2,Scenario6,Pij,40,-1.450145689072728
Stage2,Scenario6,Pij,41,-0.47066413783044714
Stage2,Scenario6,Pij,42,-0.18756197564159438
Stage2,Scenario6,Pij,43,0.2982261134720381
Stage2,Scenario6,Pij,44,0.16841722359133593
Stage2,Scenario6,Pij,45,0.310918638578217
Stage2,Scenario6,Pij,46,-0.04259951613152274
Stage2,Scenario6,Pij,47,-1.8393320260244752
Stage2,Scenario6,Pij,48,-0.5715827764086641
Stage2,Scenario6,Pij,49,-0.4117738865279619
Stage2,Scenario6,Pij,5,0.1072956736001355
Stage2,Scenario6,Pij,50,-1.049081361421783
Stage2,Scenario6,Pij,51,-0.1499999999999998
Stage2,Scenario6,Pij,52,-1.0322970815475463
Stage2,Scenario6,Pij,53,-0.8277029184524535
Stage2,Scenario6,Pij,54,-1.2215403917392285
Stage2,Scenario6,Pij,55,-2.174938982348505
Stage2,Scenario6,Pij,56,-1.635534970724471
Stage2,Scenario6,Pij,57,-2.6030231956777268
Stage2,Scenario6,Pij,58,-2.563073836644301
Stage2,Scenario6,Pij,59,-0.2940015258193984
Stage2,Scenario6,Pij,6,-1.804460162870433
Stage2,Scenario6,Pij,60,-0.8445728770710796
Stage2,Scenario6,Pij,61,-1.933389300955154
Stage2,Scenario6,Pij,62,-1.6896467137153799
Stage2,Scenario6,Pij,63,-2.2340015258193984
Stage2,Scenario6,Pij,64,-0.14379160756288495
Stage2,Scenario6,Pij,65,-1.283610719739209
Stage2,Scenario6,Pij,66,-1.283610719739209
Stage2,Scenario6,Pij,67,1.8393320260244752
Stage2,Scenario6,Pij,68,-1.0966328714488531
Stage2,Scenario6,Pij,69,-1.03116026193343
Stage2,Scenario6,Pij,7,-0.09559704233770083
Stage2,Scenario6,Pij,70,-1.182963454851166
Stage2,Scenario6,Pij,71,-1.3638151056704149
Stage2,Scenario6,Pij,72,-0.591481727425583
Stage2,Scenario6,Pij,73,-0.591481727425583
Stage2,Scenario6,Pij,74,-1.4205801309667145
Stage2,Scenario6,Pij,75,-1.4205801309667145
Stage2,Scenario6,Pij,76,-2.0605801309667147
Stage2,Scenario6,Pij,77,-2.0605801309667147
Stage2,Scenario6,Pij,78,-1.6361848943295851
Stage2,Scenario6,Pij,79,0.8391241955701001
Stage2,Scenario6,Pij,8,0.02963629624228653
Stage2,Scenario6,Pij,80,-1.7499999999999998
Stage2,Scenario6,Pij,81,0.4308758044298943
Stage2,Scenario6,Pij,82,0.13997883814562662
Stage2,Scenario6,Pij,83,0.3291453574244676
Stage2,Scenario6,Pij,84,0.0
Stage2,Scenario6,Pij,85,1.5256810210168779
Stage2,Scenario6,Pij,86,-0.6000211618543734
Stage2,Scenario6,Pij,87,-0.2791241955701057
Stage2,Scenario6,Pij,88,-1.0308546425755325
Stage2,Scenario6,Pij,89,-0.8100000000000023
Stage2,Scenario6,Pij,9,-0.7598747646342949
Stage2,Scenario6,Pij,90,-1.3961777691416688
Stage2,Scenario6,Pij,91,-1.1238222308583332
Stage2,Scenario6,Pij,92,-0.8938095248578795
Stage2,Scenario6,Pij,93,-1.3693894061381626
Stage2,Scenario6,Pij,94,-1.4340964568080474
Stage2,Scenario6,Pij,95,-1.9167046121959208
Stage2,Scenario6,Pij,96,-3.9257997320758404
Stage2,Scenario6,Pij,97,1.5978937504099129
Stage2,Scenario6,Pij,98,-3.0685669960681445
Stage2,Scenario6,Pij,99,0.7234729777340523
Stage2,Scenario6,bus_gen,0:0,0.07999999999999831
Stage2,Scenario6,bus_gen,0:1,0.07999999999999831
Stage2,Scenario6,bus_gen,0:113,0.0
Stage2,Scenario6,bus_gen,0:117,0.0
Stage2,Scenario6,bus_gen,0:118,0.0
Stage2,Scenario6,bus_gen,0:119,0.0
Stage2,Scenario6,bus_gen,0:2,0.76
Stage2,Scenario6,bus_gen,0:3,0.76
Stage2,Scenario6,bus_gen,1:112,0.256
Stage2,Scenario6,bus_gen,1:114,0.253
Stage2,Scenario6,bus_gen,1:4,0.07999999999999831
Stage2,Scenario6,bus_gen,1:5,0.07999999999999831
Stage2,Scenario6,bus_gen,1:6,0.76
Stage2,Scenario6,bus_gen,1:7,0.76
Stage2,Scenario6,bus_gen,12:10,0.55
Stage2,Scenario6,bus_gen,12:109,0.9359999999999999
Stage2,Scenario6,bus_gen,12:11,0.55
Stage2,Scenario6,bus_gen,12:12,0.55
Stage2,Scenario6,bus_gen,12:9,0.55
Stage2,Scenario6,bus_gen,13:72,0.0
Stage2,Scenario6,bus_gen,14:13,0.049999999999998934
Stage2,Scenario6,bus_gen,14:14,0.049999999999998934
Stage2,Scenario6,bus_gen,14:15,1.2500000000000002
Stage2,Scenario6,bus_gen,15:16,1.2500000000000002
Stage2,Scenario6,bus_gen,17:141,0.0
Stage2,Scenario6,bus_gen,17:142,0.0
Stage2,Scenario6,bus_gen,17:143,0.0
Stage2,Scenario6,bus_gen,17:144,0.0
Stage2,Scenario6,bus_gen,17:145,0.0
Stage2,Scenario6,bus_gen,17:146,0.0
Stage2,Scenario6,bus_gen,17:148,0.0
Stage2,Scenario6,bus_gen,17:149,0.0
Stage2,Scenario6,bus_gen,17:150,0.0
Stage2,Scenario6,bus_gen,17:151,0.0
Stage2,Scenario6,bus_gen,17:17,1.9750000000000003
Stage2,Scenario6,bus_gen,18:121,0.0
Stage2,Scenario6,bus_gen,2:120,0.0
Stage2,Scenario6,bus_gen,20:73,4.0
Stage2,Scenario6,bus_gen,21:156,0.0
Stage2,Scenario6,bus_gen,21:74,0.0
Stage2,Scenario6,bus_gen,21:75,0.0
Stage2,Scenario6,bus_gen,21:76,0.0
Stage2,Scenario6,bus_gen,21:77,0.0
Stage2,Scenario6,bus_gen,21:78,0.0
Stage2,Scenario6,bus_gen,21:79,0.0
Stage2,Scenario6,bus_gen,22:18,0.6199999999999983
Stage2,Scenario6,bus_gen,22:19,1.3999999999999986
Stage2,Scenario6,bus_gen,22:20,0.55
Stage2,Scenario6,bus_gen,22:21,0.55
Stage2,Scenario6,bus_gen,22:22,0.55
Stage2,Scenario6,bus_gen,24:23,0.07999999999999831
Stage2,Scenario6,bus_gen,24:24,0.07999999999999831
Stage2,Scenario6,bus_gen,24:25,0.56
Stage2,Scenario6,bus_gen,24:80,0.0
Stage2,Scenario6,bus_gen,25:26,0.2
Stage2,Scenario6,bus_gen,25:27,0.2
Stage2,Scenario6,bus_gen,25:28,0.76
Stage2,Scenario6,bus_gen,25:29,0.76
Stage2,Scenario6,bus_gen,3:115,0.268
Stage2,Scenario6,bus_gen,30:30,0.55
Stage2,Scenario6,bus_gen,30:31,0.55
Stage2,Scenario6,bus_gen,35:116,2.0
Stage2,Scenario6,bus_gen,36:152,0.132
Stage2,Scenario6,bus_gen,36:32,3.136
Stage2,Scenario6,bus_gen,36:33,0.55
Stage2,Scenario6,bus_gen,36:34,0.55
Stage2,Scenario6,bus_gen,37:81,0.0
Stage2,Scenario6,bus_gen,38:111,1.251
Stage2,Scenario6,bus_gen,38:35,0.2199999999999989
Stage2,Scenario6,bus_gen,38:36,0.2199999999999989
Stage2,Scenario6,bus_gen,38:82,0.5
Stage2,Scenario6,bus_gen,38:83,0.0
Stage2,Scenario6,bus_gen,38:84,0.10731897898317455
Stage2,Scenario6,bus_gen,39:37,1.2500000000000002
Stage2,Scenario6,bus_gen,41:38,3.3300000000000005
Stage2,Scenario6,bus_gen,44:39,2.1139999999999985
Stage2,Scenario6,bus_gen,45:85,0.5
Stage2,Scenario6,bus_gen,45:86,0.5
Stage2,Scenario6,bus_gen,45:87,0.5
Stage2,Scenario6,bus_gen,45:88,0.5
Stage2,Scenario6,bus_gen,45:89,0.5
Stage2,Scenario6,bus_gen,45:90,0.5
Stage2,Scenario6,bus_gen,46:40,0.6199999999999983
Stage2,Scenario6,bus_gen,46:41,0.6199999999999983
Stage2,Scenario6,bus_gen,46:42,1.3999999999999986
Stage2,Scenario6,bus_gen,46:43,0.55
Stage2,Scenario6,bus_gen,46:44,0.55
Stage2,Scenario6,bus_gen,46:45,0.55
Stage2,Scenario6,bus_gen,48:46,0.07999999999999831
Stage2,Scenario6,bus_gen,48:47,0.07999999999999831
Stage2,Scenario6,bus_gen,48:48,0.2199999999999989
Stage2,Scenario6,bus_gen,48:49,0.2199999999999989
Stage2,Scenario6,bus_gen,49:50,0.07999999999999831
Stage2,Scenario6,bus_gen,49:51,0.07999999999999831
Stage2,Scenario6,bus_gen,49:52,0.2199999999999989
Stage2,Scenario6,bus_gen,49:53,0.2199999999999989
Stage2,Scenario6,bus_gen,50:155,5.075681021016878
Stage2,Scenario6,bus_gen,54:54,0.2199999999999989
Stage2,Scenario6,bus_gen,54:55,0.2199999999999989
Stage2,Scenario6,bus_gen,55:122,0.0
Stage2,Scenario6,bus_gen,56:153,1.483
Stage2,Scenario6,bus_gen,57:103,0.517
Stage2,Scenario6,bus_gen,57:106,0.5159999999999999
Stage2,Scenario6,bus_gen,59:105,0.941
Stage2,Scenario6,bus_gen,6:8,3.136
Stage2,Scenario6,bus_gen,60:102,0.9329999999999999
Stage2,Scenario6,bus_gen,60:123,1.0170000000000001
Stage2,Scenario6,bus_gen,60:124,0.631
Stage2,Scenario6,bus_gen,60:125,0.654
Stage2,Scenario6,bus_gen,60:126,0.67
Stage2,Scenario6,bus_gen,60:127,0.648
Stage2,Scenario6,bus_gen,60:128,0.638
Stage2,Scenario6,bus_gen,60:129,0.6409999999999999
Stage2,Scenario6,bus_gen,60:130,0.6659999999999999
Stage2,Scenario6,bus_gen,60:131,0.6240000000000001
Stage2,Scenario6,bus_gen,60:132,0.669
Stage2,Scenario6,bus_gen,60:133,0.652
Stage2,Scenario6,bus_gen,60:134,0.278
Stage2,Scenario6,bus_gen,60:138,0.272
Stage2,Scenario6,bus_gen,60:157,0.4999999999999992
Stage2,Scenario6,bus_gen,60:56,1.6999999999999984
Stage2,Scenario6,bus_gen,60:99,0.951
Stage2,Scenario6,bus_gen,61:100,0.0
Stage2,Scenario6,bus_gen,61:101,0.0
Stage2,Scenario6,bus_gen,61:91,0.0
Stage2,Scenario6,bus_gen,61:97,0.0
Stage2,Scenario6,bus_gen,61:98,0.0
Stage2,Scenario6,bus_gen,62:57,0.049999999999998934
Stage2,Scenario6,bus_gen,62:58,0.049999999999998934
Stage2,Scenario6,bus_gen,62:59,0.049999999999998934
Stage2,Scenario6,bus_gen,62:60,0.049999999999998934
Stage2,Scenario6,bus_gen,62:61,0.049999999999998934
Stage2,Scenario6,bus_gen,62:62,0.2199999999999989
Stage2,Scenario6,bus_gen,62:63,0.2199999999999989
Stage2,Scenario6,bus_gen,62:64,0.2199999999999989
Stage2,Scenario6,bus_gen,63:65,1.2500000000000002
Stage2,Scenario6,bus_gen,64:154,0.0
Stage2,Scenario6,bus_gen,65:66,2.9160000000000004
Stage2,Scenario6,bus_gen,66:110,0.0
Stage2,Scenario6,bus_gen,67:135,0.0
Stage2,Scenario6,bus_gen,67:136,0.0
Stage2,Scenario6,bus_gen,67:137,0.0
Stage2,Scenario6,bus_gen,67:139,0.0
Stage2,Scenario6,bus_gen,67:140,0.0
Stage2,Scenario6,bus_gen,67:147,0.0
Stage2,Scenario6,bus_gen,67:96,0.0
Stage2,Scenario6,bus_gen,68:67,1.6999999999999984
Stage2,Scenario6,bus_gen,69:68,0.2199999999999989
Stage2,Scenario6,bus_gen,69:69,0.2199999999999989
Stage2,Scenario6,bus_gen,69:92,0.5
Stage2,Scenario6,bus_gen,69:93,0.5
Stage2,Scenario6,bus_gen,69:94,0.5
Stage2,Scenario6,bus_gen,69:95,0.5
Stage2,Scenario6,bus_gen,70:70,1.6999999999999984
Stage2,Scenario6,bus_gen,70:71,1.6999999999999984
Stage2,Scenario6,bus_gen,71:104,0.49700000000000005
Stage2,Scenario6,bus_gen,71:107,0.516
Stage2,Scenario6,bus_gen,71:108,0.51
Stage2,Scenario6,cvar,None,27.4536842105263
Stage2,Scenario6,gen_curtailment,0:0,0.0
Stage2,Scenario6,gen_curtailment,0:1,0.0
Stage2,Scenario6,gen_curtailment,0:113,0.0
Stage2,Scenario6,gen_curtailment,0:117,0.0
Stage2,Scenario6,gen_curtailment,0:118,0.0
Stage2,Scenario6,gen_curtailment,0:119,0.0
Stage2,Scenario6,gen_curtailment,0:2,0.0
Stage2,Scenario6,gen_curtailment,0:3,0.0
Stage2,Scenario6,gen_curtailment,1:112,0.0
Stage2,Scenario6,gen_curtailment,1:114,0.0
Stage2,Scenario6,gen_curtailment,1:4,0.0
Stage2,Scenario6,gen_curtailment,1:5,0.0
Stage2,Scenario6,gen_curtailment,1:6,0.0
Stage2,Scenario6,gen_curtailment,1:7,0.0
Stage2,Scenario6,gen_curtailment,12:10,0.0
Stage2,Scenario6,gen_curtailment,12:109,0.0
Stage2,Scenario6,gen_curtailment,12:11,0.0
Stage2,Scenario6,gen_curtailment,12:12,0.0
Stage2,Scenario6,gen_curtailment,12:9,0.0
Stage2,Scenario6,gen_curtailment,13:72,0.0
Stage2,Scenario6,gen_curtailment,14:13,0.0
Stage2,Scenario6,gen_curtailment,14:14,0.0
Stage2,Scenario6,gen_curtailment,14:15,0.0
Stage2,Scenario6,gen_curtailment,15:16,0.0
Stage2,Scenario6,gen_curtailment,17:141,0.0
Stage2,Scenario6,gen_curtailment,17:142,0.0
Stage2,Scenario6,gen_curtailment,17:143,0.0
Stage2,Scenario6,gen_curtailment,17:144,0.0
Stage2,Scenario6,gen_curtailment,17:145,0.0
Stage2,Scenario6,gen_curtailment,17:146,0.0
Stage2,Scenario6,gen_curtailment,17:148,0.0
Stage2,Scenario6,gen_curtailment,17:149,0.0
Stage2,Scenario6,gen_curtailment,17:150,0.0
Stage2,Scenario6,gen_curtailment,17:151,0.0
Stage2,Scenario6,gen_curtailment,17:17,0.0
Stage2,Scenario6,gen_curtailment,18:121,0.0
Stage2,Scenario6,gen_curtailment,2:120,0.0
Stage2,Scenario6,gen_curtailment,20:73,0.0
Stage2,Scenario6,gen_curtailment,21:156,0.0
Stage2,Scenario6,gen_curtailment,21:74,0.0
Stage2,Scenario6,gen_curtailment,21:75,0.0
Stage2,Scenario6,gen_curtailment,21:76,0.0
Stage2,Scenario6,gen_curtailment,21:77,0.0
Stage2,Scenario6,gen_curtailment,21:78,0.0
Stage2,Scenario6,gen_curtailment,21:79,0.0
Stage2,Scenario6,gen_curtailment,22:18,0.0
Stage2,Scenario6,gen_curtailment,22:19,0.0
Stage2,Scenario6,gen_curtailment,22:20,0.0
Stage2,Scenario6,gen_curtailment,22:21,0.0
Stage2,Scenario6,gen_curtailment,22:22,0.0
Stage2,Scenario6,gen_curtailment,24:23,0.0
Stage2,Scenario6,gen_curtailment,24:24,0.0
Stage2,Scenario6,gen_curtailment,24:25,0.0
Stage2,Scenario6,gen_curtailment,24:80,0.0
Stage2,Scenario6,gen_curtailment,25:26,0.0
Stage2,Scenario6,gen_curtailment,25:27,0.0
Stage2,Scenario6,gen_curtailment,25:28,0.0
Stage2,Scenario6,gen_curtailment,25:29,0.0
Stage2,Scenario6,gen_curtailment,3:115,0.0
Stage2,Scenario6,gen_curtailment,30:30,0.0
Stage2,Scenario6,gen_curtailment,30:31,0.0
Stage2,Scenario6,gen_curtailment,35:116,0.0
Stage2,Scenario6,gen_curtailment,36:152,0.0
Stage2,Scenario6,gen_curtailment,36:32,0.0
Stage2,Scenario6,gen_curtailment,36:33,0.0
Stage2,Scenario6,gen_curtailment,36:34,0.0
Stage2,Scenario6,gen_curtailment,37:81,0.0
Stage2,Scenario6,gen_curtailment,38:111,0.0
Stage2,Scenario6,gen_curtailment,38:35,0.0
Stage2,Scenario6,gen_curtailment,38:36,0.0
Stage2,Scenario6,gen_curtailment,38:82,0.0
Stage2,Scenario6,gen_curtailment,38:83,0.0
Stage2,Scenario6,gen_curtailment,38:84,0.0
Stage2,Scenario6,gen_curtailment,39:37,0.0
Stage2,Scenario6,gen_curtailment,41:38,0.0
Stage2,Scenario6,gen_curtailment,44:39,0.0
Stage2,Scenario6,gen_curtailment,45:85,0.0
Stage2,Scenario6,gen_curtailment,45:86,0.0
Stage2,Scenario6,gen_curtailment,45:87,0.0
Stage2,Scenario6,gen_curtailment,45:88,0.0
Stage2,Scenario6,gen_curtailment,45:89,0.0
Stage2,Scenario6,gen_curtailment,45:90,0.0
Stage2,Scenario6,gen_curtailment,46:40,0.0
Stage2,Scenario6,gen_curtailment,46:41,0.0
Stage2,Scenario6,gen_curtailment,46:42,0.0
Stage2,Scenario6,gen_curtailment,46:43,0.0
Stage2,Scenario6,gen_curtailment,46:44,0.0
Stage2,Scenario6,gen_curtailment,46:45,0.0
Stage2,Scenario6,gen_curtailment,48:46,0.0
Stage2,Scenario6,gen_curtailment,48:47,0.0
Stage2,Scenario6,gen_curtailment,48:48,0.0
Stage2,Scenario6,gen_curtailment,48:49,0.0
Stage2,Scenario6,gen_curtailment,49:50,0.0
Stage2,Scenario6,gen_curtailment,49:51,0.0
Stage2,Scenario6,gen_curtailment,49:52,0.0
Stage2,Scenario6,gen_curtailment,49:53,0.0
Stage2,Scenario6,gen_curtailment,50:155,0.0
Stage2,Scenario6,gen_curtailment,54:54,0.0
Stage2,Scenario6,gen_curtailment,54:55,0.0
Stage2,Scenario6,gen_curtailment,55:122,0.0
Stage2,Scenario6,gen_curtailment,56:153,0.0
Stage2,Scenario6,gen_curtailment,57:103,0.0
Stage2,Scenario6,gen_curtailment,57:106,0.0
Stage2,Scenario6,gen_curtailment,59:105,0.0
Stage2,Scenario6,gen_curtailment,6:8,0.0
Stage2,Scenario6,gen_curtailment,60:102,0.0
Stage2,Scenario6,gen_curtailment,60:123,0.0
Stage2,Scenario6,gen_curtailment,60:124,0.0
Stage2,Scenario6,gen_curtailment,60:125,0.0
Stage2,Scenario6,gen_curtailment,60:126,0.0
Stage2,Scenario6,gen_curtailment,60:127,0.0
Stage2,Scenario6,gen_curtailment,60:128,0.0
Stage2,Scenario6,gen_curtailment,60:129,0.0
Stage2,Scenario6,gen_curtailment,60:130,0.0
Stage2,Scenario6,gen_curtailment,60:131,0.0
Stage2,Scenario6,gen_curtailment,60:132,0.0
Stage2,Scenario6,gen_curtailment,60:133,0.0
Stage2,Scenario6,gen_curtailment,60:134,0.0
Stage2,Scenario6,gen_curtailment,60:138,0.0
Stage2,Scenario6,gen_curtailment,60:157,0.0
Stage2,Scenario6,gen_curtailment,60:56,0.0
Stage2,Scenario6,gen_curtailment,60:99,0.0
Stage2,Scenario6,gen_curtailment,61:100,0.0
Stage2,Scenario6,gen_curtailment,61:101,0.0
Stage2,Scenario6,gen_curtailment,61:91,0.0
Stage2,Scenario6,gen_curtailment,61:97,0.0
Stage2,Scenario6,gen_curtailment,61:98,0.0
Stage2,Scenario6,gen_curtailment,62:57,0.0
Stage2,Scenario6,gen_curtailment,62:58,0.0
Stage2,Scenario6,gen_curtailment,62:59,0.0
Stage2,Scenario6,gen_curtailment,62:60,0.0
Stage2,Scenario6,gen_curtailment,62:61,0.0
Stage2,Scenario6,gen_curtailment,62:62,0.0
Stage2,Scenario6,gen_curtailment,62:63,0.0
Stage2,Scenario6,gen_curtailment,62:64,0.0
Stage2,Scenario6,gen_curtailment,63:65,0.0
Stage2,Scenario6,gen_curtailment,64:154,0.0
Stage2,Scenario6,gen_curtailment,65:66,0.0
Stage2,Scenario6,gen_curtailment,66:110,0.0
Stage2,Scenario6,gen_curtailment,67:135,0.0
Stage2,Scenario6,gen_curtailment,67:136,0.0
Stage2,Scenario6,gen_curtailment,67:137,0.0
Stage2,Scenario6,gen_curtailment,67:139,0.0
Stage2,Scenario6,gen_curtailment,67:140,0.0
Stage2,Scenario6,gen_curtailment,67:147,0.0
Stage2,Scenario6,gen_curtailment,67:96,0.0
Stage2,Scenario6,gen_curtailment,68:67,0.0
Stage2,Scenario6,gen_curtailment,69:68,0.0
Stage2,Scenario6,gen_curtailment,69:69,0.0
Stage2,Scenario6,gen_curtailment,69:92,0.0
Stage2,Scenario6,gen_curtailment,69:93,0.0
Stage2,Scenario6,gen_curtailment,69:94,0.0
Stage2,Scenario6,gen_curtailment,69:95,0.0
Stage2,Scenario6,gen_curtailment,70:70,0.0
Stage2,Scenario6,gen_curtailment,70:71,0.0
Stage2,Scenario6,gen_curtailment,71:104,0.0
Stage2,Scenario6,gen_curtailment,71:107,0.0
Stage2,Scenario6,gen_curtailment,71:108,0.0
Stage2,Scenario6,load_shed,0,0.0
Stage2,Scenario6,load_shed,1,0.0
Stage2,Scenario6,load_shed,10,0.0
Stage2,Scenario6,load_shed,11,0.0
Stage2,Scenario6,load_shed,12,0.0
Stage2,Scenario6,load_shed,13,0.0
Stage2,Scenario6,load_shed,14,0.0
Stage2,Scenario6,load_shed,15,0.0
Stage2,Scenario6,load_shed,16,0.0
Stage2,Scenario6,load_shed,17,0.0
Stage2,Scenario6,load_shed,18,0.0
Stage2,Scenario6,load_shed,19,0.0
Stage2,Scenario6,load_shed,2,0.0
Stage2,Scenario6,load_shed,20,0.0
Stage2,Scenario6,load_shed,21,0.0
Stage2,Scenario6,load_shed,22,0.0
Stage2,Scenario6,load_shed,23,0.0
Stage2,Scenario6,load_shed,24,0.0
Stage2,Scenario6,load_shed,25,0.0
Stage2,Scenario6,load_shed,26,0.0
Stage2,Scenario6,load_shed,27,0.0
Stage2,Scenario6,load_shed,28,0.0
Stage2,Scenario6,load_shed,29,0.0
Stage2,Scenario6,load_shed,3,0.0
Stage2,Scenario6,load_shed,30,0.0
Stage2,Scenario6,load_shed,31,0.0
Stage2,Scenario6,load_shed,32,0.0
Stage2,Scenario6,load_shed,33,0.0
Stage2,Scenario6,load_shed,34,0.0
Stage2,Scenario6,load_shed,35,0.0
Stage2,Scenario6,load_shed,36,0.0
Stage2,Scenario6,load_shed,37,0.0
Stage2,Scenario6,load_shed,38,0.0
Stage2,Scenario6,load_shed,39,0.0
Stage2,Scenario6,load_shed,4,0.0
Stage2,Scenario6,load_shed,40,0.0
Stage2,Scenario6,load_shed,41,0.0
Stage2,Scenario6,load_shed,42,0.0
Stage2,Scenario6,load_shed,43,0.0
Stage2,Scenario6,load_shed,44,0.0
Stage2,Scenario6,load_shed,45,0.0
Stage2,Scenario6,load_shed,46,0.0
Stage2,Scenario6,load_shed,47,0.0
Stage2,Scenario6,load_shed,48,0.0
Stage2,Scenario6,load_shed,49,0.0
Stage2,Scenario6,load_shed,5,0.0
Stage2,Scenario6,load_shed,50,0.0
Stage2,Scenario6,load_shed,51,0.0
Stage2,Scenario6,load_shed,52,0.0
Stage2,Scenario6,load_shed,53,0.0
Stage2,Scenario6,load_shed,54,0.0
Stage2,Scenario6,load_shed,55,0.0
Stage2,Scenario6,load_shed,56,0.0
Stage2,Scenario6,load_shed,57,0.0
Stage2,Scenario6,load_shed,58,0.0
Stage2,Scenario6,load_shed,59,0.0
Stage2,Scenario6,load_shed,6,0.0
Stage2,Scenario6,load_shed,60,0.0
Stage2,Scenario6,load_shed,61,0.0
Stage2,Scenario6,load_shed,62,0.0
Stage2,Scenario6,load_shed,63,0.0
Stage2,Scenario6,load_shed,64,0.0
Stage2,Scenario6,load_shed,65,0.0
Stage2,Scenario6,load_shed,66,0.0
Stage2,Scenario6,load_shed,67,0.0
Stage2,Scenario6,load_shed,68,0.0
Stage2,Scenario6,load_shed,69,0.0
Stage2,Scenario6,load_shed,7,0.0
Stage2,Scenario6,load_shed,70,0.0
Stage2,Scenario6,load_shed,71,0.0
Stage2,Scenario6,load_shed,72,0.0
Stage2,Scenario6,load_shed,8,0.0
Stage2,Scenario6,load_shed,9,0.0
Stage2,Scenario6,load_shed_value,None,0.0
Stage2,Scenario6,nu,None,0.0
Stage2,Scenario6,theta,0,-0.09139426609459739
Stage2,Scenario6,theta,1,-0.0879996607969895
Stage2,Scenario6,theta,10,-0.06073708446897747
Stage2,Scenario6,theta,11,-0.035500340750258916
Stage2,Scenario6,theta,12,0.0
Stage2,Scenario6,theta,13,-0.034911827657861244
Stage2,Scenario6,theta,14,0.13458764309703056
Stage2,Scenario6,theta,15,0.11582650929108773
Stage2,Scenario6,theta,16,0.17870564964916105
Stage2,Scenario6,theta,17,0.20675976848517139
Stage2,Scenario6,theta,18,0.0878323464550323
Stage2,Scenario6,theta,19,0.11154684587058808
Stage2,Scenario6,theta,2,-0.1130925588585651
Stage2,Scenario6,theta,20,0.25042502169003816
Stage2,Scenario6,theta,21,0.22223474828668763
Stage2,Scenario6,theta,22,0.1321483332098659
Stage2,Scenario6,theta,23,0.04075571462776803
Stage2,Scenario6,theta,24,-0.08354008853748773
Stage2,Scenario6,theta,25,-0.07695079060786147
Stage2,Scenario6,theta,26,-0.04396451167711124
Stage2,Scenario6,theta,27,-0.09833977800396114
Stage2,Scenario6,theta,28,-0.10888930818261099
Stage2,Scenario6,theta,29,-0.13664716921487913
Stage2,Scenario6,theta,3,-0.1358028364201015
Stage2,Scenario6,theta,30,-0.21837418771280517
Stage2,Scenario6,theta,31,-0.20922418771280518
Stage2,Scenario6,theta,32,-0.03889516925746003
Stage2,Scenario6,theta,33,-0.07265320616815037
Stage2,Scenario6,theta,34,0.06679250543581804
Stage2,Scenario6,theta,35,0.14928055149533262
Stage2,Scenario6,theta,36,0.18982004959474447
Stage2,Scenario6,theta,37,0.07914056952023277
Stage2,Scenario6,theta,38,0.20850220221500823
Stage2,Scenario6,theta,39,0.21094665954357728
Stage2,Scenario6,theta,4,-0.15426335127519172
Stage2,Scenario6,theta,40,0.23945911420124777
Stage2,Scenario6,theta,41,0.2560206025691641
Stage2,Scenario6,theta,42,0.23466334556804616
Stage2,Scenario6,theta,43,0.2914865508067148
Stage2,Scenario6,theta,44,0.2713991274822295
Stage2,Scenario6,theta,45,0.38265970029664126
Stage2,Scenario6,theta,46,0.3368193136879825
Stage2,Scenario6,theta,47,0.11285693686173554
Stage2,Scenario6,theta,48,0.646402562368554
Stage2,Scenario6,theta,49,0.6346548236305726
Stage2,Scenario6,theta,5,-0.2032237059872049
Stage2,Scenario6,theta,50,1.015652562368554
Stage2,Scenario6,theta,51,0.616877511186078
Stage2,Scenario6,theta,52,0.6097781189920128
Stage2,Scenario6,theta,53,0.5714589150050748
Stage2,Scenario6,theta,54,0.3995003801105571
Stage2,Scenario6,theta,55,0.44891038011055723
Stage2,Scenario6,theta,56,0.6792797120189326
Stage2,Scenario6,theta,57,0.6343410482021822
Stage2,Scenario6,theta,58,0.7566121121096363
Stage2,Scenario6,theta,59,0.7977592834380063
Stage2,Scenario6,theta,6,-0.02695801188592996
Stage2,Scenario6,theta,60,0.9450504992492766
Stage2,Scenario6,theta,61,0.68950057459242
Stage2,Scenario6,theta,62,0.727041585423777
Stage2,Scenario6,theta,63,0.7096848433182352
Stage2,Scenario6,theta,64,0.7107118410997888
Stage2,Scenario6,theta,65,0.6960557264547953
Stage2,Scenario6,theta,66,0.6874121379373105
Stage2,Scenario6,theta,67,0.7042445680408543
Stage2,Scenario6,theta,68,0.7327330287374385
Stage2,Scenario6,theta,69,0.8247801919781309
Stage2,Scenario6,theta,7,-0.13556055544330853
Stage2,Scenario6,theta,70,0.7275824045978033
Stage2,Scenario6,theta,71,0.8855729985166549
Stage2,Scenario6,theta,72,0.6870690418980874
Stage2,Scenario6,theta,8,-0.1258607440169806
Stage2,Scenario6,theta,9,-0.15687134534451289
Stage2,Scenario6,xij,0,1.0
Stage2,Scenario6,xij,1,1.0
Stage2,Scenario6,xij,10,1.0
Stage2,Scenario6,xij,100,1.0
Stage2,Scenario6,xij,101,1.0
Stage2,Scenario6,xij,102,1.0
Stage2,Scenario6,xij,103,1.0
Stage2,Scenario6,xij,104,1.0
Stage2,Scenario6,xij,105,1.0
Stage2,Scenario6,xij,106,1.0
Stage2,Scenario6,xij,107,1.0
Stage2,Scenario6,xij,108,1.0
Stage2,Scenario6,xij,109,1.0
Stage2,Scenario6,xij,11,1.0
Stage2,Scenario6,xij,110,1.0
Stage2,Scenario6,xij,111,1.0
Stage2,Scenario6,xij,112,1.0
Stage2,Scenario6,xij,113,1.0
Stage2,Scenario6,xij,114,1.0
Stage2,Scenario6,xij,115,1.0
Stage2,Scenario6,xij,116,1.0
Stage2,Scenario6,xij,117,1.0
Stage2,Scenario6,xij,118,1.0
Stage2,Scenario6,xij,119,1.0
Stage2,Scenario6,xij,12,1.0
Stage2,Scenario6,xij,13,1.0
Stage2,Scenario6,xij,14,1.0
Stage2,Scenario6,xij,15,1.0
Stage2,Scenario6,xij,16,1.0
Stage2,Scenario6,xij,17,1.0
Stage2,Scenario6,xij,18,1.0
Stage2,Scenario6,xij,19,1.0
Stage2,Scenario6,xij,2,1.0
Stage2,Scenario6,xij,20,1.0
Stage2,Scenario6,xij,21,1.0
Stage2,Scenario6,xij,22,1.0
Stage2,Scenario6,xij,23,0.0
Stage2,Scenario6,xij,24,1.0
Stage2,Scenario6,xij,25,1.0
Stage2,Scenario6,xij,26,1.0
Stage2,Scenario6,xij,27,1.0
Stage2,Scenario6,xij,28,1.0
Stage2,Scenario6,xij,29,1.0
Stage2,Scenario6,xij,3,1.0
Stage2,Scenario6,xij,30,1.0
Stage2,Scenario6,xij,31,1.0
Stage2,Scenario6,xij,32,1.0
Stage2,Scenario6,xij,33,1.0
Stage2,Scenario6,xij,34,1.0
Stage2,Scenario6,xij,35,0.0
Stage2,Scenario6,xij,36,1.0
Stage2,Scenario6,xij,37,1.0
Stage2,Scenario6,xij,38,1.0
Stage2,Scenario6,xij,39,1.0
Stage2,Scenario6,xij,4,1.0
Stage2,Scenario6,xij,40,1.0
Stage2,Scenario6,xij,41,1.0
Stage2,Scenario6,xij,42,1.0
Stage2,Scenario6,xij,43,1.0
Stage2,Scenario6,xij,44,1.0
Stage2,Scenario6,xij,45,1.0
Stage2,Scenario6,xij,46,1.0
Stage2,Scenario6,xij,47,1.0
Stage2,Scenario6,xij,48,1.0
Stage2,Scenario6,xij,49,1.0
Stage2,Scenario6,xij,5,1.0
Stage2,Scenario6,xij,50,1.0
Stage2,Scenario6,xij,51,1.0
Stage2,Scenario6,xij,52,1.0
Stage2,Scenario6,xij,53,1.0
Stage2,Scenario6,xij,54,1.0
Stage2,Scenario6,xij,55,1.0
Stage2,Scenario6,xij,56,1.0
Stage2,Scenario6,xij,57,1.0
Stage2,Scenario6,xij,58,1.0
Stage2,Scenario6,xij,59,1.0
Stage2,Scenario6,xij,6,1.0
Stage2,Scenario6,xij,60,1.0
Stage2,Scenario6,xij,61,1.0
Stage2,Scenario6,xij,62,1.0
Stage2,Scenario6,xij,63,1.0
Stage2,Scenario6,xij,64,1.0
Stage2,Scenario6,xij,65,1.0
Stage2,Scenario6,xij,66,1.0
Stage2,Scenario6,xij,67,1.0
Stage2,Scenario6,xij,68,1.0
Stage2,Scenario6,xij,69,1.0
Stage2,Scenario6,xij,7,1.0
Stage2,Scenario6,xij,70,1.0
Stage2,Scenario6,xij,71,1.0
Stage2,Scenario6,xij,72,1.0
Stage2,Scenario6,xij,73,1.0
Stage2,Scenario6,xij,74,1.0
Stage2,Scenario6,xij,75,1.0
Stage2,Scenario6,xij,76,1.0
Stage2,Scenario6,xij,77,1.0
Stage2,Scenario6,xij,78,1.0
Stage2,Scenario6,xij,79,1.0
Stage2,Scenario6,xij,8,1.0
Stage2,Scenario6,xij,80,1.0
Stage2,Scenario6,xij,81,1.0
Stage2,Scenario6,xij,82,1.0
Stage2,Scenario6,xij,83,1.0
Stage2,Scenario6,xij,84,0.0
Stage2,Scenario6,xij,85,1.0
Stage2,Scenario6,xij,86,1.0
Stage2,Scenario6,xij,87,1.0
Stage2,Scenario6,xij,88,1.0
Stage2,Scenario6,xij,89,1.0
Stage2,Scenario6,xij,9,1.0
Stage2,Scenario6,xij,90,1.0
Stage2,Scenario6,xij,91,1.0
Stage2,Scenario6,xij,92,1.0
Stage2,Scenario6,xij,93,1.0
Stage2,Scenario6,xij,94,1.0
Stage2,Scenario6,xij,95,1.0
Stage2,Scenario6,xij,96,1.0
Stage2,Scenario6,xij,97,1.0
Stage2,Scenario6,xij,98,1.0
Stage2,Scenario6,xij,99,1.0
Stage2,Scenario7,Pij,0,0.22511770042467136
Stage2,Scenario7,Pij,1,-0.4589346625679996
Stage2,Scenario7,Pij,10,1.0095483292568197
Stage2,Scenario7,Pij,100,0.6750380376124183
Stage2,Scenario7,Pij,101,0.5012810597882599
Stage2,Scenario7,Pij,102,-2.6923459643121213
Stage2,Scenario7,Pij,103,-0.4899027538151057
Stage2,Scenario7,Pij,104,-0.4899027538151057
Stage2,Scenario7,Pij,105,1.4121514719423336
Stage2,Scenario7,Pij,106,0.8074477439796411
Stage2,Scenario7,Pij,107,-2.7485126485034477
Stage2,Scenario7,Pij,108,0.9759390439051013
Stage2,Scenario7,Pij,109,-0.1684912999254602
Stage2,Scenario7,Pij,11,0.8764516707431804
Stage2,Scenario7,Pij,110,-0.4958515962221624
Stage2,Scenario7,Pij,111,-0.4958515962221624
Stage2,Scenario7,Pij,112,-2.279256324251724
Stage2,Scenario7,Pij,113,-2.279256324251724
Stage2,Scenario7,Pij,114,-1.9252563242517238
Stage2,Scenario7,Pij,115,-1.9252563242517238
Stage2,Scenario7,Pij,116,-0.27150870007453753
Stage2,Scenario7,Pij,117,-0.7766422363494079
Stage2,Scenario7,Pij,118,1.5536422363494264
Stage2,Scenario7,Pij,119,-0.7766422363494079
Stage2,Scenario7,Pij,12,-0.49299024512351713
Stage2,Scenario7,Pij,13,-0.20746142561966305
Stage2,Scenario7,Pij,14,-1.153849546279327
Stage2,Scenario7,Pij,15,-1.1356830965032731
Stage2,Scenario7,Pij,16,-1.723473117079795
Stage2,Scenario7,Pij,17,-1.705038197602617
Stage2,Scenario7,Pij,18,-0.9324658999263378
Stage2,Scenario7,Pij,19,-1.9448567634327838
Stage2,Scenario7,Pij,2,0.4338169621433249
Stage2,Scenario7,Pij,20,-0.9652109256476749
Stage2,Scenario7,Pij,21,-1.875510368458215
Stage2,Scenario7,Pij,22,-1.5585561070041207
Stage2,Scenario7,Pij,23,0.1468792814301074
Stage2,Scenario7,Pij,24,-3.8848567634327837
Stage2,Scenario7,Pij,25,1.9697047004862749
Stage2,Scenario7,Pij,26,-3.216056206882209
Stage2,Scenario7,Pij,27,-3.216056206882209
Stage2,Scenario7,Pij,28,2.782407713278144
Stage2,Scenario7,Pij,29,-5.0
Stage2,Scenario7,Pij,3,0.16998455163079562
Stage2,Scenario7,Pij,30,3.3348479370534907
Stage2,Scenario7,Pij,31,-1.2576933511373725
Stage2,Scenario7,Pij,32,-3.7423066488626278
Stage2,Scenario7,Pij,33,0.0
Stage2,Scenario7,Pij,34,-1.6716933511373724
Stage2,Scenario7,Pij,35,1.0954239685267453
Stage2,Scenario7,Pij,36,1.0954239685267453
Stage2,Scenario7,Pij,37,0.45542396852674516
Stage2,Scenario7,Pij,38,0.45542396852674516
Stage2,Scenario7,Pij,39,-4.880448001251199
Stage2,Scenario7,Pij,4,0.3651331487938725
Stage2,Scenario7,Pij,40,1.1467814615911556
Stage2,Scenario7,Pij,41,-0.3052633961630788
Stage2,Scenario7,Pij,42,-0.5325699821672656
Stage2,Scenario7,Pij,43,0.47783337833034095
Stage2,Scenario7,Pij,44,0.2201561216336323
Stage2,Scenario7,Pij,45,0.42458048220328903
Stage2,Scenario7,Pij,46,0.6890306116670507
Stage2,Scenario7,Pij,47,-2.145148923092379
Stage2,Scenario7,Pij,48,-0.5198438783663678
Stage2,Scenario7,Pij,49,-0.23216662166965896
Stage2,Scenario7,Pij,5,0.5234730507101446
Stage2,Scenario7,Pij,50,-0.9354195177967111
Stage2,Scenario7,Pij,51,-0.8100000000000023
Stage2,Scenario7,Pij,52,-1.4132205996971619
Stage2,Scenario7,Pij,53,-1.1067794003028404
Stage2,Scenario7,Pij,54,-1.3227807040935495
Stage2,Scenario7,Pij,55,-1.6712531623025713
Stage2,Scenario7,Pij,56,-1.9353716211381302
Stage2,Scenario7,Pij,57,-2.288993918631029
Stage2,Scenario7,Pij,58,-1.9712607505463584
Stage2,Scenario7,Pij,59,-1.2868915746853218
Stage2,Scenario7,Pij,6,-2.782407713278144
Stage2,Scenario7,Pij,60,-1.3431391446252934
Stage2,Scenario7,Pij,61,-2.317107936308479
Stage2,Scenario7,Pij,62,-1.842399895171654
Stage2,Scenario7,Pij,63,-3.2268915746853217
Stage2,Scenario7,Pij,64,1.0326322594498503
Stage2,Scenario7,Pij,65,-1.6053282756124858
Stage2,Scenario7,Pij,66,-1.6053282756124858
Stage2,Scenario7,Pij,67,2.145148923092379
Stage2,Scenario7,Pij,68,-3.0501249103661827
Stage2,Scenario7,Pij,69,1.105865595130712
Stage2,Scenario7,Pij,7,-0.5700154483692044
Stage2,Scenario7,Pij,70,-0.6263920831903986
Stage2,Scenario7,Pij,71,-1.2769513655846287
Stage2,Scenario7,Pij,72,-0.3131960415951993
Stage2,Scenario7,Pij,73,-0.3131960415951993
Stage2,Scenario7,Pij,74,-0.35206720243464407
Stage2,Scenario7,Pij,75,-0.35206720243464407
Stage2,Scenario7,Pij,76,-0.9920672024346441
Stage2,Scenario7,Pij,77,-0.9920672024346441
Stage2,Scenario7,Pij,78,-1.7230486344153713
Stage2,Scenario7,Pij,79,0.03143541577964611
Stage2,Scenario7,Pij,8,-0.2761830378566751
Stage2,Scenario7,Pij,80,-0.2678804986154172
Stage2,Scenario7,Pij,81,-0.24355491716423472
Stage2,Scenario7,Pij,82,-0.2512321870253894
Stage2,Scenario7,Pij,83,-0.08733239719497021
Stage2,Scenario7,Pij,84,-0.6557290266730835
Stage2,Scenario7,Pij,85,-1.4121514719423336
Stage2,Scenario7,Pij,86,-0.9912321870253894
Stage2,Scenario7,Pij,87,-0.9535549171642347
Stage2,Scenario7,Pij,88,-1.4473323971949703
Stage2,Scenario7,Pij,89,-0.8100000000000023
Stage2,Scenario7,Pij,9,-0.9948668512061276
Stage2,Scenario7,Pij,90,-1.3507258748864783
Stage2,Scenario7,Pij,91,-1.169274125113524
Stage2,Scenario7,Pij,92,-2.1928967325084407
Stage2,Scenario7,Pij,93,-2.55479035607651
Stage2,Scenario7,Pij,94,-2.576459817137787
Stage2,Scenario7,Pij,95,-2.9437016223349417
Stage2,Scenario7,Pij,96,-4.735637609434487
Stage2,Scenario7,Pij,97,-0.03371894021174027
Stage2,Scenario7,Pij,98,-4.083324352953094
Stage2,Scenario7,Pij,99,-1.4151676254583758
Stage2,Scenario7,bus_gen,0:0,0.0799999999999983
Stage2,Scenario7,bus_gen,0:1,0.0799999999999983
Stage2,Scenario7,bus_gen,0:113,0.0
Stage2,Scenario7,bus_gen,0:117,0.0
Stage2,Scenario7,bus_gen,0:118,0.0
Stage2,Scenario7,bus_gen,0:119,0.0
Stage2,Scenario7,bus_gen,0:2,0.56
Stage2,Scenario7,bus_gen,0:3,0.56
Stage2,Scenario7,bus_gen,1:112,0.0
Stage2,Scenario7,bus_gen,1:114,0.0
Stage2,Scenario7,bus_gen,1:4,0.0799999999999983
Stage2,Scenario7,bus_gen,1:5,0.0799999999999983
Stage2,Scenario7,bus_gen,1:6,0.56
Stage2,Scenario7,bus_gen,1:7,0.56
Stage2,Scenario7,bus_gen,12:10,0.5499999999999999
Stage2,Scenario7,bus_gen,12:109,0.9359999999999999
Stage2,Scenario7,bus_gen,12:11,0.5499999999999999
Stage2,Scenario7,bus_gen,12:12,0.5499999999999999
Stage2,Scenario7,bus_gen,12:9,0.5499999999999999
Stage2,Scenario7,bus_gen,13:72,0.0
Stage2,Scenario7,bus_gen,14:13,0.12
Stage2,Scenario7,bus_gen,14:14,0.12
Stage2,Scenario7,bus_gen,14:15,1.2500000000000002
Stage2,Scenario7,bus_gen,15:16,1.2500000000000002
Stage2,Scenario7,bus_gen,17:141,0.09300000000000001
Stage2,Scenario7,bus_gen,17:142,0.097
Stage2,Scenario7,bus_gen,17:143,0.094
Stage2,Scenario7,bus_gen,17:144,0.091
Stage2,Scenario7,bus_gen,17:145,0.091
Stage2,Scenario7,bus_gen,17:146,0.09699999999999999
Stage2,Scenario7,bus_gen,17:148,0.11800000000000001
Stage2,Scenario7,bus_gen,17:149,0.11199999999999999
Stage2,Scenario7,bus_gen,17:150,0.10300000000000001
Stage2,Scenario7,bus_gen,17:151,0.045
Stage2,Scenario7,bus_gen,17:17,1.9750000000000003
Stage2,Scenario7,bus_gen,18:121,0.6659999999999999
Stage2,Scenario7,bus_gen,2:120,0.0
Stage2,Scenario7,bus_gen,20:73,4.0
Stage2,Scenario7,bus_gen,21:156,7.135
Stage2,Scenario7,bus_gen,21:74,0.48775465011382657
Stage2,Scenario7,bus_gen,21:75,0.0
Stage2,Scenario7,bus_gen,21:76,0.5
Stage2,Scenario7,bus_gen,21:77,0.0
Stage2,Scenario7,bus_gen,21:78,0.5
Stage2,Scenario7,bus_gen,21:79,0.0
Stage2,Scenario7,bus_gen,22:18,0.6199999999999983
Stage2,Scenario7,bus_gen,22:19,1.3999999999999986
Stage2,Scenario7,bus_gen,22:20,0.5499999999999999
Stage2,Scenario7,bus_gen,22:21,0.5499999999999999
Stage2,Scenario7,bus_gen,22:22,0.5499999999999999
Stage2,Scenario7,bus_gen,24:23,0.0799999999999983
Stage2,Scenario7,bus_gen,24:24,0.0799999999999983
Stage2,Scenario7,bus_gen,24:25,0.56
Stage2,Scenario7,bus_gen,24:80,0.0
Stage2,Scenario7,bus_gen,25:26,0.2
Stage2,Scenario7,bus_gen,25:27,0.2
Stage2,Scenario7,bus_gen,25:28,0.76
Stage2,Scenario7,bus_gen,25:29,0.76
Stage2,Scenario7,bus_gen,3:115,0.0
Stage2,Scenario7,bus_gen,30:30,0.21999999999999886
Stage2,Scenario7,bus_gen,30:31,0.21999999999999886
Stage2,Scenario7,bus_gen,35:116,0.29999999999999893
Stage2,Scenario7,bus_gen,36:152,0.132
Stage2,Scenario7,bus_gen,36:32,3.55
Stage2,Scenario7,bus_gen,36:33,0.21999999999999886
Stage2,Scenario7,bus_gen,36:34,0.21999999999999886
Stage2,Scenario7,bus_gen,37:81,0.0
Stage2,Scenario7,bus_gen,38:111,1.251
Stage2,Scenario7,bus_gen,38:35,0.5499999999999999
Stage2,Scenario7,bus_gen,38:36,0.5499999999999999
Stage2,Scenario7,bus_gen,38:82,0.5
Stage2,Scenario7,bus_gen,38:83,0.0
Stage2,Scenario7,bus_gen,38:84,0.13924534988714976
Stage2,Scenario7,bus_gen,39:37,1.2500000000000002
Stage2,Scenario7,bus_gen,41:38,3.33
Stage2,Scenario7,bus_gen,44:39,2.113999999999999
Stage2,Scenario7,bus_gen,45:85,0.5
Stage2,Scenario7,bus_gen,45:86,0.5
Stage2,Scenario7,bus_gen,45:87,0.5
Stage2,Scenario7,bus_gen,45:88,0.5
Stage2,Scenario7,bus_gen,45:89,0.5
Stage2,Scenario7,bus_gen,45:90,0.5
Stage2,Scenario7,bus_gen,46:40,0.7699999999999984
Stage2,Scenario7,bus_gen,46:41,0.7699999999999984
Stage2,Scenario7,bus_gen,46:42,1.3999999999999986
Stage2,Scenario7,bus_gen,46:43,0.5499999999999999
Stage2,Scenario7,bus_gen,46:44,0.5499999999999999
Stage2,Scenario7,bus_gen,46:45,0.5499999999999999
Stage2,Scenario7,bus_gen,48:46,0.0799999999999983
Stage2,Scenario7,bus_gen,48:47,0.0799999999999983
Stage2,Scenario7,bus_gen,48:48,0.21999999999999886
Stage2,Scenario7,bus_gen,48:49,0.21999999999999886
Stage2,Scenario7,bus_gen,49:50,0.0799999999999983
Stage2,Scenario7,bus_gen,49:51,0.0799999999999983
Stage2,Scenario7,bus_gen,49:52,0.21999999999999886
Stage2,Scenario7,bus_gen,49:53,0.21999999999999886
Stage2,Scenario7,bus_gen,50:155,0.0
Stage2,Scenario7,bus_gen,54:54,0.21999999999999886
Stage2,Scenario7,bus_gen,54:55,0.21999999999999886
Stage2,Scenario7,bus_gen,55:122,0.0
Stage2,Scenario7,bus_gen,56:153,0.0
Stage2,Scenario7,bus_gen,57:103,0.0
Stage2,Scenario7,bus_gen,57:106,0.0
Stage2,Scenario7,bus_gen,59:105,0.0
Stage2,Scenario7,bus_gen,6:8,3.136
Stage2,Scenario7,bus_gen,60:102,0.9329999999999999
Stage2,Scenario7,bus_gen,60:123,1.0170000000000001
Stage2,Scenario7,bus_gen,60:124,0.631
Stage2,Scenario7,bus_gen,60:125,0.654
Stage2,Scenario7,bus_gen,60:126,0.67
Stage2,Scenario7,bus_gen,60:127,0.6480000000000006
Stage2,Scenario7,bus_gen,60:128,0.638
Stage2,Scenario7,bus_gen,60:129,0.6409999999999999
Stage2,Scenario7,bus_gen,60:130,0.6659999999999999
Stage2,Scenario7,bus_gen,60:131,0.6239999999999997
Stage2,Scenario7,bus_gen,60:132,0.669
Stage2,Scenario7,bus_gen,60:133,0.652
Stage2,Scenario7,bus_gen,60:134,0.278
Stage2,Scenario7,bus_gen,60:138,0.272
Stage2,Scenario7,bus_gen,60:157,0.5
Stage2,Scenario7,bus_gen,60:56,1.6999999999999984
Stage2,Scenario7,bus_gen,60:99,0.951
Stage2,Scenario7,bus_gen,61:100,0.927
Stage2,Scenario7,bus_gen,61:101,0.516
Stage2,Scenario7,bus_gen,61:91,0.0
Stage2,Scenario7,bus_gen,61:97,0.516
Stage2,Scenario7,bus_gen,61:98,0.516
Stage2,Scenario7,bus_gen,62:57,0.049999999999998934
Stage2,Scenario7,bus_gen,62:58,0.049999999999998934
Stage2,Scenario7,bus_gen,62:59,0.049999999999998934
Stage2,Scenario7,bus_gen,62:60,0.049999999999998934
Stage2,Scenario7,bus_gen,62:61,0.049999999999998934
Stage2,Scenario7,bus_gen,62:62,0.21999999999999886
Stage2,Scenario7,bus_gen,62:63,0.21999999999999886
Stage2,Scenario7,bus_gen,62:64,0.21999999999999886
Stage2,Scenario7,bus_gen,63:65,1.2500000000000002
Stage2,Scenario7,bus_gen,64:154,0.0
Stage2,Scenario7,bus_gen,65:66,2.9160000000000004
Stage2,Scenario7,bus_gen,66:110,0.0
Stage2,Scenario7,bus_gen,67:135,0.273
Stage2,Scenario7,bus_gen,67:136,0.27
Stage2,Scenario7,bus_gen,67:137,0.28300000000000003
Stage2,Scenario7,bus_gen,67:139,0.27
Stage2,Scenario7,bus_gen,67:140,0.282
Stage2,Scenario7,bus_gen,67:147,0.094
Stage2,Scenario7,bus_gen,67:96,0.516
Stage2,Scenario7,bus_gen,68:67,1.6999999999999984
Stage2,Scenario7,bus_gen,69:68,0.21999999999999886
Stage2,Scenario7,bus_gen,69:69,0.21999999999999886
Stage2,Scenario7,bus_gen,69:92,0.0
Stage2,Scenario7,bus_gen,69:93,0.0
Stage2,Scenario7,bus_gen,69:94,0.0
Stage2,Scenario7,bus_gen,69:95,0.0
Stage2,Scenario7,bus_gen,70:70,1.9069999999999985
Stage2,Scenario7,bus_gen,70:71,1.9069999999999985
Stage2,Scenario7,bus_gen,71:104,0.0
Stage2,Scenario7,bus_gen,71:107,0.0
Stage2,Scenario7,bus_gen,71:108,0.0
Stage2,Scenario7,cvar,None,27.4536842105263
Stage2,Scenario7,gen_curtailment,0:0,0.0
Stage2,Scenario7,gen_curtailment,0:1,0.0
Stage2,Scenario7,gen_curtailment,0:113,0.0
Stage2,Scenario7,gen_curtailment,0:117,0.0
Stage2,Scenario7,gen_curtailment,0:118,0.0
Stage2,Scenario7,gen_curtailment,0:119,0.0
Stage2,Scenario7,gen_curtailment,0:2,0.0
Stage2,Scenario7,gen_curtailment,0:3,0.0
Stage2,Scenario7,gen_curtailment,1:112,0.0
Stage2,Scenario7,gen_curtailment,1:114,0.0
Stage2,Scenario7,gen_curtailment,1:4,0.0
Stage2,Scenario7,gen_curtailment,1:5,0.0
Stage2,Scenario7,gen_curtailment,1:6,0.0
Stage2,Scenario7,gen_curtailment,1:7,0.0
Stage2,Scenario7,gen_curtailment,12:10,0.0
Stage2,Scenario7,gen_curtailment,12:109,0.0
Stage2,Scenario7,gen_curtailment,12:11,0.0
Stage2,Scenario7,gen_curtailment,12:12,0.0
Stage2,Scenario7,gen_curtailment,12:9,0.0
Stage2,Scenario7,gen_curtailment,13:72,0.0
Stage2,Scenario7,gen_curtailment,14:13,0.0
Stage2,Scenario7,gen_curtailment,14:14,0.0
Stage2,Scenario7,gen_curtailment,14:15,0.0
Stage2,Scenario7,gen_curtailment,15:16,0.0
Stage2,Scenario7,gen_curtailment,17:141,0.0
Stage2,Scenario7,gen_curtailment,17:142,0.0
Stage2,Scenario7,gen_curtailment,17:143,0.0
Stage2,Scenario7,gen_curtailment,17:144,0.0
Stage2,Scenario7,gen_curtailment,17:145,0.0
Stage2,Scenario7,gen_curtailment,17:146,0.0
Stage2,Scenario7,gen_curtailment,17:148,0.0
Stage2,Scenario7,gen_curtailment,17:149,0.0
Stage2,Scenario7,gen_curtailment,17:150,0.0
Stage2,Scenario7,gen_curtailment,17:151,0.0
Stage2,Scenario7,gen_curtailment,17:17,0.0
Stage2,Scenario7,gen_curtailment,18:121,0.0
Stage2,Scenario7,gen_curtailment,2:120,0.0
Stage2,Scenario7,gen_curtailment,20:73,0.0
Stage2,Scenario7,gen_curtailment,21:156,0.0
Stage2,Scenario7,gen_curtailment,21:74,0.0
Stage2,Scenario7,gen_curtailment,21:75,0.0
Stage2,Scenario7,gen_curtailment,21:76,0.0
Stage2,Scenario7,gen_curtailment,21:77,0.0
Stage2,Scenario7,gen_curtailment,21:78,0.0
Stage2,Scenario7,gen_curtailment,21:79,0.0
Stage2,Scenario7,gen_curtailment,22:18,0.0
Stage2,Scenario7,gen_curtailment,22:19,0.0
Stage2,Scenario7,gen_curtailment,22:20,0.0
Stage2,Scenario7,gen_curtailment,22:21,0.0
Stage2,Scenario7,gen_curtailment,22:22,0.0
Stage2,Scenario7,gen_curtailment,24:23,0.0
Stage2,Scenario7,gen_curtailment,24:24,0.0
Stage2,Scenario7,gen_curtailment,24:25,0.0
Stage2,Scenario7,gen_curtailment,24:80,0.0
Stage2,Scenario7,gen_curtailment,25:26,0.0
Stage2,Scenario7,gen_curtailment,25:27,0.0
Stage2,Scenario7,gen_curtailment,25:28,0.0
Stage2,Scenario7,gen_curtailment,25:29,0.0
Stage2,Scenario7,gen_curtailment,3:115,0.0
Stage2,Scenario7,gen_curtailment,30:30,0.0
Stage2,Scenario7,gen_curtailment,30:31,0.0
Stage2,Scenario7,gen_curtailment,35:116,0.0
Stage2,Scenario7,gen_curtailment,36:152,0.0
Stage2,Scenario7,gen_curtailment,36:32,0.0
Stage2,Scenario7,gen_curtailment,36:33,0.0
Stage2,Scenario7,gen_curtailment,36:34,0.0
Stage2,Scenario7,gen_curtailment,37:81,0.0
Stage2,Scenario7,gen_curtailment,38:111,0.0
Stage2,Scenario7,gen_curtailment,38:35,0.0
Stage2,Scenario7,gen_curtailment,38:36,0.0
Stage2,Scenario7,gen_curtailment,38:82,0.0
Stage2,Scenario7,gen_curtailment,38:83,0.0
Stage2,Scenario7,gen_curtailment,38:84,0.0
Stage2,Scenario7,gen_curtailment,39:37,0.0
Stage2,Scenario7,gen_curtailment,41:38,0.0
Stage2,Scenario7,gen_curtailment,44:39,0.0
Stage2,Scenario7,gen_curtailment,45:85,0.0
Stage2,Scenario7,gen_curtailment,45:86,0.0
Stage2,Scenario7,gen_curtailment,45:87,0.0
Stage2,Scenario7,gen_curtailment,45:88,0.0
Stage2,Scenario7,gen_curtailment,45:89,0.0
Stage2,Scenario7,gen_curtailment,45:90,0.0
Stage2,Scenario7,gen_curtailment,46:40,0.0
Stage2,Scenario7,gen_curtailment,46:41,0.0
Stage2,Scenario7,gen_curtailment,46:42,0.0
Stage2,Scenario7,gen_curtailment,46:43,0.0
Stage2,Scenario7,gen_curtailment,46:44,0.0
Stage2,Scenario7,gen_curtailment,46:45,0.0
Stage2,Scenario7,gen_curtailment,48:46,0.0
Stage2,Scenario7,gen_curtailment,48:47,0.0
Stage2,Scenario7,gen_curtailment,48:48,0.0
Stage2,Scenario7,gen_curtailment,48:49,0.0
Stage2,Scenario7,gen_curtailment,49:50,0.0
Stage2,Scenario7,gen_curtailment,49:51,0.0
Stage2,Scenario7,gen_curtailment,49:52,0.0
Stage2,Scenario7,gen_curtailment,49:53,0.0
Stage2,Scenario7,gen_curtailment,50:155,0.0
Stage2,Scenario7,gen_curtailment,54:54,0.0
Stage2,Scenario7,gen_curtailment,54:55,0.0
Stage2,Scenario7,gen_curtailment,55:122,0.0
Stage2,Scenario7,gen_curtailment,56:153,0.0
Stage2,Scenario7,gen_curtailment,57:103,0.0
Stage2,Scenario7,gen_curtailment,57:106,0.0
Stage2,Scenario7,gen_curtailment,59:105,0.0
Stage2,Scenario7,gen_curtailment,6:8,0.0
Stage2,Scenario7,gen_curtailment,60:102,0.0
Stage2,Scenario7,gen_curtailment,60:123,0.0
Stage2,Scenario7,gen_curtailment,60:124,0.0
Stage2,Scenario7,gen_curtailment,60:125,0.0
Stage2,Scenario7,gen_curtailment,60:126,0.0
Stage2,Scenario7,gen_curtailment,60:127,0.0
Stage2,Scenario7,gen_curtailment,60:128,0.0
Stage2,Scenario7,gen_curtailment,60:129,0.0
Stage2,Scenario7,gen_curtailment,60:130,0.0
Stage2,Scenario7,gen_curtailment,60:131,0.0
Stage2,Scenario7,gen_curtailment,60:132,0.0
Stage2,Scenario7,gen_curtailment,60:133,0.0
Stage2,Scenario7,gen_curtailment,60:134,0.0
Stage2,Scenario7,gen_curtailment,60:138,0.0
Stage2,Scenario7,gen_curtailment,60:157,0.0
Stage2,Scenario7,gen_curtailment,60:56,0.0
Stage2,Scenario7,gen_curtailment,60:99,0.0
Stage2,Scenario7,gen_curtailment,61:100,0.0
Stage2,Scenario7,gen_curtailment,61:101,0.0
Stage2,Scenario7,gen_curtailment,61:91,0.0
Stage2,Scenario7,gen_curtailment,61:97,0.0
Stage2,Scenario7,gen_curtailment,61:98,0.0
Stage2,Scenario7,gen_curtailment,62:57,0.0
Stage2,Scenario7,gen_curtailment,62:58,0.0
Stage2,Scenario7,gen_curtailment,62:59,0.0
Stage2,Scenario7,gen_curtailment,62:60,0.0
Stage2,Scenario7,gen_curtailment,62:61,0.0
Stage2,Scenario7,gen_curtailment,62:62,0.0
Stage2,Scenario7,gen_curtailment,62:63,0.0
Stage2,Scenario7,gen_curtailment,62:64,0.0
Stage2,Scenario7,gen_curtailment,63:65,0.0
Stage2,Scenario7,gen_curtailment,64:154,0.0
Stage2,Scenario7,gen_curtailment,65:66,0.0
Stage2,Scenario7,gen_curtailment,66:110,0.0
Stage2,Scenario7,gen_curtailment,67:135,0.0
Stage2,Scenario7,gen_curtailment,67:136,0.0
Stage2,Scenario7,gen_curtailment,67:137,0.0
Stage2,Scenario7,gen_curtailment,67:139,0.0
Stage2,Scenario7,gen_curtailment,67:140,0.0
Stage2,Scenario7,gen_curtailment,67:147,0.0
Stage2,Scenario7,gen_curtailment,67:96,0.0
Stage2,Scenario7,gen_curtailment,68:67,0.0
Stage2,Scenario7,gen_curtailment,69:68,0.0
Stage2,Scenario7,gen_curtailment,69:69,0.0
Stage2,Scenario7,gen_curtailment,69:92,0.0
Stage2,Scenario7,gen_curtailment,69:93,0.0
Stage2,Scenario7,gen_curtailment,69:94,0.0
Stage2,Scenario7,gen_curtailment,69:95,0.0
Stage2,Scenario7,gen_curtailment,70:70,0.0
Stage2,Scenario7,gen_curtailment,70:71,0.0
Stage2,Scenario7,gen_curtailment,71:104,0.0
Stage2,Scenario7,gen_curtailment,71:107,0.0
Stage2,Scenario7,gen_curtailment,71:108,0.0
Stage2,Scenario7,load_shed,0,0.0
Stage2,Scenario7,load_shed,1,0.0
Stage2,Scenario7,load_shed,10,0.0
Stage2,Scenario7,load_shed,11,0.0
Stage2,Scenario7,load_shed,12,0.0
Stage2,Scenario7,load_shed,13,0.0
Stage2,Scenario7,load_shed,14,0.0
Stage2,Scenario7,load_shed,15,0.0
Stage2,Scenario7,load_shed,16,0.0
Stage2,Scenario7,load_shed,17,0.0
Stage2,Scenario7,load_shed,18,0.0
Stage2,Scenario7,load_shed,19,0.0
Stage2,Scenario7,load_shed,2,0.0
Stage2,Scenario7,load_shed,20,0.0
Stage2,Scenario7,load_shed,21,0.0
Stage2,Scenario7,load_shed,22,0.0
Stage2,Scenario7,load_shed,23,0.0
Stage2,Scenario7,load_shed,24,0.0
Stage2,Scenario7,load_shed,25,0.0
Stage2,Scenario7,load_shed,26,0.0
Stage2,Scenario7,load_shed,27,0.0
Stage2,Scenario7,load_shed,28,0.0
Stage2,Scenario7,load_shed,29,0.0
Stage2,Scenario7,load_shed,3,0.0
Stage2,Scenario7,load_shed,30,0.0
Stage2,Scenario7,load_shed,31,0.0
Stage2,Scenario7,load_shed,32,0.0
Stage2,Scenario7,load_shed,33,0.0
Stage2,Scenario7,load_shed,34,0.0
Stage2,Scenario7,load_shed,35,0.0
Stage2,Scenario7,load_shed,36,0.0
Stage2,Scenario7,load_shed,37,0.0
Stage2,Scenario7,load_shed,38,0.0
Stage2,Scenario7,load_shed,39,0.0
Stage2,Scenario7,load_shed,4,0.0
Stage2,Scenario7,load_shed,40,0.0
Stage2,Scenario7,load_shed,41,0.0
Stage2,Scenario7,load_shed,42,0.0
Stage2,Scenario7,load_shed,43,0.0
Stage2,Scenario7,load_shed,44,0.0
Stage2,Scenario7,load_shed,45,0.0
Stage2,Scenario7,load_shed,46,0.0
Stage2,Scenario7,load_shed,47,0.0
Stage2,Scenario7,load_shed,48,0.0
Stage2,Scenario7,load_shed,49,0.0
Stage2,Scenario7,load_shed,5,0.0
Stage2,Scenario7,load_shed,50,0.0
Stage2,Scenario7,load_shed,51,0.0
Stage2,Scenario7,load_shed,52,0.0
Stage2,Scenario7,load_shed,53,0.0
Stage2,Scenario7,load_shed,54,0.0
Stage2,Scenario7,load_shed,55,0.0
Stage2,Scenario7,load_shed,56,0.0
Stage2,Scenario7,load_shed,57,0.0
Stage2,Scenario7,load_shed,58,0.0
Stage2,Scenario7,load_shed,59,0.0
Stage2,Scenario7,load_shed,6,0.0
Stage2,Scenario7,load_shed,60,0.0
Stage2,Scenario7,load_shed,61,0.0
Stage2,Scenario7,load_shed,62,0.0
Stage2,Scenario7,load_shed,63,0.0
Stage2,Scenario7,load_shed,64,0.0
Stage2,Scenario7,load_shed,65,0.0
Stage2,Scenario7,load_shed,66,0.0
Stage2,Scenario7,load_shed,67,0.0
Stage2,Scenario7,load_shed,68,0.0
Stage2,Scenario7,load_shed,69,0.0
Stage2,Scenario7,load_shed,7,0.0
Stage2,Scenario7,load_shed,70,0.0
Stage2,Scenario7,load_shed,71,0.0
Stage2,Scenario7,load_shed,72,0.0
Stage2,Scenario7,load_shed,8,0.0
Stage2,Scenario7,load_shed,9,0.0
Stage2,Scenario7,load_shed_value,None,0.0
Stage2,Scenario7,nu,None,0.0
Stage2,Scenario7,theta,0,-0.1791313467078924
Stage2,Scenario7,theta,1,-0.1822829945138378
Stage2,Scenario7,theta,10,-0.044758363196464215
Stage2,Scenario7,theta,11,-0.046330124431088394
Stage2,Scenario7,theta,12,0.0
Stage2,Scenario7,theta,13,0.03692562086771271
Stage2,Scenario7,theta,14,0.2996171498185136
Stage2,Scenario7,theta,15,0.26613216991024696
Stage2,Scenario7,theta,16,0.39613216991024697
Stage2,Scenario7,theta,17,0.4137398768261702
Stage2,Scenario7,theta,18,0.18943066735801667
Stage2,Scenario7,theta,19,0.1456137086169469
Stage2,Scenario7,theta,2,-0.08229613290604443
Stage2,Scenario7,theta,20,0.45720390395574184
Stage2,Scenario7,theta,21,0.7890743680408229
Stage2,Scenario7,theta,22,0.1355943813093585
Stage2,Scenario7,theta,23,0.15493194872805016
Stage2,Scenario7,theta,24,-0.417831353528211
Stage2,Scenario7,theta,25,-0.4135576659819279
Stage2,Scenario7,theta,26,-0.3054590872909179
Stage2,Scenario7,theta,27,-0.44151749342939917
Stage2,Scenario7,theta,28,-0.45844719068629
Stage2,Scenario7,theta,29,-0.4950771185649594
Stage2,Scenario7,theta,3,-0.20387103257094885
Stage2,Scenario7,theta,30,-0.6700451290293288
Stage2,Scenario7,theta,31,-0.6206351290293286
Stage2,Scenario7,theta,32,-0.387453730079297
Stage2,Scenario7,theta,33,-0.43801652797936
Stage2,Scenario7,theta,34,-0.27300674356112303
Stage2,Scenario7,theta,35,-0.24285690647687846
Stage2,Scenario7,theta,36,-0.17838622753489783
Stage2,Scenario7,theta,37,-0.2189572974243395
Stage2,Scenario7,theta,38,-0.011015946107258052
Stage2,Scenario7,theta,39,-0.02857069451790551
Stage2,Scenario7,theta,4,-0.216005788490075
Stage2,Scenario7,theta,40,0.050732553151612986
Stage2,Scenario7,theta,41,0.059502042316278564
Stage2,Scenario7,theta,42,-0.054005603205911884
Stage2,Scenario7,theta,43,-0.039922915108526136
Stage2,Scenario7,theta,44,0.06764513939775375
Stage2,Scenario7,theta,45,0.184812446537999
Stage2,Scenario7,theta,46,-0.018097436654963963
Stage2,Scenario7,theta,47,-0.1225636901080617
Stage2,Scenario7,theta,48,-0.11798643375644749
Stage2,Scenario7,theta,49,-0.11842652957736254
Stage2,Scenario7,theta,5,-0.2523885590822613
Stage2,Scenario7,theta,50,-0.06146364854859451
Stage2,Scenario7,theta,51,-0.08652004182513809
Stage2,Scenario7,theta,52,-0.09728426579748753
Stage2,Scenario7,theta,53,-0.10165870931592826
Stage2,Scenario7,theta,54,-0.25571166373076665
Stage2,Scenario7,theta,55,-0.2063016637307665
Stage2,Scenario7,theta,56,0.016568105625502424
Stage2,Scenario7,theta,57,-0.013371433087035011
Stage2,Scenario7,theta,58,0.20629753092213274
Stage2,Scenario7,theta,59,0.2376085672332421
Stage2,Scenario7,theta,6,-0.16435036830126593
Stage2,Scenario7,theta,60,0.43360813617498817
Stage2,Scenario7,theta,61,0.20771372641102584
Stage2,Scenario7,theta,62,0.13236826249021244
Stage2,Scenario7,theta,63,0.1781381438835185
Stage2,Scenario7,theta,64,0.15714450254004783
Stage2,Scenario7,theta,65,0.1434813559253764
Stage2,Scenario7,theta,66,0.2413539347990978
Stage2,Scenario7,theta,67,0.33252418776916676
Stage2,Scenario7,theta,68,0.15637349742715262
Stage2,Scenario7,theta,69,0.17483608903222114
Stage2,Scenario7,theta,7,-0.22593281638593193
Stage2,Scenario7,theta,70,0.37487982690270466
Stage2,Scenario7,theta,71,0.05893638594920886
Stage2,Scenario7,theta,72,0.3818696070298493
Stage2,Scenario7,theta,8,-0.1445894259405516
Stage2,Scenario7,theta,9,-0.19170168115868752
Stage2,Scenario7,xij,0,1.0
Stage2,Scenario7,xij,1,1.0
Stage2,Scenario7,xij,10,1.0
Stage2,Scenario7,xij,100,1.0
Stage2,Scenario7,xij,101,1.0
Stage2,Scenario7,xij,102,1.0
Stage2,Scenario7,xij,103,1.0
Stage2,Scenario7,xij,104,1.0
Stage2,Scenario7,xij,105,1.0
Stage2,Scenario7,xij,106,1.0
Stage2,Scenario7,xij,107,1.0
Stage2,Scenario7,xij,108,1.0
Stage2,Scenario7,xij,109,1.0
Stage2,Scenario7,xij,11,1.0
Stage2,Scenario7,xij,110,1.0
Stage2,Scenario7,xij,111,1.0
Stage2,Scenario7,xij,112,1.0
Stage2,Scenario7,xij,113,1.0
Stage2,Scenario7,xij,114,1.0
Stage2,Scenario7,xij,115,1.0
Stage2,Scenario7,xij,116,1.0
Stage2,Scenario7,xij,117,1.0
Stage2,Scenario7,xij,118,1.0
Stage2,Scenario7,xij,119,1.0
Stage2,Scenario7,xij,12,1.0
Stage2,Scenario7,xij,13,1.0
Stage2,Scenario7,xij,14,1.0
Stage2,Scenario7,xij,15,1.0
Stage2,Scenario7,xij,16,1.0
Stage2,Scenario7,xij,17,1.0
Stage2,Scenario7,xij,18,1.0
Stage2,Scenario7,xij,19,1.0
Stage2,Scenario7,xij,2,1.0
Stage2,Scenario7,xij,20,1.0
Stage2,Scenario7,xij,21,1.0
Stage2,Scenario7,xij,22,1.0
Stage2,Scenario7,xij,23,1.0
Stage2,Scenario7,xij,24,1.0
Stage2,Scenario7,xij,25,1.0
Stage2,Scenario7,xij,26,1.0
Stage2,Scenario7,xij,27,1.0
Stage2,Scenario7,xij,28,1.0
Stage2,Scenario7,xij,29,1.0
Stage2,Scenario7,xij,3,1.0
Stage2,Scenario7,xij,30,1.0
Stage2,Scenario7,xij,31,1.0
Stage2,Scenario7,xij,32,1.0
Stage2,Scenario7,xij,33,0.0
Stage2,Scenario7,xij,34,1.0
Stage2,Scenario7,xij,35,1.0
Stage2,Scenario7,xij,36,1.0
Stage2,Scenario7,xij,37,1.0
Stage2,Scenario7,xij,38,1.0
Stage2,Scenario7,xij,39,1.0
Stage2,Scenario7,xij,4,1.0
Stage2,Scenario7,xij,40,1.0
Stage2,Scenario7,xij,41,1.0
Stage2,Scenario7,xij,42,1.0
Stage2,Scenario7,xij,43,1.0
Stage2,Scenario7,xij,44,1.0
Stage2,Scenario7,xij,45,1.0
Stage2,Scenario7,xij,46,1.0
Stage2,Scenario7,xij,47,1.0
Stage2,Scenario7,xij,48,1.0
Stage2,Scenario7,xij,49,1.0
Stage2,Scenario7,xij,5,1.0
Stage2,Scenario7,xij,50,1.0
Stage2,Scenario7,xij,51,1.0
Stage2,Scenario7,xij,52,1.0
Stage2,Scenario7,xij,53,1.0
Stage2,Scenario7,xij,54,1.0
Stage2,Scenario7,xij,55,1.0
Stage2,Scenario7,xij,56,1.0
Stage2,Scenario7,xij,57,1.0
Stage2,Scenario7,xij,58,1.0
Stage2,Scenario7,xij,59,1.0
Stage2,Scenario7,xij,6,1.0
Stage2,Scenario7,xij,60,1.0
Stage2,Scenario7,xij,61,1.0
Stage2,Scenario7,xij,62,1.0
Stage2,Scenario7,xij,63,1.0
Stage2,Scenario7,xij,64,1.0
Stage2,Scenario7,xij,65,1.0
Stage2,Scenario7,xij,66,1.0
Stage2,Scenario7,xij,67,1.0
Stage2,Scenario7,xij,68,1.0
Stage2,Scenario7,xij,69,1.0
Stage2,Scenario7,xij,7,1.0
Stage2,Scenario7,xij,70,1.0
Stage2,Scenario7,xij,71,1.0
Stage2,Scenario7,xij,72,1.0
Stage2,Scenario7,xij,73,1.0
Stage2,Scenario7,xij,74,1.0
Stage2,Scenario7,xij,75,1.0
Stage2,Scenario7,xij,76,1.0
Stage2,Scenario7,xij,77,1.0
Stage2,Scenario7,xij,78,1.0
Stage2,Scenario7,xij,79,1.0
Stage2,Scenario7,xij,8,1.0
Stage2,Scenario7,xij,80,1.0
Stage2,Scenario7,xij,81,1.0
Stage2,Scenario7,xij,82,1.0
Stage2,Scenario7,xij,83,1.0
Stage2,Scenario7,xij,84,1.0
Stage2,Scenario7,xij,85,1.0
Stage2,Scenario7,xij,86,1.0
Stage2,Scenario7,xij,87,1.0
Stage2,Scenario7,xij,88,1.0
Stage2,Scenario7,xij,89,1.0
Stage2,Scenario7,xij,9,1.0
Stage2,Scenario7,xij,90,1.0
Stage2,Scenario7,xij,91,1.0
Stage2,Scenario7,xij,92,1.0
Stage2,Scenario7,xij,93,1.0
Stage2,Scenario7,xij,94,1.0
Stage2,Scenario7,xij,95,1.0
Stage2,Scenario7,xij,96,1.0
Stage2,Scenario7,xij,97,1.0
Stage2,Scenario7,xij,98,1.0
Stage2,Scenario7,xij,99,1.0
Stage2,Scenario8,Pij,0,-0.1936132523568215
Stage2,Scenario8,Pij,1,-0.32612876459555845
Stage2,Scenario8,Pij,10,1.0807620389265582
Stage2,Scenario8,Pij,100,1.1937296309016312
Stage2,Scenario8,Pij,101,-0.5059284953527399
Stage2,Scenario8,Pij,102,-1.511024828174307
Stage2,Scenario8,Pij,103,-0.6328084106422437
Stage2,Scenario8,Pij,104,-0.6328084106422437
Stage2,Scenario8,Pij,105,0.5166416494587858
Stage2,Scenario8,Pij,106,0.12078322755574507
Stage2,Scenario8,Pij,107,-1.8877365510827924
Stage2,Scenario8,Pij,108,1.1287633082433504
Stage2,Scenario8,Pij,109,-1.0079800806876054
Stage2,Scenario8,Pij,11,0.8052379610734419
Stage2,Scenario8,Pij,110,-0.9332015490139519
Stage2,Scenario8,Pij,111,-0.9332015490139519
Stage2,Scenario8,Pij,112,-1.8488682755413963
Stage2,Scenario8,Pij,113,-1.8488682755413963
Stage2,Scenario8,Pij,114,-1.4948682755413962
Stage2,Scenario8,Pij,115,-1.4948682755413962
Stage2,Scenario8,Pij,116,-1.4320199193123924
Stage2,Scenario8,Pij,117,1.2878335937287293
Stage2,Scenario8,Pij,118,2.5811664062712545
Stage2,Scenario8,Pij,119,1.2878335937287293
Stage2,Scenario8,Pij,12,-0.46247223564411005
Stage2,Scenario8,Pij,13,-0.16676572542933177
Stage2,Scenario8,Pij,14,-0.7857644765605413
Stage2,Scenario8,Pij,15,-0.9275846933066599
Stage2,Scenario8,Pij,16,-1.3696448123088958
Stage2,Scenario8,Pij,17,-1.5135608943271246
Stage2,Scenario8,Pij,18,-0.49377075655895014
Stage2,Scenario8,Pij,19,-1.6616385323104863
Stage2,Scenario8,Pij,2,0.7197420169523766
Stage2,Scenario8,Pij,20,-0.23813981587407135
Stage2,Scenario8,Pij,21,-2.2030057717597122
Stage2,Scenario8,Pij,22,0.0
Stage2,Scenario8,Pij,23,-0.24591057243302125
Stage2,Scenario8,Pij,24,-3.6016385323104863
Stage2,Scenario8,Pij,25,1.9913464699833874
Stage2,Scenario8,Pij,26,-2.936014777276807
Stage2,Scenario8,Pij,27,-2.936014777276807
Stage2,Scenario8,Pij,28,2.200683084570227
Stage2,Scenario8,Pij,29,-3.0208040391751165
Stage2,Scenario8,Pij,3,0.28156874580224334
Stage2,Scenario8,Pij,30,1.960511976848015
Stage2,Scenario8,Pij,31,-3.0208040391751165
Stage2,Scenario8,Pij,32,0.0
Stage2,Scenario8,Pij,33,-2.187902019587558
Stage2,Scenario8,Pij,34,-2.187902019587558
Stage2,Scenario8,Pij,35,0.40825598842400734
Stage2,Scenario8,Pij,36,0.40825598842400734
Stage2,Scenario8,Pij,37,-0.2317440115759927
Stage2,Scenario8,Pij,38,-0.2317440115759927
Stage2,Scenario8,Pij,39,-5.0
Stage2,Scenario8,Pij,4,0.5838180018409354
Stage2,Scenario8,Pij,40,1.3035062050882995
Stage2,Scenario8,Pij,41,-0.4856151201608082
Stage2,Scenario8,Pij,42,-0.5843848798391952
Stage2,Scenario8,Pij,43,0.71
Stage2,Scenario8,Pij,44,-0.04584483950730911
Stage2,Scenario8,Pij,45,-0.12977028065350216
Stage2,Scenario8,Pij,46,0.24333142888765208
Stage2,Scenario8,Pij,47,-1.822478347653406
Stage2,Scenario8,Pij,48,-0.7858448395073091
Stage2,Scenario8,Pij,49,0.0
Stage2,Scenario8,Pij,5,0.6895543199746685
Stage2,Scenario8,Pij,50,-1.4897702806535023
Stage2,Scenario8,Pij,51,-0.040000000000000036
Stage2,Scenario8,Pij,52,-1.75
Stage2,Scenario8,Pij,53,0.0
Stage2,Scenario8,Pij,54,-1.5734318748083738
Stage2,Scenario8,Pij,55,-2.469081535811285
Stage2,Scenario8,Pij,56,-1.2654422088819244
Stage2,Scenario8,Pij,57,-2.174328071771578
Stage2,Scenario8,Pij,58,-2.3793652262499214
Stage2,Scenario8,Pij,59,-0.45950885744037334
Stage2,Scenario8,Pij,6,-2.200683084570227
Stage2,Scenario8,Pij,60,-0.7649567122921725
Stage2,Scenario8,Pij,61,-1.878452895290618
Stage2,Scenario8,Pij,62,-1.6723219385420962
Stage2,Scenario8,Pij,63,-2.3995088574403733
Stage2,Scenario8,Pij,64,-1.052582492550655
Stage2,Scenario8,Pij,65,-1.8729032137679027
Stage2,Scenario8,Pij,66,-1.8729032137679027
Stage2,Scenario8,Pij,67,1.822478347653406
Stage2,Scenario8,Pij,68,-2.671699777552493
Stage2,Scenario8,Pij,69,-0.5303915724385351
Stage2,Scenario8,Pij,7,-0.19043125419775664
Stage2,Scenario8,Pij,70,-0.1634874401815265
Stage2,Scenario8,Pij,71,-1.2047061322826667
Stage2,Scenario8,Pij,72,-0.08174372009076325
Stage2,Scenario8,Pij,73,-0.08174372009076325
Stage2,Scenario8,Pij,74,-1.1701957862192676
Stage2,Scenario8,Pij,75,-1.1701957862192676
Stage2,Scenario8,Pij,76,-1.8101957862192677
Stage2,Scenario8,Pij,77,-1.8101957862192677
Stage2,Scenario8,Pij,78,-1.7952938677173331
Stage2,Scenario8,Pij,79,-0.2712768582423254
Stage2,Scenario8,Pij,8,0.009742016952376614
Stage2,Scenario8,Pij,80,-0.301765355845798
Stage2,Scenario8,Pij,81,0.09304221408811764
Stage2,Scenario8,Pij,82,0.09914140637175806
Stage2,Scenario8,Pij,83,0.1595817353859168
Stage2,Scenario8,Pij,84,0.04887629361299747
Stage2,Scenario8,Pij,85,-0.5166416494587858
Stage2,Scenario8,Pij,86,-0.6408585936282419
Stage2,Scenario8,Pij,87,-0.6169577859118823
Stage2,Scenario8,Pij,88,-1.2004182646140833
Stage2,Scenario8,Pij,89,-0.8100000000000023
Stage2,Scenario8,Pij,9,-0.7761819981590647
Stage2,Scenario8,Pij,90,-1.294765194487155
Stage2,Scenario8,Pij,91,-1.2252348055128472
Stage2,Scenario8,Pij,92,-1.534895466863099
Stage2,Scenario8,Pij,93,-2.1018520276393016
Stage2,Scenario8,Pij,94,-1.6921378134383782
Stage2,Scenario8,Pij,95,-2.267473042600436
Stage2,Scenario8,Pij,96,-4.661104784948738
Stage2,Scenario8,Pij,97,1.43407150464726
Stage2,Scenario8,Pij,98,-3.639165584149631
Stage2,Scenario8,Pij,99,-0.7301594860901076
Stage2,Scenario8,bus_gen,0:0,0.0799999999999983
Stage2,Scenario8,bus_gen,0:1,0.0799999999999983
Stage2,Scenario8,bus_gen,0:113,0.0
Stage2,Scenario8,bus_gen,0:117,0.0
Stage2,Scenario8,bus_gen,0:118,0.0
Stage2,Scenario8,bus_gen,0:119,0.0
Stage2,Scenario8,bus_gen,0:2,0.56
Stage2,Scenario8,bus_gen,0:3,0.56
Stage2,Scenario8,bus_gen,1:112,0.256
Stage2,Scenario8,bus_gen,1:114,0.253
Stage2,Scenario8,bus_gen,1:4,0.2
Stage2,Scenario8,bus_gen,1:5,0.2
Stage2,Scenario8,bus_gen,1:6,0.56
Stage2,Scenario8,bus_gen,1:7,0.56
Stage2,Scenario8,bus_gen,12:10,0.55
Stage2,Scenario8,bus_gen,12:109,0.9359999999999999
Stage2,Scenario8,bus_gen,12:11,0.55
Stage2,Scenario8,bus_gen,12:12,0.55
Stage2,Scenario8,bus_gen,12:9,0.55
Stage2,Scenario8,bus_gen,13:72,0.0
Stage2,Scenario8,bus_gen,14:13,0.12000000000000001
Stage2,Scenario8,bus_gen,14:14,0.12000000000000001
Stage2,Scenario8,bus_gen,14:15,1.2500000000000002
Stage2,Scenario8,bus_gen,15:16,1.55
Stage2,Scenario8,bus_gen,17:141,0.0
Stage2,Scenario8,bus_gen,17:142,0.0
Stage2,Scenario8,bus_gen,17:143,0.0
Stage2,Scenario8,bus_gen,17:144,0.0
Stage2,Scenario8,bus_gen,17:145,0.0
Stage2,Scenario8,bus_gen,17:146,0.0
Stage2,Scenario8,bus_gen,17:148,0.0
Stage2,Scenario8,bus_gen,17:149,0.0
Stage2,Scenario8,bus_gen,17:150,0.0
Stage2,Scenario8,bus_gen,17:151,0.0
Stage2,Scenario8,bus_gen,17:17,1.9750000000000003
Stage2,Scenario8,bus_gen,18:121,0.6659999999999999
Stage2,Scenario8,bus_gen,2:120,0.615
Stage2,Scenario8,bus_gen,20:73,3.96
Stage2,Scenario8,bus_gen,21:156,5.0
Stage2,Scenario8,bus_gen,21:74,0.0
Stage2,Scenario8,bus_gen,21:75,0.0
Stage2,Scenario8,bus_gen,21:76,0.0
Stage2,Scenario8,bus_gen,21:77,0.0
Stage2,Scenario8,bus_gen,21:78,0.0
Stage2,Scenario8,bus_gen,21:79,0.0
Stage2,Scenario8,bus_gen,22:18,0.9199999999999984
Stage2,Scenario8,bus_gen,22:19,1.3999999999999986
Stage2,Scenario8,bus_gen,22:20,0.55
Stage2,Scenario8,bus_gen,22:21,0.55
Stage2,Scenario8,bus_gen,22:22,0.55
Stage2,Scenario8,bus_gen,24:23,0.0799999999999983
Stage2,Scenario8,bus_gen,24:24,0.0799999999999983
Stage2,Scenario8,bus_gen,24:25,0.56
Stage2,Scenario8,bus_gen,24:80,0.0
Stage2,Scenario8,bus_gen,25:26,0.0799999999999983
Stage2,Scenario8,bus_gen,25:27,0.0799999999999983
Stage2,Scenario8,bus_gen,25:28,0.56
Stage2,Scenario8,bus_gen,25:29,0.56
Stage2,Scenario8,bus_gen,3:115,0.268
Stage2,Scenario8,bus_gen,30:30,0.55
Stage2,Scenario8,bus_gen,30:31,0.55
Stage2,Scenario8,bus_gen,35:116,2.0
Stage2,Scenario8,bus_gen,36:152,0.132
Stage2,Scenario8,bus_gen,36:32,3.55
Stage2,Scenario8,bus_gen,36:33,0.21999999999999886
Stage2,Scenario8,bus_gen,36:34,0.21999999999999886
Stage2,Scenario8,bus_gen,37:81,0.0
Stage2,Scenario8,bus_gen,38:111,0.0
Stage2,Scenario8,bus_gen,38:35,0.2199999999999989
Stage2,Scenario8,bus_gen,38:36,0.2199999999999989
Stage2,Scenario8,bus_gen,38:82,0.0
Stage2,Scenario8,bus_gen,38:83,0.0
Stage2,Scenario8,bus_gen,38:84,0.0
Stage2,Scenario8,bus_gen,39:37,1.2500000000000002
Stage2,Scenario8,bus_gen,41:38,3.33
Stage2,Scenario8,bus_gen,44:39,2.1139999999999985
Stage2,Scenario8,bus_gen,45:85,0.5
Stage2,Scenario8,bus_gen,45:86,0.5
Stage2,Scenario8,bus_gen,45:87,0.5
Stage2,Scenario8,bus_gen,45:88,0.5
Stage2,Scenario8,bus_gen,45:89,0.5
Stage2,Scenario8,bus_gen,45:90,0.5
Stage2,Scenario8,bus_gen,46:40,0.7699999999999984
Stage2,Scenario8,bus_gen,46:41,0.7699999999999984
Stage2,Scenario8,bus_gen,46:42,1.3999999999999986
Stage2,Scenario8,bus_gen,46:43,0.55
Stage2,Scenario8,bus_gen,46:44,0.55
Stage2,Scenario8,bus_gen,46:45,0.55
Stage2,Scenario8,bus_gen,48:46,0.0799999999999983
Stage2,Scenario8,bus_gen,48:47,0.0799999999999983
Stage2,Scenario8,bus_gen,48:48,0.21999999999999886
Stage2,Scenario8,bus_gen,48:49,0.21999999999999886
Stage2,Scenario8,bus_gen,49:50,0.2
Stage2,Scenario8,bus_gen,49:51,0.2
Stage2,Scenario8,bus_gen,49:52,0.55
Stage2,Scenario8,bus_gen,49:53,0.55
Stage2,Scenario8,bus_gen,50:155,1.6340000000000097
Stage2,Scenario8,bus_gen,54:54,0.21999999999999886
Stage2,Scenario8,bus_gen,54:55,0.21999999999999886
Stage2,Scenario8,bus_gen,55:122,0.0
Stage2,Scenario8,bus_gen,56:153,0.0
Stage2,Scenario8,bus_gen,57:103,0.5169999999999999
Stage2,Scenario8,bus_gen,57:106,0.516
Stage2,Scenario8,bus_gen,59:105,0.0
Stage2,Scenario8,bus_gen,6:8,3.136
Stage2,Scenario8,bus_gen,60:102,0.9329999999999998
Stage2,Scenario8,bus_gen,60:123,1.0170000000000001
Stage2,Scenario8,bus_gen,60:124,0.631
Stage2,Scenario8,bus_gen,60:125,0.654
Stage2,Scenario8,bus_gen,60:126,0.67
Stage2,Scenario8,bus_gen,60:127,0.648
Stage2,Scenario8,bus_gen,60:128,0.6379999999999995
Stage2,Scenario8,bus_gen,60:129,0.6409999999999999
Stage2,Scenario8,bus_gen,60:130,0.6659999999999999
Stage2,Scenario8,bus_gen,60:131,0.624
Stage2,Scenario8,bus_gen,60:132,0.669
Stage2,Scenario8,bus_gen,60:133,0.652
Stage2,Scenario8,bus_gen,60:134,0.278
Stage2,Scenario8,bus_gen,60:138,0.272
Stage2,Scenario8,bus_gen,60:157,0.5
Stage2,Scenario8,bus_gen,60:56,1.6999999999999984
Stage2,Scenario8,bus_gen,60:99,0.9510000000000006
Stage2,Scenario8,bus_gen,61:100,0.0
Stage2,Scenario8,bus_gen,61:101,0.0
Stage2,Scenario8,bus_gen,61:91,0.0
Stage2,Scenario8,bus_gen,61:97,0.0
Stage2,Scenario8,bus_gen,61:98,0.0
Stage2,Scenario8,bus_gen,62:57,0.049999999999998934
Stage2,Scenario8,bus_gen,62:58,0.049999999999998934
Stage2,Scenario8,bus_gen,62:59,0.049999999999998934
Stage2,Scenario8,bus_gen,62:60,0.049999999999998934
Stage2,Scenario8,bus_gen,62:61,0.049999999999998934
Stage2,Scenario8,bus_gen,62:62,0.21999999999999886
Stage2,Scenario8,bus_gen,62:63,0.21999999999999886
Stage2,Scenario8,bus_gen,62:64,0.21999999999999886
Stage2,Scenario8,bus_gen,63:65,1.2500000000000002
Stage2,Scenario8,bus_gen,64:154,0.0
Stage2,Scenario8,bus_gen,65:66,2.9160000000000004
Stage2,Scenario8,bus_gen,66:110,0.0
Stage2,Scenario8,bus_gen,67:135,0.273
Stage2,Scenario8,bus_gen,67:136,0.27
Stage2,Scenario8,bus_gen,67:137,0.28300000000000003
Stage2,Scenario8,bus_gen,67:139,0.27
Stage2,Scenario8,bus_gen,67:140,0.282
Stage2,Scenario8,bus_gen,67:147,0.09399999999999975
Stage2,Scenario8,bus_gen,67:96,0.516
Stage2,Scenario8,bus_gen,68:67,1.6999999999999984
Stage2,Scenario8,bus_gen,69:68,0.21999999999999886
Stage2,Scenario8,bus_gen,69:69,0.21999999999999886
Stage2,Scenario8,bus_gen,69:92,0.5
Stage2,Scenario8,bus_gen,69:93,0.5
Stage2,Scenario8,bus_gen,69:94,0.5
Stage2,Scenario8,bus_gen,69:95,0.5
Stage2,Scenario8,bus_gen,70:70,1.9069999999999985
Stage2,Scenario8,bus_gen,70:71,1.9069999999999985
Stage2,Scenario8,bus_gen,71:104,0.0
Stage2,Scenario8,bus_gen,71:107,0.0
Stage2,Scenario8,bus_gen,71:108,0.0
Stage2,Scenario8,cvar,None,27.4536842105263
Stage2,Scenario8,gen_curtailment,0:0,0.0
Stage2,Scenario8,gen_curtailment,0:1,0.0
Stage2,Scenario8,gen_curtailment,0:113,0.0
Stage2,Scenario8,gen_curtailment,0:117,0.0
Stage2,Scenario8,gen_curtailment,0:118,0.0
Stage2,Scenario8,gen_curtailment,0:119,0.0
Stage2,Scenario8,gen_curtailment,0:2,0.0
Stage2,Scenario8,gen_curtailment,0:3,0.0
Stage2,Scenario8,gen_curtailment,1:112,0.0
Stage2,Scenario8,gen_curtailment,1:114,0.0
Stage2,Scenario8,gen_curtailment,1:4,0.0
Stage2,Scenario8,gen_curtailment,1:5,0.0
Stage2,Scenario8,gen_curtailment,1:6,0.0
Stage2,Scenario8,gen_curtailment,1:7,0.0
Stage2,Scenario8,gen_curtailment,12:10,0.0
Stage2,Scenario8,gen_curtailment,12:109,0.0
Stage2,Scenario8,gen_curtailment,12:11,0.0
Stage2,Scenario8,gen_curtailment,12:12,0.0
Stage2,Scenario8,gen_curtailment,12:9,0.0
Stage2,Scenario8,gen_curtailment,13:72,0.0
Stage2,Scenario8,gen_curtailment,14:13,0.0
Stage2,Scenario8,gen_curtailment,14:14,0.0
Stage2,Scenario8,gen_curtailment,14:15,0.0
Stage2,Scenario8,gen_curtailment,15:16,0.0
Stage2,Scenario8,gen_curtailment,17:141,0.0
Stage2,Scenario8,gen_curtailment,17:142,0.0
Stage2,Scenario8,gen_curtailment,17:143,0.0
Stage2,Scenario8,gen_curtailment,17:144,0.0
Stage2,Scenario8,gen_curtailment,17:145,0.0
Stage2,Scenario8,gen_curtailment,17:146,0.0
Stage2,Scenario8,gen_curtailment,17:148,0.0
Stage2,Scenario8,gen_curtailment,17:149,0.0
Stage2,Scenario8,gen_curtailment,17:150,0.0
Stage2,Scenario8,gen_curtailment,17:151,0.0
Stage2,Scenario8,gen_curtailment,17:17,0.0
Stage2,Scenario8,gen_curtailment,18:121,0.0
Stage2,Scenario8,gen_curtailment,2:120,0.0
Stage2,Scenario8,gen_curtailment,20:73,0.0
Stage2,Scenario8,gen_curtailment,21:156,0.0
Stage2,Scenario8,gen_curtailment,21:74,0.0
Stage2,Scenario8,gen_curtailment,21:75,0.0
Stage2,Scenario8,gen_curtailment,21:76,0.0
Stage2,Scenario8,gen_curtailment,21:77,0.0
Stage2,Scenario8,gen_curtailment,21:78,0.0
Stage2,Scenario8,gen_curtailment,21:79,0.0
Stage2,Scenario8,gen_curtailment,22:18,0.0
Stage2,Scenario8,gen_curtailment,22:19,0.0
Stage2,Scenario8,gen_curtailment,22:20,0.0
Stage2,Scenario8,gen_curtailment,22:21,0.0
Stage2,Scenario8,gen_curtailment,22:22,0.0
Stage2,Scenario8,gen_curtailment,24:23,0.0
Stage2,Scenario8,gen_curtailment,24:24,0.0
Stage2,Scenario8,gen_curtailment,24:25,0.0
Stage2,Scenario8,gen_curtailment,24:80,0.0
Stage2,Scenario8,gen_curtailment,25:26,0.0
Stage2,Scenario8,gen_curtailment,25:27,0.0
Stage2,Scenario8,gen_curtailment,25:28,0.0
Stage2,Scenario8,gen_curtailment,25:29,0.0
Stage2,Scenario8,gen_curtailment,3:115,0.0
Stage2,Scenario8,gen_curtailment,30:30,0.0
Stage2,Scenario8,gen_curtailment,30:31,0.0
Stage2,Scenario8,gen_curtailment,35:116,0.0
Stage2,Scenario8,gen_curtailment,36:152,0.0
Stage2,Scenario8,gen_curtailment,36:32,0.0
Stage2,Scenario8,gen_curtailment,36:33,0.0
Stage2,Scenario8,gen_curtailment,36:34,0.0
Stage2,Scenario8,gen_curtailment,37:81,0.0
Stage2,Scenario8,gen_curtailment,38:111,0.0
Stage2,Scenario8,gen_curtailment,38:35,0.0
Stage2,Scenario8,gen_curtailment,38:36,0.0
Stage2,Scenario8,gen_curtailment,38:82,0.0
Stage2,Scenario8,gen_curtailment,38:83,0.0
Stage2,Scenario8,gen_curtailment,38:84,0.0
Stage2,Scenario8,gen_curtailment,39:37,0.0
Stage2,Scenario8,gen_curtailment,41:38,0.0
Stage2,Scenario8,gen_curtailment,44:39,0.0
Stage2,Scenario8,gen_curtailment,45:85,0.0
Stage2,Scenario8,gen_curtailment,45:86,0.0
Stage2,Scenario8,gen_curtailment,45:87,0.0
Stage2,Scenario8,gen_curtailment,45:88,0.0
Stage2,Scenario8,gen_curtailment,45:89,0.0
Stage2,Scenario8,gen_curtailment,45:90,0.0
Stage2,Scenario8,gen_curtailment,46:40,0.0
Stage2,Scenario8,gen_curtailment,46:41,0.0
Stage2,Scenario8,gen_curtailment,46:42,0.0
Stage2,Scenario8,gen_curtailment,46:43,0.0
Stage2,Scenario8,gen_curtailment,46:44,0.0
Stage2,Scenario8,gen_curtailment,46:45,0.0
Stage2,Scenario8,gen_curtailment,48:46,0.0
Stage2,Scenario8,gen_curtailment,48:47,0.0
Stage2,Scenario8,gen_curtailment,48:48,0.0
Stage2,Scenario8,gen_curtailment,48:49,0.0
Stage2,Scenario8,gen_curtailment,49:50,0.0
Stage2,Scenario8,gen_curtailment,49:51,0.0
Stage2,Scenario8,gen_curtailment,49:52,0.0
Stage2,Scenario8,gen_curtailment,49:53,0.0
Stage2,Scenario8,gen_curtailment,50:155,0.0
Stage2,Scenario8,gen_curtailment,54:54,0.0
Stage2,Scenario8,gen_curtailment,54:55,0.0
Stage2,Scenario8,gen_curtailment,55:122,0.0
Stage2,Scenario8,gen_curtailment,56:153,0.0
Stage2,Scenario8,gen_curtailment,57:103,0.0
Stage2,Scenario8,gen_curtailment,57:106,0.0
Stage2,Scenario8,gen_curtailment,59:105,0.0
Stage2,Scenario8,gen_curtailment,6:8,0.0
Stage2,Scenario8,gen_curtailment,60:102,0.0
Stage2,Scenario8,gen_curtailment,60:123,0.0
Stage2,Scenario8,gen_curtailment,60:124,0.0
Stage2,Scenario8,gen_curtailment,60:125,0.0
Stage2,Scenario8,gen_curtailment,60:126,0.0
Stage2,Scenario8,gen_curtailment,60:127,0.0
Stage2,Scenario8,gen_curtailment,60:128,0.0
Stage2,Scenario8,gen_curtailment,60:129,0.0
Stage2,Scenario8,gen_curtailment,60:130,0.0
Stage2,Scenario8,gen_curtailment,60:131,0.0
Stage2,Scenario8,gen_curtailment,60:132,0.0
Stage2,Scenario8,gen_curtailment,60:133,0.0
Stage2,Scenario8,gen_curtailment,60:134,0.0
Stage2,Scenario8,gen_curtailment,60:138,0.0
Stage2,Scenario8,gen_curtailment,60:157,0.0
Stage2,Scenario8,gen_curtailment,60:56,0.0
Stage2,Scenario8,gen_curtailment,60:99,0.0
Stage2,Scenario8,gen_curtailment,61:100,0.0
Stage2,Scenario8,gen_curtailment,61:101,0.0
Stage2,Scenario8,gen_curtailment,61:91,0.0
Stage2,Scenario8,gen_curtailment,61:97,0.0
Stage2,Scenario8,gen_curtailment,61:98,0.0
Stage2,Scenario8,gen_curtailment,62:57,0.0
Stage2,Scenario8,gen_curtailment,62:58,0.0
Stage2,Scenario8,gen_curtailment,62:59,0.0
Stage2,Scenario8,gen_curtailment,62:60,0.0
Stage2,Scenario8,gen_curtailment,62:61,0.0
Stage2,Scenario8,gen_curtailment,62:62,0.0
Stage2,Scenario8,gen_curtailment,62:63,0.0
Stage2,Scenario8,gen_curtailment,62:64,0.0
Stage2,Scenario8,gen_curtailment,63:65,0.0
Stage2,Scenario8,gen_curtailment,64:154,0.0
Stage2,Scenario8,gen_curtailment,65:66,0.0
Stage2,Scenario8,gen_curtailment,66:110,0.0
Stage2,Scenario8,gen_curtailment,67:135,0.0
Stage2,Scenario8,gen_curtailment,67:136,0.0
Stage2,Scenario8,gen_curtailment,67:137,0.0
Stage2,Scenario8,gen_curtailment,67:139,0.0
Stage2,Scenario8,gen_curtailment,67:140,0.0
Stage2,Scenario8,gen_curtailment,67:147,0.0
Stage2,Scenario8,gen_curtailment,67:96,0.0
Stage2,Scenario8,gen_curtailment,68:67,0.0
Stage2,Scenario8,gen_curtailment,69:68,0.0
Stage2,Scenario8,gen_curtailment,69:69,0.0
Stage2,Scenario8,gen_curtailment,69:92,0.0
Stage2,Scenario8,gen_curtailment,69:93,0.0
Stage2,Scenario8,gen_curtailment,69:94,0.0
Stage2,Scenario8,gen_curtailment,69:95,0.0
Stage2,Scenario8,gen_curtailment,70:70,0.0
Stage2,Scenario8,gen_curtailment,70:71,0.0
Stage2,Scenario8,gen_curtailment,71:104,0.0
Stage2,Scenario8,gen_curtailment,71:107,0.0
Stage2,Scenario8,gen_curtailment,71:108,0.0
Stage2,Scenario8,load_shed,0,0.0
Stage2,Scenario8,load_shed,1,0.0
Stage2,Scenario8,load_shed,10,0.0
Stage2,Scenario8,load_shed,11,0.0
Stage2,Scenario8,load_shed,12,0.0
Stage2,Scenario8,load_shed,13,0.0
Stage2,Scenario8,load_shed,14,0.0
Stage2,Scenario8,load_shed,15,0.0
Stage2,Scenario8,load_shed,16,0.0
Stage2,Scenario8,load_shed,17,0.0
Stage2,Scenario8,load_shed,18,0.0
Stage2,Scenario8,load_shed,19,0.0
Stage2,Scenario8,load_shed,2,0.0
Stage2,Scenario8,load_shed,20,0.0
Stage2,Scenario8,load_shed,21,0.0
Stage2,Scenario8,load_shed,22,0.0
Stage2,Scenario8,load_shed,23,0.0
Stage2,Scenario8,load_shed,24,0.0
Stage2,Scenario8,load_shed,25,0.0
Stage2,Scenario8,load_shed,26,0.0
Stage2,Scenario8,load_shed,27,0.0
Stage2,Scenario8,load_shed,28,0.0
Stage2,Scenario8,load_shed,29,0.0
Stage2,Scenario8,load_shed,3,0.0
Stage2,Scenario8,load_shed,30,0.10999999999999988
Stage2,Scenario8,load_shed,31,0.0
Stage2,Scenario8,load_shed,32,0.0
Stage2,Scenario8,load_shed,33,0.0
Stage2,Scenario8,load_shed,34,0.0
Stage2,Scenario8,load_shed,35,0.0
Stage2,Scenario8,load_shed,36,0.0
Stage2,Scenario8,load_shed,37,0.0
Stage2,Scenario8,load_shed,38,0.0
Stage2,Scenario8,load_shed,39,0.0
Stage2,Scenario8,load_shed,4,0.0
Stage2,Scenario8,load_shed,40,0.0
Stage2,Scenario8,load_shed,41,0.0
Stage2,Scenario8,load_shed,42,0.0
Stage2,Scenario8,load_shed,43,0.0
Stage2,Scenario8,load_shed,44,0.0
Stage2,Scenario8,load_shed,45,0.0
Stage2,Scenario8,load_shed,46,0.0
Stage2,Scenario8,load_shed,47,0.0
Stage2,Scenario8,load_shed,48,0.0
Stage2,Scenario8,load_shed,49,0.0
Stage2,Scenario8,load_shed,5,0.0
Stage2,Scenario8,load_shed,50,0.0
Stage2,Scenario8,load_shed,51,0.0
Stage2,Scenario8,load_shed,52,0.0
Stage2,Scenario8,load_shed,53,0.0
Stage2,Scenario8,load_shed,54,0.0
Stage2,Scenario8,load_shed,55,0.0
Stage2,Scenario8,load_shed,56,0.0
Stage2,Scenario8,load_shed,57,0.0
Stage2,Scenario8,load_shed,58,0.0
Stage2,Scenario8,load_shed,59,0.0
Stage2,Scenario8,load_shed,6,0.0
Stage2,Scenario8,load_shed,60,0.0
Stage2,Scenario8,load_shed,61,0.0
Stage2,Scenario8,load_shed,62,0.0
Stage2,Scenario8,load_shed,63,0.0
Stage2,Scenario8,load_shed,64,0.0
Stage2,Scenario8,load_shed,65,0.0
Stage2,Scenario8,load_shed,66,0.0
Stage2,Scenario8,load_shed,67,0.0
Stage2,Scenario8,load_shed,68,0.0
Stage2,Scenario8,load_shed,69,0.0
Stage2,Scenario8,load_shed,7,0.0
Stage2,Scenario8,load_shed,70,0.0
Stage2,Scenario8,load_shed,71,0.0
Stage2,Scenario8,load_shed,72,0.0
Stage2,Scenario8,load_shed,8,0.0
Stage2,Scenario8,load_shed,9,0.0
Stage2,Scenario8,load_shed_value,None,0.10999999999999988
Stage2,Scenario8,nu,None,0.0
Stage2,Scenario8,theta,0,-0.07844154407952494
Stage2,Scenario8,theta,1,-0.07573095854652945
Stage2,Scenario8,theta,10,-0.02370099631482961
Stage2,Scenario8,theta,11,-0.011430711161955424
Stage2,Scenario8,theta,12,0.0
Stage2,Scenario8,theta,13,0.04608782204221082
Stage2,Scenario8,theta,14,0.29243738543824715
Stage2,Scenario8,theta,15,0.25858449544852957
Stage2,Scenario8,theta,16,0.3371254004670826
Stage2,Scenario8,theta,17,0.37941665701553423
Stage2,Scenario8,theta,18,0.21349271998102523
Stage2,Scenario8,theta,19,0.19716248044406487
Stage2,Scenario8,theta,2,-0.009628374749862167
Stage2,Scenario8,theta,20,0.4363021095248108
Stage2,Scenario8,theta,21,0.7763021095248108
Stage2,Scenario8,theta,22,0.2022608486987367
Stage2,Scenario8,theta,23,0.1780018650405954
Stage2,Scenario8,theta,24,-0.35501529471250026
Stage2,Scenario8,theta,25,-0.34821668303024894
Stage2,Scenario8,theta,26,-0.2317100850664299
Stage2,Scenario8,theta,27,-0.34239438841282066
Stage2,Scenario8,theta,28,-0.4153652947125003
Stage2,Scenario8,theta,29,-0.3233007891447765
Stage2,Scenario8,theta,3,-0.11149018926341435
Stage2,Scenario8,theta,30,-0.5518565251040606
Stage2,Scenario8,theta,31,-0.5494165251040606
Stage2,Scenario8,theta,32,-0.2606665251040605
Stage2,Scenario8,theta,33,-0.23242480202491284
Stage2,Scenario8,theta,34,-0.12453319929564
Stage2,Scenario8,theta,35,-0.047041590625668095
Stage2,Scenario8,theta,36,-0.010323668435643765
Stage2,Scenario8,theta,37,-0.10523382728314432
Stage2,Scenario8,theta,38,0.018443292932476592
Stage2,Scenario8,theta,39,0.03633719530583773
Stage2,Scenario8,theta,4,-0.13961961552047697
Stage2,Scenario8,theta,40,0.10580138952220254
Stage2,Scenario8,theta,41,0.10809021368474392
Stage2,Scenario8,theta,42,0.04853620147192404
Stage2,Scenario8,theta,43,0.09534403292069472
Stage2,Scenario8,theta,44,0.11021555040710385
Stage2,Scenario8,theta,45,0.23229553341188253
Stage2,Scenario8,theta,46,0.1351683402175186
Stage2,Scenario8,theta,47,-0.07632558114550053
Stage2,Scenario8,theta,48,0.26227855173444686
Stage2,Scenario8,theta,49,0.2660764277498394
Stage2,Scenario8,theta,5,-0.18782401489998904
Stage2,Scenario8,theta,50,0.32595104181790996
Stage2,Scenario8,theta,51,0.25348546914062614
Stage2,Scenario8,theta,52,0.25436996353695684
Stage2,Scenario8,theta,53,0.23543673455574338
Stage2,Scenario8,theta,54,0.05708850578758254
Stage2,Scenario8,theta,55,0.10649850578758269
Stage2,Scenario8,theta,56,0.3201347628779633
Stage2,Scenario8,theta,57,0.3086622486972025
Stage2,Scenario8,theta,58,0.4529339186709586
Stage2,Scenario8,theta,59,0.5019870003093156
Stage2,Scenario8,theta,6,-0.10206677333360575
Stage2,Scenario8,theta,60,0.676666948348498
Stage2,Scenario8,theta,61,0.3927029154757737
Stage2,Scenario8,theta,62,0.3968652746226221
Stage2,Scenario8,theta,63,0.42255269670158535
Stage2,Scenario8,theta,64,0.41941233278513596
Stage2,Scenario8,theta,65,0.4036096464697291
Stage2,Scenario8,theta,66,0.4659706373764896
Stage2,Scenario8,theta,67,0.5399253683981454
Stage2,Scenario8,theta,68,0.42787288674409185
Stage2,Scenario8,theta,69,0.5252502412573345
Stage2,Scenario8,theta,7,-0.16799325770812581
Stage2,Scenario8,theta,70,0.5728124704600561
Stage2,Scenario8,theta,71,0.36999990885076606
Stage2,Scenario8,theta,72,0.5612219681164976
Stage2,Scenario8,theta,8,-0.09168533882684765
Stage2,Scenario8,theta,9,-0.14047691301228607
Stage2,Scenario8,xij,0,1.0
Stage2,Scenario8,xij,1,1.0
Stage2,Scenario8,xij,10,1.0
Stage2,Scenario8,xij,100,1.0
Stage2,Scenario8,xij,101,1.0
Stage2,Scenario8,xij,102,1.0
Stage2,Scenario8,xij,103,1.0
Stage2,Scenario8,xij,104,1.0
Stage2,Scenario8,xij,105,1.0
Stage2,Scenario8,xij,106,1.0
Stage2,Scenario8,xij,107,1.0
Stage2,Scenario8,xij,108,1.0
Stage2,Scenario8,xij,109,1.0
Stage2,Scenario8,xij,11,1.0
Stage2,Scenario8,xij,110,1.0
Stage2,Scenario8,xij,111,1.0
Stage2,Scenario8,xij,112,1.0
Stage2,Scenario8,xij,113,1.0
Stage2,Scenario8,xij,114,1.0
Stage2,Scenario8,xij,115,1.0
Stage2,Scenario8,xij,116,1.0
Stage2,Scenario8,xij,117,1.0
Stage2,Scenario8,xij,118,1.0
Stage2,Scenario8,xij,119,1.0
Stage2,Scenario8,xij,12,1.0
Stage2,Scenario8,xij,13,1.0
Stage2,Scenario8,xij,14,1.0
Stage2,Scenario8,xij,15,1.0
Stage2,Scenario8,xij,16,1.0
Stage2,Scenario8,xij,17,1.0
Stage2,Scenario8,xij,18,1.0
Stage2,Scenario8,xij,19,1.0
Stage2,Scenario8,xij,2,1.0
Stage2,Scenario8,xij,20,1.0
Stage2,Scenario8,xij,21,1.0
Stage2,Scenario8,xij,22,0.0
Stage2,Scenario8,xij,23,1.0
Stage2,Scenario8,xij,24,1.0
Stage2,Scenario8,xij,25,1.0
Stage2,Scenario8,xij,26,1.0
Stage2,Scenario8,xij,27,1.0
Stage2,Scenario8,xij,28,1.0
Stage2,Scenario8,xij,29,1.0
Stage2,Scenario8,xij,3,1.0
Stage2,Scenario8,xij,30,1.0
Stage2,Scenario8,xij,31,1.0
Stage2,Scenario8,xij,32,0.0
Stage2,Scenario8,xij,33,1.0
Stage2,Scenario8,xij,34,1.0
Stage2,Scenario8,xij,35,1.0
Stage2,Scenario8,xij,36,1.0
Stage2,Scenario8,xij,37,1.0
Stage2,Scenario8,xij,38,1.0
Stage2,Scenario8,xij,39,1.0
Stage2,Scenario8,xij,4,1.0
Stage2,Scenario8,xij,40,1.0
Stage2,Scenario8,xij,41,1.0
Stage2,Scenario8,xij,42,1.0
Stage2,Scenario8,xij,43,1.0
Stage2,Scenario8,xij,44,1.0
Stage2,Scenario8,xij,45,1.0
Stage2,Scenario8,xij,46,1.0
Stage2,Scenario8,xij,47,1.0
Stage2,Scenario8,xij,48,1.0
Stage2,Scenario8,xij,49,0.0
Stage2,Scenario8,xij,5,1.0
Stage2,Scenario8,xij,50,1.0
Stage2,Scenario8,xij,51,1.0
Stage2,Scenario8,xij,52,1.0
Stage2,Scenario8,xij,53,0.0
Stage2,Scenario8,xij,54,1.0
Stage2,Scenario8,xij,55,1.0
Stage2,Scenario8,xij,56,1.0
Stage2,Scenario8,xij,57,1.0
Stage2,Scenario8,xij,58,1.0
Stage2,Scenario8,xij,59,1.0
Stage2,Scenario8,xij,6,1.0
Stage2,Scenario8,xij,60,1.0
Stage2,Scenario8,xij,61,1.0
Stage2,Scenario8,xij,62,1.0
Stage2,Scenario8,xij,63,1.0
Stage2,Scenario8,xij,64,1.0
Stage2,Scenario8,xij,65,1.0
Stage2,Scenario8,xij,66,1.0
Stage2,Scenario8,xij,67,1.0
Stage2,Scenario8,xij,68,1.0
Stage2,Scenario8,xij,69,1.0
Stage2,Scenario8,xij,7,1.0
Stage2,Scenario8,xij,70,1.0
Stage2,Scenario8,xij,71,1.0
Stage2,Scenario8,xij,72,1.0
Stage2,Scenario8,xij,73,1.0
Stage2,Scenario8,xij,74,1.0
Stage2,Scenario8,xij,75,1.0
Stage2,Scenario8,xij,76,1.0
Stage2,Scenario8,xij,77,1.0
Stage2,Scenario8,xij,78,1.0
Stage2,Scenario8,xij,79,1.0
Stage2,Scenario8,xij,8,1.0
Stage2,Scenario8,xij,80,1.0
Stage2,Scenario8,xij,81,1.0
Stage2,Scenario8,xij,82,1.0
Stage2,Scenario8,xij,83,1.0
Stage2,Scenario8,xij,84,1.0
Stage2,Scenario8,xij,85,1.0
Stage2,Scenario8,xij,86,1.0
Stage2,Scenario8,xij,87,1.0
Stage2,Scenario8,xij,88,1.0
Stage2,Scenario8,xij,89,1.0
Stage2,Scenario8,xij,9,1.0
Stage2,Scenario8,xij,90,1.0
Stage2,Scenario8,xij,91,1.0
Stage2,Scenario8,xij,92,1.0
Stage2,Scenario8,xij,93,1.0
Stage2,Scenario8,xij,94,1.0
Stage2,Scenario8,xij,95,1.0
Stage2,Scenario8,xij,96,1.0
Stage2,Scenario8,xij,97,1.0
Stage2,Scenario8,xij,98,1.0
Stage2,Scenario8,xij,99,1.0
Stage2,Scenario9,Pij,0,0.19822702020818384
Stage2,Scenario9,Pij,1,0.6417729797918164
Stage2,Scenario9,Pij,10,1.315468624112625
Stage2,Scenario9,Pij,100,1.2476169063887976
Stage2,Scenario9,Pij,101,-0.018108155702260653
Stage2,Scenario9,Pij,102,-1.739346458778556
Stage2,Scenario9,Pij,103,-0.3894455355929487
Stage2,Scenario9,Pij,104,-0.3894455355929487
Stage2,Scenario9,Pij,105,1.2482375299644481
Stage2,Scenario9,Pij,106,0.5707826937731701
Stage2,Scenario9,Pij,107,-2.0782373082539842
Stage2,Scenario9,Pij,108,0.768899985581964
Stage2,Scenario9,Pij,109,-0.1981172918087939
Stage2,Scenario9,Pij,11,0.5705313758873751
Stage2,Scenario9,Pij,110,-0.5814958185026524
Stage2,Scenario9,Pij,111,-0.5814958185026524
Stage2,Scenario9,Pij,112,-1.9441186541269921
Stage2,Scenario9,Pij,113,-1.9441186541269921
Stage2,Scenario9,Pij,114,-2.5841186541269923
Stage2,Scenario9,Pij,115,-2.5841186541269923
Stage2,Scenario9,Pij,116,-0.24188270819120383
Stage2,Scenario9,Pij,117,-0.8898916225872879
Stage2,Scenario9,Pij,118,1.5178916225872692
Stage2,Scenario9,Pij,119,-0.8898916225872879
Stage2,Scenario9,Pij,12,-0.39453137588737497
Stage2,Scenario9,Pij,13,0.0
Stage2,Scenario9,Pij,14,-1.7807960711295163
Stage2,Scenario9,Pij,15,-1.8039281039773643
Stage2,Scenario9,Pij,16,-1.8391666576152335
Stage2,Scenario9,Pij,17,-1.862640543165266
Stage2,Scenario9,Pij,18,-1.2777821701227214
Stage2,Scenario9,Pij,19,-2.342180558622029
Stage2,Scenario9,Pij,2,0.0
Stage2,Scenario9,Pij,20,-1.2360866809144757
Stage2,Scenario9,Pij,21,-2.4304819662281534
Stage2,Scenario9,Pij,22,-2.027868851037197
Stage2,Scenario9,Pij,23,0.0
Stage2,Scenario9,Pij,24,-4.282180558622029
Stage2,Scenario9,Pij,25,2.8170258540224014
Stage2,Scenario9,Pij,26,-2.2485129270112005
Stage2,Scenario9,Pij,27,-2.2485129270112005
Stage2,Scenario9,Pij,28,0.0
Stage2,Scenario9,Pij,29,-4.230082523390334
Stage2,Scenario9,Pij,3,0.1900342209886789
Stage2,Scenario9,Pij,30,3.0149278187907065
Stage2,Scenario9,Pij,31,-1.5815713827326288
Stage2,Scenario9,Pij,32,-2.648511140657705
Stage2,Scenario9,Pij,33,-0.9977856913663143
Stage2,Scenario9,Pij,34,-0.9977856913663143
Stage2,Scenario9,Pij,35,0.9354639093953532
Stage2,Scenario9,Pij,36,0.9354639093953532
Stage2,Scenario9,Pij,37,0.2954639093953532
Stage2,Scenario9,Pij,38,0.2954639093953532
Stage2,Scenario9,Pij,39,-3.3824888593423177
Stage2,Scenario9,Pij,4,0.3181927992195017
Stage2,Scenario9,Pij,40,0.20257700152536542
Stage2,Scenario9,Pij,41,-0.3395054491374476
Stage2,Scenario9,Pij,42,-0.46105855041518273
Stage2,Scenario9,Pij,43,0.44056399955262693
Stage2,Scenario9,Pij,44,0.20950384647311104
Stage2,Scenario9,Pij,45,0.40099070438944145
Stage2,Scenario9,Pij,46,0.5375266082770387
Stage2,Scenario9,Pij,47,-2.2280537828048463
Stage2,Scenario9,Pij,48,-0.530496153526889
Stage2,Scenario9,Pij,49,-0.26943600044737304
Stage2,Scenario9,Pij,5,-1.1582270202081837
Stage2,Scenario9,Pij,50,-0.9590092956105587
Stage2,Scenario9,Pij,51,-0.8100000000000024
Stage2,Scenario9,Pij,52,-1.402591695985577
Stage2,Scenario9,Pij,53,-1.1174083040144251
Stage2,Scenario9,Pij,54,-1.1972370171713331
Stage2,Scenario9,Pij,55,-1.9483242240640926
Stage2,Scenario9,Pij,56,-1.7668332911201485
Stage2,Scenario9,Pij,57,-2.5290203089522096
Stage2,Scenario9,Pij,58,-2.0264516234513974
Stage2,Scenario9,Pij,59,-0.9376186848400828
Stage2,Scenario9,Pij,6,0.0
Stage2,Scenario9,Pij,60,-0.6726169330271967
Stage2,Scenario9,Pij,61,-1.8047275999891068
Stage2,Scenario9,Pij,62,-1.6410685564785963
Stage2,Scenario9,Pij,63,-2.877618684840083
Stage2,Scenario9,Pij,64,3.3555232187205184
Stage2,Scenario9,Pij,65,-2.4512885007626823
Stage2,Scenario9,Pij,66,-2.4512885007626823
Stage2,Scenario9,Pij,67,2.2280537828048463
Stage2,Scenario9,Pij,68,0.0
Stage2,Scenario9,Pij,69,0.7279045338804357
Stage2,Scenario9,Pij,7,-0.2819657790113211
Stage2,Scenario9,Pij,70,1.222139106319441
Stage2,Scenario9,Pij,71,-1.0195621047940755
Stage2,Scenario9,Pij,72,0.40406955315972065
Stage2,Scenario9,Pij,73,0.40406955315972065
Stage2,Scenario9,Pij,74,-0.5410477330597822
Stage2,Scenario9,Pij,75,-0.5410477330597822
Stage2,Scenario9,Pij,76,-1.1810477330597822
Stage2,Scenario9,Pij,77,-1.1810477330597822
Stage2,Scenario9,Pij,78,-1.9804378952059243
Stage2,Scenario9,Pij,79,-0.41053744494733907
Stage2,Scenario9,Pij,8,-0.7100000000000001
Stage2,Scenario9,Pij,80,-0.014105425347265443
Stage2,Scenario9,Pij,81,-0.05535712970540119
Stage2,Scenario9,Pij,82,0.05364935034820118
Stage2,Scenario9,Pij,83,0.06581320470445995
Stage2,Scenario9,Pij,84,-0.5658678953828173
Stage2,Scenario9,Pij,85,-1.2482375299644481
Stage2,Scenario9,Pij,86,-0.6863506496517988
Stage2,Scenario9,Pij,87,-0.7653571297054012
Stage2,Scenario9,Pij,88,-1.2941867952955401
Stage2,Scenario9,Pij,89,-0.8100000000000024
Stage2,Scenario9,Pij,9,-1.0418072007804984
Stage2,Scenario9,Pij,90,-1.2547204268478613
Stage2,Scenario9,Pij,91,-1.265279573152141
Stage2,Scenario9,Pij,92,0.0
Stage2,Scenario9,Pij,93,-2.7739389718824774
Stage2,Scenario9,Pij,94,-2.480325014607858
Stage2,Scenario9,Pij,95,-2.794498483545225
Stage2,Scenario9,Pij,96,-4.402216858905597
Stage2,Scenario9,Pij,97,1.9218918442977393
Stage2,Scenario9,Pij,98,-3.8441662347056047
Stage2,Scenario9,Pij,99,-0.783271220722098
Stage2,Scenario9,bus_gen,0:0,0.2
Stage2,Scenario9,bus_gen,0:1,0.2
Stage2,Scenario9,bus_gen,0:113,0.0
Stage2,Scenario9,bus_gen,0:117,0.0
Stage2,Scenario9,bus_gen,0:118,0.0
Stage2,Scenario9,bus_gen,0:119,0.0
Stage2,Scenario9,bus_gen,0:2,0.76
Stage2,Scenario9,bus_gen,0:3,0.76
Stage2,Scenario9,bus_gen,1:112,0.0
Stage2,Scenario9,bus_gen,1:114,0.0
Stage2,Scenario9,bus_gen,1:4,0.0799999999999983
Stage2,Scenario9,bus_gen,1:5,0.0799999999999983
Stage2,Scenario9,bus_gen,1:6,0.56
Stage2,Scenario9,bus_gen,1:7,0.56
Stage2,Scenario9,bus_gen,12:10,0.55
Stage2,Scenario9,bus_gen,12:109,0.9359999999999999
Stage2,Scenario9,bus_gen,12:11,0.55
Stage2,Scenario9,bus_gen,12:12,0.55
Stage2,Scenario9,bus_gen,12:9,0.55
Stage2,Scenario9,bus_gen,13:72,0.0
Stage2,Scenario9,bus_gen,14:13,0.12
Stage2,Scenario9,bus_gen,14:14,0.12
Stage2,Scenario9,bus_gen,14:15,1.2500000000000002
Stage2,Scenario9,bus_gen,15:16,1.2500000000000002
Stage2,Scenario9,bus_gen,17:141,0.09300000000000001
Stage2,Scenario9,bus_gen,17:142,0.09699999999999999
Stage2,Scenario9,bus_gen,17:143,0.094
Stage2,Scenario9,bus_gen,17:144,0.091
Stage2,Scenario9,bus_gen,17:145,0.09100000000000003
Stage2,Scenario9,bus_gen,17:146,0.09699999999999999
Stage2,Scenario9,bus_gen,17:148,0.11800000000000001
Stage2,Scenario9,bus_gen,17:149,0.11199999999999997
Stage2,Scenario9,bus_gen,17:150,0.10300000000000001
Stage2,Scenario9,bus_gen,17:151,0.045
Stage2,Scenario9,bus_gen,17:17,1.975
Stage2,Scenario9,bus_gen,18:121,0.6659999999999999
Stage2,Scenario9,bus_gen,2:120,0.0
Stage2,Scenario9,bus_gen,20:73,4.0
Stage2,Scenario9,bus_gen,21:156,6.031000000000023
Stage2,Scenario9,bus_gen,21:74,0.0
Stage2,Scenario9,bus_gen,21:75,0.0
Stage2,Scenario9,bus_gen,21:76,0.0
Stage2,Scenario9,bus_gen,21:77,0.0
Stage2,Scenario9,bus_gen,21:78,0.0
Stage2,Scenario9,bus_gen,21:79,0.0
Stage2,Scenario9,bus_gen,22:18,0.6199999999999983
Stage2,Scenario9,bus_gen,22:19,1.7999999999999987
Stage2,Scenario9,bus_gen,22:20,0.55
Stage2,Scenario9,bus_gen,22:21,0.55
Stage2,Scenario9,bus_gen,22:22,0.55
Stage2,Scenario9,bus_gen,24:23,0.0799999999999983
Stage2,Scenario9,bus_gen,24:24,0.0799999999999983
Stage2,Scenario9,bus_gen,24:25,0.56
Stage2,Scenario9,bus_gen,24:80,0.0
Stage2,Scenario9,bus_gen,25:26,0.2
Stage2,Scenario9,bus_gen,25:27,0.2
Stage2,Scenario9,bus_gen,25:28,0.76
Stage2,Scenario9,bus_gen,25:29,0.76
Stage2,Scenario9,bus_gen,3:115,0.268
Stage2,Scenario9,bus_gen,30:30,0.21999999999999884
Stage2,Scenario9,bus_gen,30:31,0.21999999999999884
Stage2,Scenario9,bus_gen,35:116,2.0
Stage2,Scenario9,bus_gen,36:152,0.132
Stage2,Scenario9,bus_gen,36:32,3.136
Stage2,Scenario9,bus_gen,36:33,0.21999999999999884
Stage2,Scenario9,bus_gen,36:34,0.21999999999999884
Stage2,Scenario9,bus_gen,37:81,0.0
Stage2,Scenario9,bus_gen,38:111,1.251
Stage2,Scenario9,bus_gen,38:35,0.55
Stage2,Scenario9,bus_gen,38:36,0.55
Stage2,Scenario9,bus_gen,38:82,0.5
Stage2,Scenario9,bus_gen,38:83,0.5
Stage2,Scenario9,bus_gen,38:84,0.5
Stage2,Scenario9,bus_gen,39:37,1.2500000000000002
Stage2,Scenario9,bus_gen,41:38,2.9160000000000004
Stage2,Scenario9,bus_gen,44:39,2.1139999999999985
Stage2,Scenario9,bus_gen,45:85,0.5
Stage2,Scenario9,bus_gen,45:86,0.5
Stage2,Scenario9,bus_gen,45:87,0.5
Stage2,Scenario9,bus_gen,45:88,0.5
Stage2,Scenario9,bus_gen,45:89,0.5
Stage2,Scenario9,bus_gen,45:90,0.5
Stage2,Scenario9,bus_gen,46:40,0.6199999999999983
Stage2,Scenario9,bus_gen,46:41,0.6199999999999983
Stage2,Scenario9,bus_gen,46:42,1.3999999999999986
Stage2,Scenario9,bus_gen,46:43,0.55
Stage2,Scenario9,bus_gen,46:44,0.55
Stage2,Scenario9,bus_gen,46:45,0.55
Stage2,Scenario9,bus_gen,48:46,0.0799999999999983
Stage2,Scenario9,bus_gen,48:47,0.0799999999999983
Stage2,Scenario9,bus_gen,48:48,0.21999999999999884
Stage2,Scenario9,bus_gen,48:49,0.21999999999999884
Stage2,Scenario9,bus_gen,49:50,0.2
Stage2,Scenario9,bus_gen,49:51,0.2
Stage2,Scenario9,bus_gen,49:52,0.55
Stage2,Scenario9,bus_gen,49:53,0.55
Stage2,Scenario9,bus_gen,50:155,0.0
Stage2,Scenario9,bus_gen,54:54,0.21999999999999884
Stage2,Scenario9,bus_gen,54:55,0.21999999999999884
Stage2,Scenario9,bus_gen,55:122,0.0
Stage2,Scenario9,bus_gen,56:153,1.483
Stage2,Scenario9,bus_gen,57:103,0.0
Stage2,Scenario9,bus_gen,57:106,0.0
Stage2,Scenario9,bus_gen,59:105,0.941
Stage2,Scenario9,bus_gen,6:8,3.136
Stage2,Scenario9,bus_gen,60:102,0.9329999999999999
Stage2,Scenario9,bus_gen,60:123,1.0170000000000001
Stage2,Scenario9,bus_gen,60:124,0.631
Stage2,Scenario9,bus_gen,60:125,0.654
Stage2,Scenario9,bus_gen,60:126,0.6699999999999987
Stage2,Scenario9,bus_gen,60:127,0.648
Stage2,Scenario9,bus_gen,60:128,0.638
Stage2,Scenario9,bus_gen,60:129,0.6409999999999999
Stage2,Scenario9,bus_gen,60:130,0.6659999999999999
Stage2,Scenario9,bus_gen,60:131,0.624
Stage2,Scenario9,bus_gen,60:132,0.669
Stage2,Scenario9,bus_gen,60:133,0.652
Stage2,Scenario9,bus_gen,60:134,0.278
Stage2,Scenario9,bus_gen,60:138,0.272
Stage2,Scenario9,bus_gen,60:157,0.5
Stage2,Scenario9,bus_gen,60:56,1.6999999999999984
Stage2,Scenario9,bus_gen,60:99,0.951
Stage2,Scenario9,bus_gen,61:100,0.0
Stage2,Scenario9,bus_gen,61:101,0.0
Stage2,Scenario9,bus_gen,61:91,0.0
Stage2,Scenario9,bus_gen,61:97,0.0
Stage2,Scenario9,bus_gen,61:98,0.0
Stage2,Scenario9,bus_gen,62:57,0.04999999999999894
Stage2,Scenario9,bus_gen,62:58,0.04999999999999894
Stage2,Scenario9,bus_gen,62:59,0.04999999999999894
Stage2,Scenario9,bus_gen,62:60,0.04999999999999894
Stage2,Scenario9,bus_gen,62:61,0.04999999999999894
Stage2,Scenario9,bus_gen,62:62,0.55
Stage2,Scenario9,bus_gen,62:63,0.55
Stage2,Scenario9,bus_gen,62:64,0.55
Stage2,Scenario9,bus_gen,63:65,1.2500000000000002
Stage2,Scenario9,bus_gen,64:154,0.0
Stage2,Scenario9,bus_gen,65:66,2.9160000000000004
Stage2,Scenario9,bus_gen,66:110,0.0
Stage2,Scenario9,bus_gen,67:135,0.0
Stage2,Scenario9,bus_gen,67:136,0.0
Stage2,Scenario9,bus_gen,67:137,0.0
Stage2,Scenario9,bus_gen,67:139,0.0
Stage2,Scenario9,bus_gen,67:140,0.0
Stage2,Scenario9,bus_gen,67:147,0.0
Stage2,Scenario9,bus_gen,67:96,0.0
Stage2,Scenario9,bus_gen,68:67,1.6999999999999984
Stage2,Scenario9,bus_gen,69:68,0.21999999999999884
Stage2,Scenario9,bus_gen,69:69,0.21999999999999884
Stage2,Scenario9,bus_gen,69:92,0.0
Stage2,Scenario9,bus_gen,69:93,0.0
Stage2,Scenario9,bus_gen,69:94,0.0
Stage2,Scenario9,bus_gen,69:95,0.0
Stage2,Scenario9,bus_gen,70:70,1.9069999999999987
Stage2,Scenario9,bus_gen,70:71,1.9069999999999987
Stage2,Scenario9,bus_gen,71:104,0.0
Stage2,Scenario9,bus_gen,71:107,0.0
Stage2,Scenario9,bus_gen,71:108,0.0
Stage2,Scenario9,cvar,None,27.453684210526298
Stage2,Scenario9,gen_curtailment,0:0,0.0
Stage2,Scenario9,gen_curtailment,0:1,0.0
Stage2,Scenario9,gen_curtailment,0:113,0.0
Stage2,Scenario9,gen_curtailment,0:117,0.0
Stage2,Scenario9,gen_curtailment,0:118,0.0
Stage2,Scenario9,gen_curtailment,0:119,0.0
Stage2,Scenario9,gen_curtailment,0:2,0.0
Stage2,Scenario9,gen_curtailment,0:3,0.0
Stage2,Scenario9,gen_curtailment,1:112,0.0
Stage2,Scenario9,gen_curtailment,1:114,0.0
Stage2,Scenario9,gen_curtailment,1:4,0.0
Stage2,Scenario9,gen_curtailment,1:5,0.0
Stage2,Scenario9,gen_curtailment,1:6,0.0
Stage2,Scenario9,gen_curtailment,1:7,0.0
Stage2,Scenario9,gen_curtailment,12:10,0.0
Stage2,Scenario9,gen_curtailment,12:109,0.0
Stage2,Scenario9,gen_curtailment,12:11,0.0
Stage2,Scenario9,gen_curtailment,12:12,0.0
Stage2,Scenario9,gen_curtailment,12:9,0.0
Stage2,Scenario9,gen_curtailment,13:72,0.0
Stage2,Scenario9,gen_curtailment,14:13,0.0
Stage2,Scenario9,gen_curtailment,14:14,0.0
Stage2,Scenario9,gen_curtailment,14:15,0.0
Stage2,Scenario9,gen_curtailment,15:16,0.0
Stage2,Scenario9,gen_curtailment,17:141,0.0
Stage2,Scenario9,gen_curtailment,17:142,0.0
Stage2,Scenario9,gen_curtailment,17:143,0.0
Stage2,Scenario9,gen_curtailment,17:144,0.0
Stage2,Scenario9,gen_curtailment,17:145,0.0
Stage2,Scenario9,gen_curtailment,17:146,0.0
Stage2,Scenario9,gen_curtailment,17:148,0.0
Stage2,Scenario9,gen_curtailment,17:149,0.0
Stage2,Scenario9,gen_curtailment,17:150,0.0
Stage2,Scenario9,gen_curtailment,17:151,0.0
Stage2,Scenario9,gen_curtailment,17:17,0.0
Stage2,Scenario9,gen_curtailment,18:121,0.0
Stage2,Scenario9,gen_curtailment,2:120,0.0
Stage2,Scenario9,gen_curtailment,20:73,0.0
Stage2,Scenario9,gen_curtailment,21:156,0.0
Stage2,Scenario9,gen_curtailment,21:74,0.0
Stage2,Scenario9,gen_curtailment,21:75,0.0
Stage2,Scenario9,gen_curtailment,21:76,0.0
Stage2,Scenario9,gen_curtailment,21:77,0.0
Stage2,Scenario9,gen_curtailment,21:78,0.0
Stage2,Scenario9,gen_curtailment,21:79,0.0
Stage2,Scenario9,gen_curtailment,22:18,0.0
Stage2,Scenario9,gen_curtailment,22:19,0.0
Stage2,Scenario9,gen_curtailment,22:20,0.0
Stage2,Scenario9,gen_curtailment,22:21,0.0
Stage2,Scenario9,gen_curtailment,22:22,0.0
Stage2,Scenario9,gen_curtailment,24:23,0.0
Stage2,Scenario9,gen_curtailment,24:24,0.0
Stage2,Scenario9,gen_curtailment,24:25,0.0
Stage2,Scenario9,gen_curtailment,24:80,0.0
Stage2,Scenario9,gen_curtailment,25:26,0.0
Stage2,Scenario9,gen_curtailment,25:27,0.0
Stage2,Scenario9,gen_curtailment,25:28,0.0
Stage2,Scenario9,gen_curtailment,25:29,0.0
Stage2,Scenario9,gen_curtailment,3:115,0.0
Stage2,Scenario9,gen_curtailment,30:30,0.0
Stage2,Scenario9,gen_curtailment,30:31,0.0
Stage2,Scenario9,gen_curtailment,35:116,0.0
Stage2,Scenario9,gen_curtailment,36:152,0.0
Stage2,Scenario9,gen_curtailment,36:32,0.0
Stage2,Scenario9,gen_curtailment,36:33,0.0
Stage2,Scenario9,gen_curtailment,36:34,0.0
Stage2,Scenario9,gen_curtailment,37:81,0.0
Stage2,Scenario9,gen_curtailment,38:111,0.0
Stage2,Scenario9,gen_curtailment,38:35,0.0
Stage2,Scenario9,gen_curtailment,38:36,0.0
Stage2,Scenario9,gen_curtailment,38:82,0.0
Stage2,Scenario9,gen_curtailment,38:83,0.0
Stage2,Scenario9,gen_curtailment,38:84,0.0
Stage2,Scenario9,gen_curtailment,39:37,0.0
Stage2,Scenario9,gen_curtailment,41:38,0.0
Stage2,Scenario9,gen_curtailment,44:39,0.0
Stage2,Scenario9,gen_curtailment,45:85,0.0
Stage2,Scenario9,gen_curtailment,45:86,0.0
Stage2,Scenario9,gen_curtailment,45:87,0.0
Stage2,Scenario9,gen_curtailment,45:88,0.0
Stage2,Scenario9,gen_curtailment,45:89,0.0
Stage2,Scenario9,gen_curtailment,45:90,0.0
Stage2,Scenario9,gen_curtailment,46:40,0.0
Stage2,Scenario9,gen_curtailment,46:41,0.0
Stage2,Scenario9,gen_curtailment,46:42,0.0
Stage2,Scenario9,gen_curtailment,46:43,0.0
Stage2,Scenario9,gen_curtailment,46:44,0.0
Stage2,Scenario9,gen_curtailment,46:45,0.0
Stage2,Scenario9,gen_curtailment,48:46,0.0
Stage2,Scenario9,gen_curtailment,48:47,0.0
Stage2,Scenario9,gen_curtailment,48:48,0.0
Stage2,Scenario9,gen_curtailment,48:49,0.0
Stage2,Scenario9,gen_curtailment,49:50,0.0
Stage2,Scenario9,gen_curtailment,49:51,0.0
Stage2,Scenario9,gen_curtailment,49:52,0.0
Stage2,Scenario9,gen_curtailment,49:53,0.0
Stage2,Scenario9,gen_curtailment,50:155,0.0
Stage2,Scenario9,gen_curtailment,54:54,0.0
Stage2,Scenario9,gen_curtailment,54:55,0.0
Stage2,Scenario9,gen_curtailment,55:122,0.0
Stage2,Scenario9,gen_curtailment,56:153,0.0
Stage2,Scenario9,gen_curtailment,57:103,0.0
Stage2,Scenario9,gen_curtailment,57:106,0.0
Stage2,Scenario9,gen_curtailment,59:105,0.0
Stage2,Scenario9,gen_curtailment,6:8,0.0
Stage2,Scenario9,gen_curtailment,60:102,0.0
Stage2,Scenario9,gen_curtailment,60:123,0.0
Stage2,Scenario9,gen_curtailment,60:124,0.0
Stage2,Scenario9,gen_curtailment,60:125,0.0
Stage2,Scenario9,gen_curtailment,60:126,0.0
Stage2,Scenario9,gen_curtailment,60:127,0.0
Stage2,Scenario9,gen_curtailment,60:128,0.0
Stage2,Scenario9,gen_curtailment,60:129,0.0
Stage2,Scenario9,gen_curtailment,60:130,0.0
Stage2,Scenario9,gen_curtailment,60:131,0.0
Stage2,Scenario9,gen_curtailment,60:132,0.0
Stage2,Scenario9,gen_curtailment,60:133,0.0
Stage2,Scenario9,gen_curtailment,60:134,0.0
Stage2,Scenario9,gen_curtailment,60:138,0.0
Stage2,Scenario9,gen_curtailment,60:157,0.0
Stage2,Scenario9,gen_curtailment,60:56,0.0
Stage2,Scenario9,gen_curtailment,60:99,0.0
Stage2,Scenario9,gen_curtailment,61:100,0.0
Stage2,Scenario9,gen_curtailment,61:101,0.0
Stage2,Scenario9,gen_curtailment,61:91,0.0
Stage2,Scenario9,gen_curtailment,61:97,0.0
Stage2,Scenario9,gen_curtailment,61:98,0.0
Stage2,Scenario9,gen_curtailment,62:57,0.0
Stage2,Scenario9,gen_curtailment,62:58,0.0
Stage2,Scenario9,gen_curtailment,62:59,0.0
Stage2,Scenario9,gen_curtailment,62:60,0.0
Stage2,Scenario9,gen_curtailment,62:61,0.0
Stage2,Scenario9,gen_curtailment,62:62,0.0
Stage2,Scenario9,gen_curtailment,62:63,0.0
Stage2,Scenario9,gen_curtailment,62:64,0.0
Stage2,Scenario9,gen_curtailment,63:65,0.0
Stage2,Scenario9,gen_curtailment,64:154,0.0
Stage2,Scenario9,gen_curtailment,65:66,0.0
Stage2,Scenario9,gen_curtailment,66:110,0.0
Stage2,Scenario9,gen_curtailment,67:135,0.0
Stage2,Scenario9,gen_curtailment,67:136,0.0
Stage2,Scenario9,gen_curtailment,67:137,0.0
Stage2,Scenario9,gen_curtailment,67:139,0.0
Stage2,Scenario9,gen_curtailment,67:140,0.0
Stage2,Scenario9,gen_curtailment,67:147,0.0
Stage2,Scenario9,gen_curtailment,67:96,0.0
Stage2,Scenario9,gen_curtailment,68:67,0.0
Stage2,Scenario9,gen_curtailment,69:68,0.0
Stage2,Scenario9,gen_curtailment,69:69,0.0
Stage2,Scenario9,gen_curtailment,69:92,0.0
Stage2,Scenario9,gen_curtailment,69:93,0.0
Stage2,Scenario9,gen_curtailment,69:94,0.0
Stage2,Scenario9,gen_curtailment,69:95,0.0
Stage2,Scenario9,gen_curtailment,70:70,0.0
Stage2,Scenario9,gen_curtailment,70:71,0.0
Stage2,Scenario9,gen_curtailment,71:104,0.0
Stage2,Scenario9,gen_curtailment,71:107,0.0
Stage2,Scenario9,gen_curtailment,71:108,0.0
Stage2,Scenario9,load_shed,0,0.0
Stage2,Scenario9,load_shed,1,0.0
Stage2,Scenario9,load_shed,10,0.0
Stage2,Scenario9,load_shed,11,0.0
Stage2,Scenario9,load_shed,12,0.0
Stage2,Scenario9,load_shed,13,0.0
Stage2,Scenario9,load_shed,14,0.0
Stage2,Scenario9,load_shed,15,0.0
Stage2,Scenario9,load_shed,16,0.0
Stage2,Scenario9,load_shed,17,0.0
Stage2,Scenario9,load_shed,18,0.0
Stage2,Scenario9,load_shed,19,0.0
Stage2,Scenario9,load_shed,2,0.0
Stage2,Scenario9,load_shed,20,0.0
Stage2,Scenario9,load_shed,21,0.0
Stage2,Scenario9,load_shed,22,0.0
Stage2,Scenario9,load_shed,23,0.0
Stage2,Scenario9,load_shed,24,0.0
Stage2,Scenario9,load_shed,25,0.0
Stage2,Scenario9,load_shed,26,0.0
Stage2,Scenario9,load_shed,27,0.0
Stage2,Scenario9,load_shed,28,0.0
Stage2,Scenario9,load_shed,29,0.0
Stage2,Scenario9,load_shed,3,0.0
Stage2,Scenario9,load_shed,30,0.0
Stage2,Scenario9,load_shed,31,0.0
Stage2,Scenario9,load_shed,32,0.0
Stage2,Scenario9,load_shed,33,0.0
Stage2,Scenario9,load_shed,34,0.0
Stage2,Scenario9,load_shed,35,0.0
Stage2,Scenario9,load_shed,36,0.0
Stage2,Scenario9,load_shed,37,0.0
Stage2,Scenario9,load_shed,38,0.0
Stage2,Scenario9,load_shed,39,0.0
Stage2,Scenario9,load_shed,4,0.0
Stage2,Scenario9,load_shed,40,0.0
Stage2,Scenario9,load_shed,41,0.0
Stage2,Scenario9,load_shed,42,0.0
Stage2,Scenario9,load_shed,43,0.0
Stage2,Scenario9,load_shed,44,0.0
Stage2,Scenario9,load_shed,45,0.0
Stage2,Scenario9,load_shed,46,0.0
Stage2,Scenario9,load_shed,47,0.0
Stage2,Scenario9,load_shed,48,0.0
Stage2,Scenario9,load_shed,49,0.0
Stage2,Scenario9,load_shed,5,0.0
Stage2,Scenario9,load_shed,50,0.0
Stage2,Scenario9,load_shed,51,0.0
Stage2,Scenario9,load_shed,52,0.0
Stage2,Scenario9,load_shed,53,0.0
Stage2,Scenario9,load_shed,54,0.0
Stage2,Scenario9,load_shed,55,0.0
Stage2,Scenario9,load_shed,56,0.0
Stage2,Scenario9,load_shed,57,0.0
Stage2,Scenario9,load_shed,58,0.0
Stage2,Scenario9,load_shed,59,0.0
Stage2,Scenario9,load_shed,6,0.0
Stage2,Scenario9,load_shed,60,0.0
Stage2,Scenario9,load_shed,61,0.0
Stage2,Scenario9,load_shed,62,0.0
Stage2,Scenario9,load_shed,63,0.0
Stage2,Scenario9,load_shed,64,0.0
Stage2,Scenario9,load_shed,65,0.0
Stage2,Scenario9,load_shed,66,0.0
Stage2,Scenario9,load_shed,67,0.0
Stage2,Scenario9,load_shed,68,0.0
Stage2,Scenario9,load_shed,69,0.0
Stage2,Scenario9,load_shed,7,0.0
Stage2,Scenario9,load_shed,70,0.0
Stage2,Scenario9,load_shed,71,0.0
Stage2,Scenario9,load_shed,72,0.0
Stage2,Scenario9,load_shed,8,0.0
Stage2,Scenario9,load_shed,9,0.0
Stage2,Scenario9,load_shed_value,None,0.0
Stage2,Scenario9,nu,None,0.0
Stage2,Scenario9,theta,0,-0.217822936908717
Stage2,Scenario9,theta,1,-0.2205981151916316
Stage2,Scenario9,theta,10,-0.06133354416589063
Stage2,Scenario9,theta,11,-0.05933216068389484
Stage2,Scenario9,theta,12,0.0
Stage2,Scenario9,theta,13,0.037038039296234594
Stage2,Scenario9,theta,14,0.3375761317733151
Stage2,Scenario9,theta,15,0.28968669225493426
Stage2,Scenario9,theta,16,0.39966883786308294
Stage2,Scenario9,theta,17,0.4218108372213397
Stage2,Scenario9,theta,18,0.220343352422748
Stage2,Scenario9,theta,19,0.18292479604693387
Stage2,Scenario9,theta,2,-0.35323703564479025
Stage2,Scenario9,theta,20,0.4477532651968639
Stage2,Scenario9,theta,21,0.677762507632142
Stage2,Scenario9,theta,22,0.1764245900402361
Stage2,Scenario9,theta,23,-0.35323703564479025
Stage2,Scenario9,theta,24,-0.389401016846034
Stage2,Scenario9,theta,25,-0.38464794055810975
Stage2,Scenario9,theta,26,-0.29211766270843054
Stage2,Scenario9,theta,27,-0.41125492906019484
Stage2,Scenario9,theta,28,-0.4268489568080073
Stage2,Scenario9,theta,29,-0.4616381558008825
Stage2,Scenario9,theta,3,-0.2447324612571938
Stage2,Scenario9,theta,30,-0.6369209589310187
Stage2,Scenario9,theta,31,-0.5875109589310186
Stage2,Scenario9,theta,32,-0.35608332909339835
Stage2,Scenario9,theta,33,-0.4031385887686385
Stage2,Scenario9,theta,34,-0.2524983823677346
Stage2,Scenario9,theta,35,-0.18751431722737302
Stage2,Scenario9,theta,36,-0.1552287044420675
Stage2,Scenario9,theta,37,-0.21311839760445112
Stage2,Scenario9,theta,38,0.013704999519362672
Stage2,Scenario9,theta,39,-0.043338895198886146
Stage2,Scenario9,theta,4,-0.2806208933941654
Stage2,Scenario9,theta,40,0.16143389192735905
Stage2,Scenario9,theta,41,0.14432394443888688
Stage2,Scenario9,theta,42,-0.060080699478136164
Stage2,Scenario9,theta,43,-0.038438790155744834
Stage2,Scenario9,theta,44,0.1338181360567341
Stage2,Scenario9,theta,45,0.268487912930737
Stage2,Scenario9,theta,46,-0.01245574002842963
Stage2,Scenario9,theta,47,-0.10215379718648934
Stage2,Scenario9,theta,48,-0.032868279353532336
Stage2,Scenario9,theta,49,-0.027120755124269588
Stage2,Scenario9,theta,5,-0.2816911326417759
Stage2,Scenario9,theta,50,-0.029892034605259327
Stage2,Scenario9,theta,51,-0.03393422261849113
Stage2,Scenario9,theta,52,-0.028162923328573234
Stage2,Scenario9,theta,53,-0.0397568904275259
Stage2,Scenario9,theta,54,-0.21899262548460136
Stage2,Scenario9,theta,55,-0.1695826254846012
Stage2,Scenario9,theta,56,0.03744624494529592
Stage2,Scenario9,theta,57,0.03918850408550204
Stage2,Scenario9,theta,58,0.25066101483096803
Stage2,Scenario9,theta,59,0.2774474447925679
Stage2,Scenario9,theta,6,-0.20026211119056317
Stage2,Scenario9,theta,60,0.4619674240584367
Stage2,Scenario9,theta,61,0.16994155737046296
Stage2,Scenario9,theta,62,0.14144104875766084
Stage2,Scenario9,theta,63,0.17100993855689628
Stage2,Scenario9,theta,64,0.15616958851879387
Stage2,Scenario9,theta,65,0.14540498872064636
Stage2,Scenario9,theta,66,0.21880939664673793
Stage2,Scenario9,theta,67,0.2965741428118176
Stage2,Scenario9,theta,68,0.16052388000171533
Stage2,Scenario9,theta,69,0.17697190415871722
Stage2,Scenario9,theta,7,-0.28050569726143326
Stage2,Scenario9,theta,70,0.3534247532026114
Stage2,Scenario9,theta,71,0.07653269719950953
Stage2,Scenario9,theta,72,0.36143377780589697
Stage2,Scenario9,theta,8,-0.21540802024001643
Stage2,Scenario9,theta,9,-0.2181408933941654
Stage2,Scenario9,xij,0,1.0
Stage2,Scenario9,xij,1,1.0
Stage2,Scenario9,xij,10,1.0
Stage2,Scenario9,xij,100,1.0
Stage2,Scenario9,xij,101,1.0
Stage2,Scenario9,xij,102,1.0
Stage2,Scenario9,xij,103,1.0
Stage2,Scenario9,xij,104,1.0
Stage2,Scenario9,xij,105,1.0
Stage2,Scenario9,xij,106,1.0
Stage2,Scenario9,xij,107,1.0
Stage2,Scenario9,xij,108,1.0
Stage2,Scenario9,xij,109,1.0
Stage2,Scenario9,xij,11,1.0
Stage2,Scenario9,xij,110,1.0
Stage2,Scenario9,xij,111,1.0
Stage2,Scenario9,xij,112,1.0
Stage2,Scenario9,xij,113,1.0
Stage2,Scenario9,xij,114,1.0
Stage2,Scenario9,xij,115,1.0
Stage2,Scenario9,xij,116,1.0
Stage2,Scenario9,xij,117,1.0
Stage2,Scenario9,xij,118,1.0
Stage2,Scenario9,xij,119,1.0
Stage2,Scenario9,xij,12,1.0
Stage2,Scenario9,xij,13,0.0
Stage2,Scenario9,xij,14,1.0
Stage2,Scenario9,xij,15,1.0
Stage2,Scenario9,xij,16,1.0
Stage2,Scenario9,xij,17,1.0
Stage2,Scenario9,xij,18,1.0
Stage2,Scenario9,xij,19,1.0
Stage2,Scenario9,xij,2,0.0
Stage2,Scenario9,xij,20,1.0
Stage2,Scenario9,xij,21,1.0
Stage2,Scenario9,xij,22,1.0
Stage2,Scenario9,xij,23,0.0
Stage2,Scenario9,xij,24,1.0
Stage2,Scenario9,xij,25,1.0
Stage2,Scenario9,xij,26,1.0
Stage2,Scenario9,xij,27,1.0
Stage2,Scenario9,xij,28,0.0
Stage2,Scenario9,xij,29,1.0
Stage2,Scenario9,xij,3,1.0
Stage2,Scenario9,xij,30,1.0
Stage2,Scenario9,xij,31,1.0
Stage2,Scenario9,xij,32,1.0
Stage2,Scenario9,xij,33,1.0
Stage2,Scenario9,xij,34,1.0
Stage2,Scenario9,xij,35,1.0
Stage2,Scenario9,xij,36,1.0
Stage2,Scenario9,xij,37,1.0
Stage2,Scenario9,xij,38,1.0
Stage2,Scenario9,xij,39,1.0
Stage2,Scenario9,xij,4,1.0
Stage2,Scenario9,xij,40,1.0
Stage2,Scenario9,xij,41,1.0
Stage2,Scenario9,xij,42,1.0
Stage2,Scenario9,xij,43,1.0
Stage2,Scenario9,xij,44,1.0
Stage2,Scenario9,xij,45,1.0
Stage2,Scenario9,xij,46,1.0
Stage2,Scenario9,xij,47,1.0
Stage2,Scenario9,xij,48,1.0
Stage2,Scenario9,xij,49,1.0
Stage2,Scenario9,xij,5,1.0
Stage2,Scenario9,xij,50,1.0
Stage2,Scenario9,xij,51,1.0
Stage2,Scenario9,xij,52,1.0
Stage2,Scenario9,xij,53,1.0
Stage2,Scenario9,xij,54,1.0
Stage2,Scenario9,xij,55,1.0
Stage2,Scenario9,xij,56,1.0
Stage2,Scenario9,xij,57,1.0
Stage2,Scenario9,xij,58,1.0
Stage2,Scenario9,xij,59,1.0
Stage2,Scenario9,xij,6,1.0
Stage2,Scenario9,xij,60,1.0
Stage2,Scenario9,xij,61,1.0
Stage2,Scenario9,xij,62,1.0
Stage2,Scenario9,xij,63,1.0
Stage2,Scenario9,xij,64,1.0
Stage2,Scenario9,xij,65,1.0
Stage2,Scenario9,xij,66,1.0
Stage2,Scenario9,xij,67,1.0
Stage2,Scenario9,xij,68,0.0
Stage2,Scenario9,xij,69,1.0
Stage2,Scenario9,xij,7,1.0
Stage2,Scenario9,xij,70,1.0
Stage2,Scenario9,xij,71,1.0
Stage2,Scenario9,xij,72,1.0
Stage2,Scenario9,xij,73,1.0
Stage2,Scenario9,xij,74,1.0
Stage2,Scenario9,xij,75,1.0
Stage2,Scenario9,xij,76,1.0
Stage2,Scenario9,xij,77,1.0
Stage2,Scenario9,xij,78,1.0
Stage2,Scenario9,xij,79,1.0
Stage2,Scenario9,xij,8,1.0
Stage2,Scenario9,xij,80,1.0
Stage2,Scenario9,xij,81,1.0
Stage2,Scenario9,xij,82,1.0
Stage2,Scenario9,xij,83,1.0
Stage2,Scenario9,xij,84,1.0
Stage2,Scenario9,xij,85,1.0
Stage2,Scenario9,xij,86,1.0
Stage2,Scenario9,xij,87,1.0
Stage2,Scenario9,xij,88,1.0
Stage2,Scenario9,xij,89,1.0
Stage2,Scenario9,xij,9,1.0
Stage2,Scenario9,xij,90,1.0
Stage2,Scenario9,xij,91,1.0
Stage2,Scenario9,xij,92,0.0
Stage2,Scenario9,xij,93,1.0
Stage2,Scenario9,xij,94,1.0
Stage2,Scenario9,xij,95,1.0
Stage2,Scenario9,xij,96,1.0
Stage2,Scenario9,xij,97,1.0
Stage2,Scenario9,xij,98,1.0
Stage2,Scenario9,xij,99,1.0
